0.5000000000000001
0.4816922905647486
0.4631718793741754
0.4444469445204908
0.4255257544077983
0.4064166641009981
0.3871281116364272
0.3676686142958587
0.348046764845511
0.3282712277417239
0.3083507353049785
0.2882940838639497
0.2681101298712963
0.2478077859928999
0.2273960171722832
0.2068838366719422
0.1862803020933446
0.1655945113773473
0.1448355987868013
0.1240127308731196
0.1031351024285851
0.08221193242618988
0.0612524599487958
0.04026594010941524
0.01926163996441507
-0.001751165578556319
-0.02276319785610554
-0.04376517854629167
-0.06474783376567184
-0.08570189816438699
-0.1066181190174794
-0.1274872603106365
-0.1483001068185531
-0.1690474681741172
-0.1897201829266161
-0.2103091225871757
-0.2308051956596443
-0.2511993516551408
-0.2714825850884971
-0.2916459394548247
-0.3116805111844576
-0.331577453574516
-0.3513279806953621
-0.3709233712702195
-0.390354972526243
-0.4096142040153398
-0.4286925614030539
-0.4475816202238408
-0.4662730396010737
-0.4847585659301406
-0.5030300365230034
-0.521079383212611
-0.5388986359155755
-0.5564799261515354
-0.573815490517656
-0.5908976741167291
-0.6077189339373611
-0.6242718421847526
-0.640549089560605
-0.6565434884906999
-0.6722479762987312
-0.687655618324982
-0.7027596109884763
-0.7175532847912486
-0.7320301072634064
-0.7461836858476855
-0.7600077707222223
-0.7734962575603
-0.7866431902258477
-0.7994427634035013
-0.8118893251620679
-0.8239773794502606
-0.8357015885235981
-0.8470567753014034
-0.8580379256528571
-0.868640190611096
-0.8788588885143807
-0.8886895070733848
-0.898127705363696
-0.9071693157426456
-0.9158103456896217
-0.9240469795690548
-0.9318755803152945
-0.9392926910386352
-0.9462950365517817
-0.9528795248160795
-0.959043248306872
-0.9647834852973817
-0.9700977010605477
-0.9749835489882902
-0.9794388716277067
-0.983461701633742
-0.9870502626379128
-0.9902029700327017
-0.9929184316712756
-0.9951954484822181
-0.9970330149990062
-0.9984303198039957
-0.9993867458867205
-0.9999018709163469
-0.9999754674281631
-0.9996075029240216
-0.9987981398866885
-0.9975477357080968
-0.9958568425315313
-0.9937262070078182
-0.9911567699656251
-0.9881496659960169
-0.9847062229514535
-0.9808279613594463
-0.9765165937511369
-0.971774023905091
-0.9666023460066441
-0.9610038437231673
-0.9549809891956648
-0.9485364419471455
-0.9416730477082531
-0.9343938371606714
-0.9267020245988592
-0.9186010065107111
-0.9100943600777617
-0.9011858415956038
-0.8918793848152142
-0.8821790992059196
-0.872089268140771
-0.8616143470051264
-0.8507589612292782
-0.8395279042459934
-0.8279261353738688
-0.815958777627435
-0.8036311154549781
-0.7909485924050755
-0.7779168087228792
-0.7645415188772021
-0.7508286290195112
-0.7367841943759339
-0.7224144165734417
-0.7077256409013867
-0.6927243535095996
-0.6774171785442891
-0.6618108752230054
-0.6459123348499598
-0.6297285777730188
-0.6132667502837162
-0.5965341214616521
-0.5795380799646714
-0.5622861307662412
-0.544785891841466
-0.5270450908032017
-0.5090715614897636
-0.490873240505721
-0.4724581637173167
-0.4538344627040551
-0.4350103611680251
-0.4159941713025446
-0.3967942901217308
-0.3774191957526145
-0.3578774436914379
-0.3381776630257883
-0.3183285526242364
-0.2983388772951601
-0.2782174639164524
-0.2579731975378214
-0.2376150174573988
-0.2171519132744027
-0.1965929209195805
-0.1759471186651969
-0.1552236231163242
-0.1344315851852067
-0.113580186050475
-0.09267863310299621
-0.0717361558801491
-0.05076200199032053
-0.02976543302942173
-0.00875572049122827
0.01225785832665052
0.03326602441936506
0.05425950117217194
0.07522901845672937
0.09616531672451961
0.1170591510956085
0.1379012954409231
0.158682546456251
0.1793937277261597
0.2000256937760442
0.2205693341105103
0.2410155772363134
0.2613553946680743
0.2815798049150045
0.3016798774468792
0.3216467366375086
0.3414715656839633
0.3611456104998296
0.3806601835807631
0.400006667840649
0.4191765204166637
0.4381612764415631
0.4569525527815293
0.4755420517379265
0.4939215647113315
0.5120829758262194
0.5300182655147068
0.5477195140577659
0.5651789050823508
0.5823887290128862
0.5993413864756021
0.6160293916541991
0.6324453755953767
0.6485820894627555
0.6644324077377586
0.6799893313660403
0.6952459908480718
0.7101956492725183
0.7248317052910696
0.7391476960334097
0.7531372999610384
0.7667943396586846
0.7801127845620792
0.7930867536208825
0.8057105178955897
0.8179785030872715
0.8298852919990247
0.8414256269280557
0.8525944119873334
0.8633867153557899
0.8737977714560734
0.8838229830588931
0.8934579233130264
0.9026983377000919
0.9115401459132244
0.9199794436588241
0.9280125043805825
0.9356357809050247
0.9428459070078415
0.9496396989003191
0.9560141566352112
0.9619664654314301
0.9674939969169758
0.9725943102895507
0.9772651533943491
0.9815044637185454
0.9853103693020421
0.9886811895640739
0.9916154360453058
0.994111813065094
0.9961692182936224
0.9977867432386605
0.9989636736467276
0.9996994898184876
0.999993866838233
0.999846674717359
0.9992579784517626
0.9982280379931421
0.99675730813421
0.9948464383078695
0.9924962723004425
0.989707847879078
0.9864823963335032
0.9828213419323205
0.9787263012940906
0.9741990826734791
0.9692416851627825
0.9638562978091851
0.9580452986481376
0.9518112536532831
0.9451569156033957
0.9380852228668308
0.9305992981040249
0.9227024468886157
0.9143981562477946
0.9056900931225332
0.8965821027483657
0.8870782069574409
0.8771826024025944
0.8668996587042251
0.8562339165207935
0.8451900855437948
0.8337730424180921
0.8219878285885267
0.809839648073759
0.7973338651683179
0.784476002073883
0.7712717364608331
0.7577268989611476
0.7438474705937639
0.7296395801235268
0.7151095013548997
0.7002636503616284
0.6851085826535839
0.6696509902820332
0.6538976988846188
0.6378556646713486
0.6215319713529294
0.6049338270127997
0.5880685609242443
0.5709436203139898
0.5535665670737234
0.5359450744209723
0.5180869235108265
0.5000000000000006
