0.5
0.44435
0.38693
0.32797
0.2677
0.20637
0.14421
0.081475
0.018417
-0.044715
-0.10767
-0.17019
-0.23204
-0.29296
-0.35271
-0.41106
-0.46777
-0.52261
-0.57537
-0.62584
-0.67381
-0.7191
-0.76152
-0.8009
-0.83709
-0.86995
-0.89933
-0.92513
-0.94725
-0.96558
-0.98007
-0.99065
-0.99729
-0.99994
-0.99862
-0.99331
-0.98404
-0.97084
-0.95378
-0.93292
-0.90834
-0.88013
-0.84842
-0.81333
-0.77499
-0.73356
-0.68921
-0.64212
-0.59246
-0.54044
-0.48627
-0.43015
-0.37233
-0.31302
-0.25246
-0.1909
-0.12857
-0.065731
-0.0026311
0.06048
0.12335
0.18573
0.24736
0.30802
0.36744
0.4254
0.48166
0.536
0.58821
0.63807
0.68539
0.72998
0.77165
0.81025
0.84562
0.87762
0.90612
0.93101
0.95219
0.96957
0.98309
0.99268
0.99833
0.99999
0.99766
0.99136
0.9811
0.96694
0.94892
0.92712
0.90162
0.87253
0.83996
0.80404
0.76492
0.72274
0.67769
0.62993
0.57967
0.52709
0.47241
0.41585
0.35763
0.29799
0.23715
0.17538
0.1129
0.049971
-0.013155
-0.076229
-0.139
-0.20122
-0.26263
-0.323
-0.38208
-0.43963
-0.49544
-0.54926
-0.6009
-0.65015
-0.6968
-0.74067
-0.7816
-0.8194
-0.85394
-0.88508
-0.91269
-0.93666
-0.95689
-0.97331
-0.98586
-0.99447
-0.99911
-0.99978
-0.99646
-0.98916
-0.97793
-0.96279
-0.94382
-0.92109
-0.89468
-0.86471
-0.83129
-0.79455
-0.75465
-0.71174
-0.666
-0.61759
-0.56673
-0.51361
-0.45844
-0.40144
-0.34284
-0.28288
-0.22179
-0.15981
-0.097199
-0.034198
0.028939
0.09196
0.15462
0.21665
0.27783
0.3379
0.39662
0.45376
0.50909
0.56239
0.61345
0.66206
0.70804
0.75119
0.79135
0.82835
0.86205
0.89232
0.91902
0.94207
0.96136
0.97682
0.98838
0.996
0.99965
0.99932
0.99501
0.98672
0.97451
0.95841
0.93849
0.91483
0.88752
0.85667
0.82241
0.78487
0.7442
0.70057
0.65414
0.6051
0.55365
0.5
