1.891500e+00,1.392400e+00,1.330200e+00,-5.810000e-01
1.573800e+00,1.202500e+00,2.822100e+00,6.429000e-01
2.187500e+00,4.782400e+00,1.969500e+00,-3.960000e-01
3.273300e+00,2.864900e+00,1.735700e+00,6.866000e-01
2.424100e+00,1.000000e+00,1.489500e+00,-3.230000e-01
2.911800e+00,2.286100e+00,3.818100e+00,1.209200e+00
2.826400e+00,3.506500e+00,3.618300e+00,2.490100e+00
3.341400e+00,4.372700e+00,3.179000e+00,1.975800e+00
1.002400e+00,2.332600e+00,2.603700e+00,8.930000e-01
1.277000e+00,4.190100e+00,2.292700e+00,-1.234000e-01
4.257500e+00,3.551200e+00,2.262900e+00,3.674000e-01
2.619000e+00,1.472100e+00,3.964000e+00,6.989000e-01
4.956300e+00,1.379500e+00,3.580800e+00,2.943000e-01
1.009300e+00,4.689400e+00,1.080800e+00,-1.953000e-01
3.042500e+00,2.551600e+00,3.076900e+00,1.439800e+00
4.959100e+00,1.794300e+00,2.675500e+00,-8.682000e-01
1.268100e+00,3.546000e+00,1.786600e+00,2.177000e-01
4.108400e+00,1.486800e+00,3.706600e+00,1.456700e+00
2.982300e+00,4.400900e+00,2.577200e+00,2.910000e-01
1.671600e+00,2.890600e+00,1.454100e+00,-5.896000e-01
4.873900e+00,1.667200e+00,1.115500e+00,-1.410000e-02
1.593700e+00,1.271800e+00,3.362300e+00,3.356000e-01
1.579100e+00,4.212800e+00,4.448700e+00,-3.582000e-01
2.047600e+00,1.000100e+00,2.785600e+00,2.327000e-01
2.703900e+00,2.608100e+00,1.263900e+00,4.684000e-01
1.315200e+00,3.485100e+00,3.707700e+00,6.392000e-01
3.456600e+00,4.706200e+00,2.194300e+00,-3.097000e-01
4.264600e+00,1.209200e+00,3.182000e+00,1.224000e+00
1.653300e+00,1.427000e+00,2.861300e+00,-1.751000e-01
2.131100e+00,4.157800e+00,4.031100e+00,3.824000e-01
2.593400e+00,2.662500e+00,1.129700e+00,8.953000e-01
2.895100e+00,1.039600e+00,1.215200e+00,8.077000e-01
1.898700e+00,1.786900e+00,1.105200e+00,-4.202000e-01
3.260100e+00,2.743600e+00,3.785100e+00,1.340600e+00
1.486100e+00,2.456500e+00,1.295400e+00,-3.056000e-01
1.087600e+00,2.151500e+00,4.824400e+00,-9.519000e-01
1.258600e+00,4.417600e+00,1.925200e+00,-7.874000e-01
2.260900e+00,2.916900e+00,1.663400e+00,-3.624000e-01
1.358000e+00,4.365000e+00,3.858200e+00,2.352000e-01
2.504100e+00,4.935700e+00,4.662900e+00,-3.853000e-01
2.588400e+00,4.409600e+00,2.926400e+00,9.803000e-01
2.540600e+00,3.907700e+00,4.523900e+00,1.779000e-01
1.284100e+00,1.541900e+00,1.618800e+00,-6.087000e-01
3.589300e+00,3.891000e+00,2.865800e+00,1.940800e+00
2.851600e+00,1.072200e+00,4.367200e+00,7.080000e-01
2.504900e+00,1.690900e+00,2.741000e+00,-2.100000e-01
1.037500e+00,2.751900e+00,4.214600e+00,7.441000e-01
3.815600e+00,2.744700e+00,3.965300e+00,1.160900e+00
2.642600e+00,4.276900e+00,2.064700e+00,-4.060000e-01
4.629000e+00,1.045500e+00,4.017200e+00,4.334000e-01
2.581600e+00,1.001400e+00,4.806500e+00,-1.065000e-01
1.825800e+00,2.834800e+00,1.449300e+00,-4.011000e-01
1.942900e+00,4.011600e+00,3.269300e+00,1.255900e+00
1.344700e+00,3.007600e+00,2.969400e+00,1.338600e+00
1.288700e+00,4.760800e+00,4.473700e+00,-7.506000e-01
4.744200e+00,2.413000e+00,4.702300e+00,-1.247200e+00
4.184800e+00,3.681200e+00,4.066200e+00,1.235700e+00
2.302400e+00,4.976400e+00,2.791800e+00,2.847000e-01
1.536900e+00,3.207200e+00,1.542200e+00,1.653000e-01
3.745100e+00,4.383100e+00,1.120400e+00,1.489900e+00
1.858800e+00,3.236400e+00,3.176200e+00,8.577000e-01
1.691100e+00,4.380400e+00,2.877800e+00,1.778000e-01
1.941400e+00,3.464000e+00,2.228900e+00,-8.617000e-01
1.232100e+00,1.126300e+00,3.960900e+00,7.623000e-01
3.856800e+00,1.859800e+00,4.466600e+00,-2.439000e-01
4.039400e+00,1.838700e+00,4.265900e+00,1.333000e-01
3.634000e+00,2.636600e+00,1.511200e+00,5.445000e-01
1.660900e+00,3.527700e+00,2.147300e+00,-5.670000e-01
1.629200e+00,1.502600e+00,1.049200e+00,-3.372000e-01
1.012200e+00,4.364700e+00,4.484900e+00,-4.161000e-01
4.402900e+00,3.278800e+00,2.546700e+00,3.948000e-01
4.620700e+00,3.173200e+00,1.039900e+00,4.882000e-01
4.869900e+00,2.261400e+00,2.396700e+00,-8.695000e-01
4.939800e+00,1.804700e+00,3.589000e+00,2.871000e-01
3.792700e+00,3.153700e+00,4.140900e+00,1.038900e+00
3.851300e+00,2.827100e+00,3.057000e+00,1.565300e+00
1.972000e+00,2.285700e+00,1.954900e+00,-1.044900e+00
4.907400e+00,1.034000e+00,4.869200e+00,-5.647000e-01
4.571300e+00,4.535300e+00,4.522800e+00,-1.592000e-01
2.766700e+00,3.067800e+00,4.591700e+00,4.510000e-02
4.756200e+00,3.797000e+00,3.126000e+00,1.274800e+00
4.173300e+00,1.656000e+00,4.478200e+00,-2.181000e-01
2.288300e+00,1.334600e+00,2.034700e+00,-1.086700e+00
2.962100e+00,3.213800e+00,1.829800e+00,3.512000e-01
3.754100e+00,2.730400e+00,1.211900e+00,8.280000e-01
3.193600e+00,4.274200e+00,1.954900e+00,1.695000e-01
3.320800e+00,4.462100e+00,2.686600e+00,1.045800e+00
4.636800e+00,1.602600e+00,3.792700e+00,4.528000e-01
2.461400e+00,4.620800e+00,1.056300e+00,3.010000e-02
2.691300e+00,1.954800e+00,3.626800e+00,9.135000e-01
2.035100e+00,2.518300e+00,3.947000e+00,5.670000e-02
4.427800e+00,4.588200e+00,1.440800e+00,-8.321000e-01
3.090100e+00,4.111600e+00,1.803400e+00,4.074000e-01
1.010500e+00,2.731700e+00,4.542400e+00,5.434000e-01
4.487000e+00,1.462300e+00,1.096400e+00,6.570000e-02
4.660100e+00,3.847800e+00,1.426400e+00,5.300000e-03
1.229900e+00,1.338100e+00,4.522400e+00,-2.386000e-01
2.297100e+00,4.829200e+00,4.037300e+00,3.631000e-01
3.122000e+00,4.159100e+00,3.986100e+00,7.616000e-01
1.268200e+00,2.327200e+00,4.319200e+00,-3.246000e-01
1.287200e+00,2.924400e+00,3.896500e+00,1.247000e+00
3.683700e+00,2.058900e+00,1.981600e+00,-5.270000e-01
1.617000e+00,3.454400e+00,1.386300e+00,-1.468000e-01
4.567600e+00,3.574200e+00,3.336300e+00,1.690700e+00
2.912800e+00,2.035400e+00,2.912700e+00,4.255000e-01
2.524800e+00,2.577100e+00,1.717100e+00,-3.947000e-01
2.395200e+00,4.332400e+00,4.007100e+00,4.833000e-01
4.028900e+00,1.439600e+00,1.548100e+00,-3.310000e-02
2.544200e+00,3.710800e+00,4.493400e+00,6.930000e-01
1.202100e+00,2.983900e+00,2.772400e+00,9.062000e-01
4.461700e+00,3.360800e+00,4.494000e+00,-1.134000e-01
1.912700e+00,4.529700e+00,4.924700e+00,-1.421700e+00
1.410600e+00,4.123700e+00,1.039500e+00,8.102000e-01
3.725000e+00,2.516900e+00,1.183400e+00,1.143600e+00
3.593700e+00,3.887600e+00,1.668400e+00,1.151600e+00
3.808400e+00,4.789900e+00,1.248500e+00,-7.860000e-02
1.327000e+00,2.502500e+00,4.709800e+00,-3.898000e-01
3.988400e+00,2.735700e+00,2.672400e+00,1.355100e+00
2.483300e+00,4.711300e+00,3.024600e+00,4.191000e-01
3.173900e+00,3.904400e+00,4.432100e+00,9.208000e-01
4.856900e+00,4.467200e+00,3.370400e+00,7.933000e-01
1.205500e+00,3.517400e+00,2.274800e+00,3.340000e-02
4.192700e+00,1.643000e+00,2.324800e+00,-5.644000e-01
2.621600e+00,4.061300e+00,3.701400e+00,1.334500e+00
3.526200e+00,4.200800e+00,4.451400e+00,7.302000e-01
3.649400e+00,4.804200e+00,1.694900e+00,-4.422000e-01
3.239500e+00,1.251200e+00,2.573400e+00,1.271400e+00
1.626600e+00,1.302100e+00,2.343900e+00,-1.276200e+00
2.602800e+00,2.132700e+00,3.854100e+00,7.339000e-01
1.726000e+00,1.757800e+00,3.771900e+00,4.300000e-01
3.900800e+00,3.238600e+00,4.690500e+00,9.514000e-01
1.206400e+00,1.150600e+00,3.709900e+00,1.049400e+00
2.137800e+00,3.460300e+00,2.463100e+00,1.345000e-01
4.246700e+00,4.668400e+00,3.150500e+00,9.762000e-01
1.320700e+00,2.791500e+00,3.139800e+00,7.021000e-01
4.866700e+00,4.597600e+00,1.597500e+00,-1.172900e+00
4.415200e+00,4.573900e+00,3.949800e+00,9.920000e-01
2.564600e+00,1.596600e+00,1.368000e+00,-4.589000e-01
3.779600e+00,1.280100e+00,4.384000e+00,5.059000e-01
2.079800e+00,2.152900e+00,1.082000e+00,-4.373000e-01
2.628700e+00,1.782900e+00,3.708900e+00,3.445000e-01
2.586000e+00,4.881400e+00,4.741800e+00,-1.105600e+00
1.395000e+00,2.837500e+00,3.053500e+00,9.469000e-01
1.147100e+00,1.292400e+00,2.062800e+00,-1.010600e+00
3.725800e+00,1.637700e+00,4.758600e+00,-3.096000e-01
1.740100e+00,1.587900e+00,3.264200e+00,5.850000e-01
1.548100e+00,4.204700e+00,1.569900e+00,-7.614000e-01
4.312800e+00,3.891800e+00,4.665400e+00,-2.990000e-01
2.632900e+00,1.523500e+00,2.088100e+00,-4.313000e-01
2.525100e+00,3.128700e+00,3.617600e+00,1.731800e+00
1.388200e+00,4.436500e+00,4.022900e+00,1.931000e-01
1.455500e+00,1.131500e+00,4.076000e+00,1.509000e-01
3.765900e+00,1.656500e+00,2.121600e+00,-3.444000e-01
2.465900e+00,4.124100e+00,1.187900e+00,1.993000e-01
4.108500e+00,3.670000e+00,1.631000e+00,7.481000e-01
4.051300e+00,2.196900e+00,1.702600e+00,-1.872000e-01
2.898700e+00,2.514500e+00,3.998600e+00,1.836000e+00
1.261100e+00,1.246300e+00,3.936800e+00,1.538000e-01
2.830700e+00,1.346700e+00,1.504600e+00,4.490000e-02
2.180400e+00,2.379500e+00,4.138100e+00,-4.417000e-01
1.430400e+00,4.580900e+00,3.817700e+00,6.942000e-01
4.927700e+00,3.186500e+00,4.492200e+00,1.838000e-01
1.458900e+00,3.732600e+00,2.041200e+00,-1.661000e-01
2.344500e+00,2.782000e+00,3.177100e+00,1.428500e+00
2.041500e+00,2.896000e+00,1.198300e+00,8.560000e-02
3.599900e+00,4.323200e+00,2.898600e+00,1.788900e+00
4.451500e+00,2.714200e+00,1.094300e+00,4.425000e-01
1.561300e+00,2.893800e+00,4.871800e+00,-1.102400e+00
2.016100e+00,2.702300e+00,3.732800e+00,8.825000e-01
3.246900e+00,2.037500e+00,3.993500e+00,7.743000e-01
3.799900e+00,2.456300e+00,1.276800e+00,7.688000e-01
3.946400e+00,1.479400e+00,4.957200e+00,-2.927000e-01
3.165400e+00,1.426500e+00,3.336000e+00,1.069100e+00
2.031600e+00,3.249600e+00,2.727700e+00,6.388000e-01
4.378200e+00,2.410300e+00,2.435900e+00,-4.210000e-01
1.511500e+00,4.376800e+00,2.946900e+00,1.084000e-01
4.674900e+00,3.687500e+00,1.269100e+00,-3.687000e-01
1.585400e+00,1.310800e+00,2.288900e+00,-1.133200e+00
3.974700e+00,1.150600e+00,2.159900e+00,1.594000e-01
4.112700e+00,3.950800e+00,2.543300e+00,2.513000e-01
1.157100e+00,2.689200e+00,4.304200e+00,3.873000e-01
1.592700e+00,4.219500e+00,1.417900e+00,-3.000000e-01
3.504700e+00,3.161300e+00,2.352200e+00,1.024400e+00
2.928500e+00,4.442200e+00,2.841200e+00,1.026800e+00
2.451200e+00,3.805400e+00,2.164900e+00,-4.847000e-01
3.073900e+00,2.764400e+00,1.250900e+00,9.220000e-01
4.805900e+00,4.621400e+00,2.313500e+00,-7.678000e-01
3.698300e+00,4.153100e+00,1.648400e+00,4.929000e-01
3.285900e+00,3.510500e+00,1.953100e+00,7.531000e-01
4.125300e+00,1.938500e+00,4.511600e+00,-6.904000e-01
1.129000e+00,4.524400e+00,2.360900e+00,-1.703000e-01
2.169500e+00,4.496200e+00,3.847600e+00,7.916000e-01
3.180100e+00,3.230300e+00,3.979000e+00,2.076100e+00
4.938500e+00,1.885000e+00,1.106100e+00,-3.753000e-01
1.342300e+00,1.917500e+00,4.470200e+00,-8.510000e-01
3.964700e+00,4.209000e+00,3.838000e+00,1.616700e+00
3.267500e+00,3.250900e+00,1.480100e+00,1.193200e+00
4.793600e+00,4.270100e+00,4.083600e+00,2.615000e-01
2.438600e+00,2.235300e+00,2.326600e+00,-6.541000e-01
1.293500e+00,2.086700e+00,2.342000e+00,-7.975000e-01
