1.073000e+00,4.883200e+00,6.755000e-01
1.015300e+00,5.741400e+00,2.362000e-01
3.292400e+00,2.658900e+00,-3.146000e-01
4.491200e+00,4.151800e+00,3.789000e-01
3.676200e+00,2.808500e+00,2.275000e-01
4.125500e+00,2.057200e+00,2.807000e-01
3.712200e+00,5.343200e+00,6.594000e-01
4.499000e+00,5.278700e+00,5.037000e-01
3.352600e+00,4.925200e+00,5.171000e-01
4.574600e+00,4.072200e+00,9.240000e-02
1.833900e+00,3.961900e+00,2.389000e-01
5.737600e+00,4.103900e+00,1.094000e-01
3.430400e+00,4.507700e+00,4.498000e-01
3.652300e+00,3.700800e+00,3.627000e-01
3.538600e+00,1.067300e+00,1.161000e-01
4.308400e+00,1.169000e+00,6.690000e-02
4.529500e+00,2.714900e+00,1.620000e-01
2.884000e+00,3.321100e+00,-6.490000e-02
5.427400e+00,2.938700e+00,2.157000e-01
3.070300e+00,2.637600e+00,-1.954000e-01
4.184300e+00,5.217500e+00,5.067000e-01
1.160400e+00,5.581000e+00,4.978000e-01
1.271700e+00,2.302300e+00,9.690000e-02
3.027900e+00,2.767100e+00,-4.110000e-02
3.851100e+00,4.444000e+00,2.555000e-01
2.040500e+00,2.580400e+00,-2.217000e-01
4.976800e+00,1.115500e+00,2.937000e-01
1.502600e+00,3.621800e+00,1.765000e-01
5.144300e+00,3.694400e+00,9.971000e-01
5.798800e+00,1.813000e+00,-1.254000e-01
4.324100e+00,4.485800e+00,7.722000e-01
1.474100e+00,1.289900e+00,-5.250000e-01
1.892700e+00,3.500200e+00,2.581000e-01
3.883300e+00,2.924100e+00,5.700000e-02
3.669600e+00,4.892600e+00,3.793000e-01
5.683600e+00,3.156800e+00,7.490000e-02
2.438800e+00,5.458300e+00,-1.160000e-02
5.179000e+00,5.076900e+00,9.528000e-01
3.067300e+00,4.031700e+00,-1.151000e-01
1.867200e+00,1.807900e+00,-8.150000e-02
1.665800e+00,3.669100e+00,-1.404000e-01
5.531500e+00,4.594700e+00,8.010000e-01
5.108800e+00,4.595200e+00,2.613000e-01
4.898000e+00,4.802600e+00,3.007000e-01
3.888500e+00,5.309300e+00,7.629000e-01
2.655000e+00,5.778700e+00,4.756000e-01
5.530400e+00,2.656400e+00,-6.320000e-02
4.473700e+00,5.150800e+00,5.454000e-01
1.517000e+00,1.243800e+00,-2.965000e-01
4.184800e+00,1.781900e+00,1.536000e-01
5.326300e+00,5.281000e+00,7.331000e-01
4.807700e+00,4.211700e+00,5.847000e-01
2.476900e+00,2.594600e+00,-2.205000e-01
2.389700e+00,1.115800e+00,-4.690000e-02
1.330400e+00,3.554400e+00,1.438000e-01
3.103400e+00,2.686600e+00,-1.278000e-01
5.678300e+00,3.236500e+00,5.410000e-02
3.823300e+00,1.760300e+00,4.340000e-02
1.789000e+00,2.313400e+00,-7.070000e-02
5.813000e+00,4.215600e+00,5.686000e-01
4.051700e+00,3.741400e+00,7.049000e-01
2.246600e+00,1.924600e+00,-1.466000e-01
2.541100e+00,4.021600e+00,-1.479000e-01
4.260700e+00,1.791300e+00,4.453000e-01
2.242500e+00,2.387000e+00,4.800000e-02
3.810700e+00,4.014800e+00,3.577000e-01
3.881300e+00,5.026800e+00,7.849000e-01
2.971500e+00,2.210100e+00,-1.501000e-01
1.784200e+00,4.078400e+00,1.304000e-01
2.319300e+00,2.240200e+00,3.310000e-02
2.635500e+00,2.606400e+00,1.733000e-01
5.104400e+00,4.575400e+00,6.248000e-01
3.632900e+00,2.513900e+00,-3.224000e-01
3.521900e+00,1.418000e+00,1.745000e-01
1.263500e+00,3.705400e+00,7.770000e-02
5.929800e+00,5.434900e+00,6.206000e-01
2.855500e+00,1.139800e+00,-2.520000e-02
3.653800e+00,1.863900e+00,-2.970000e-01
4.993100e+00,1.188300e+00,2.222000e-01
1.609800e+00,1.561700e+00,8.960000e-02
1.500400e+00,4.590100e+00,6.523000e-01
3.095000e+00,3.496600e+00,-9.600000e-03
5.824900e+00,5.285200e+00,4.102000e-01
5.796000e+00,1.861900e+00,1.276000e-01
1.361600e+00,2.986300e+00,-4.574000e-01
3.634400e+00,5.900100e+00,2.700000e-01
3.050200e+00,5.459400e+00,3.862000e-01
1.247100e+00,2.608100e+00,-1.170000e-02
1.364500e+00,5.539100e+00,5.782000e-01
4.622600e+00,5.878200e+00,5.914000e-01
3.377700e+00,3.758400e+00,2.588000e-01
2.449400e+00,5.339800e+00,7.122000e-01
5.713600e+00,5.112100e+00,7.074000e-01
1.806600e+00,3.630500e+00,-5.077000e-01
1.527100e+00,5.160400e+00,3.565000e-01
5.078300e+00,3.335800e+00,5.304000e-01
5.438600e+00,5.254600e+00,6.802000e-01
4.439700e+00,1.896500e+00,-6.110000e-02
3.264100e+00,3.091600e+00,2.960000e-02
2.961000e+00,5.384300e+00,6.247000e-01
4.693900e+00,4.382800e+00,5.387000e-01
2.366400e+00,5.858600e+00,4.386000e-01
4.878400e+00,1.909100e+00,3.029000e-01
1.350100e+00,5.269700e+00,1.514000e-01
1.127700e+00,4.829900e+00,7.515000e-01
3.554200e+00,3.171900e+00,3.324000e-01
3.895800e+00,5.602900e+00,1.041000e+00
1.245200e+00,1.446700e+00,-2.623000e-01
5.134900e+00,5.549400e+00,5.584000e-01
2.501200e+00,4.963800e+00,4.348000e-01
4.165600e+00,3.846300e+00,4.909000e-01
2.290600e+00,1.638300e+00,-1.405000e-01
2.330500e+00,2.256700e+00,-1.445000e-01
1.047200e+00,1.997400e+00,2.147000e-01
2.572000e+00,4.176300e+00,1.346000e-01
1.952200e+00,2.610100e+00,-9.030000e-02
1.349800e+00,2.402000e+00,1.723000e-01
2.256700e+00,1.289500e+00,-5.060000e-02
4.021800e+00,2.661900e+00,-4.320000e-02
3.290300e+00,3.797500e+00,5.036000e-01
4.394100e+00,1.952400e+00,1.351000e-01
3.981600e+00,2.420400e+00,-2.959000e-01
4.295700e+00,4.026500e+00,5.056000e-01
5.563200e+00,3.302100e+00,-7.300000e-02
5.030900e+00,2.998600e+00,8.150000e-02
4.947300e+00,2.636100e+00,-1.520000e-01
1.983200e+00,3.448100e+00,9.200000e-02
5.294600e+00,2.708400e+00,2.527000e-01
3.971800e+00,5.298700e+00,6.831000e-01
5.146900e+00,5.728400e+00,9.080000e-01
4.392600e+00,4.274000e+00,5.752000e-01
3.889100e+00,2.005700e+00,-6.830000e-02
4.853200e+00,5.257100e+00,9.292000e-01
1.562400e+00,4.067000e+00,1.951000e-01
3.422500e+00,3.077100e+00,8.170000e-02
2.792600e+00,2.640000e+00,-4.317000e-01
3.141500e+00,3.845900e+00,6.699000e-01
1.967600e+00,2.400900e+00,3.384000e-01
3.351000e+00,1.264300e+00,-1.825000e-01
3.962100e+00,5.663500e+00,6.048000e-01
2.833700e+00,2.234100e+00,-5.175000e-01
3.015400e+00,5.445400e+00,5.496000e-01
4.489000e+00,4.126700e+00,3.140000e-01
4.518400e+00,2.625800e+00,-1.640000e-02
2.292300e+00,2.040800e+00,-3.778000e-01
5.760700e+00,5.599500e+00,4.479000e-01
4.600000e+00,1.094300e+00,3.604000e-01
5.089100e+00,2.259800e+00,-8.130000e-02
4.542900e+00,1.190200e+00,1.030000e-02
5.297500e+00,2.753200e+00,-1.074000e-01
5.481500e+00,2.495400e+00,-1.592000e-01
3.003500e+00,5.112400e+00,6.079000e-01
1.041800e+00,4.325300e+00,1.411000e-01
2.819600e+00,5.411500e+00,6.536000e-01
4.761400e+00,1.433700e+00,-2.869000e-01
2.504700e+00,4.880000e+00,-4.920000e-02
2.692400e+00,3.421300e+00,-4.256000e-01
1.023900e+00,2.919500e+00,-3.361000e-01
1.941900e+00,1.284200e+00,1.640000e-02
4.697400e+00,5.860900e+00,3.287000e-01
1.136300e+00,4.030000e+00,5.016000e-01
4.874100e+00,4.033000e+00,4.523000e-01
1.809600e+00,3.076800e+00,-6.110000e-02
1.027900e+00,1.540400e+00,-6.107000e-01
2.857900e+00,4.213800e+00,5.317000e-01
2.697400e+00,5.675400e+00,5.732000e-01
1.433200e+00,5.258000e+00,5.606000e-01
4.920600e+00,4.300000e+00,2.373000e-01
3.021600e+00,4.652900e+00,4.846000e-01
1.255000e+00,2.838100e+00,-1.254000e-01
5.673700e+00,1.276800e+00,2.797000e-01
3.415600e+00,3.654200e+00,4.634000e-01
3.662500e+00,1.754500e+00,-3.999000e-01
5.906100e+00,2.629900e+00,2.061000e-01
4.435100e+00,1.180700e+00,-1.537000e-01
3.404900e+00,5.617100e+00,3.688000e-01
4.377500e+00,5.789400e+00,6.428000e-01
2.065400e+00,5.363200e+00,7.413000e-01
5.935900e+00,4.217600e+00,6.646000e-01
2.288200e+00,5.179900e+00,9.494000e-01
4.331700e+00,5.735400e+00,9.101000e-01
2.668100e+00,1.083600e+00,-2.081000e-01
4.925100e+00,4.763100e+00,4.057000e-01
3.662500e+00,4.122000e+00,1.595000e-01
4.069000e+00,4.552400e+00,5.989000e-01
5.571700e+00,2.196000e+00,2.969000e-01
5.482100e+00,5.505500e+00,7.649000e-01
2.714800e+00,1.585600e+00,-2.919000e-01
3.696200e+00,1.665700e+00,-1.206000e-01
5.860300e+00,4.589700e+00,8.232000e-01
2.110600e+00,4.239700e+00,7.330000e-02
5.912800e+00,2.452000e+00,1.541000e-01
2.256000e+00,3.817800e+00,5.102000e-01
1.424800e+00,2.553300e+00,-2.869000e-01
3.480500e+00,4.646100e+00,4.998000e-01
5.875900e+00,1.248200e+00,-6.250000e-02
5.838600e+00,4.359800e+00,2.746000e-01
3.636400e+00,3.443200e+00,9.450000e-02
1.424200e+00,2.153800e+00,2.590000e-02
3.454300e+00,4.114800e+00,4.695000e-01
