2.203700e+00,1.556000e+00,4.242400e+00,-3.600000e-02
2.661900e+00,1.233700e+00,3.708600e+00,2.122400e+00
2.543500e+00,1.709600e+00,4.874100e+00,-7.777000e-01
1.631000e+00,3.655200e+00,2.492100e+00,-7.540000e-02
2.872800e+00,2.568900e+00,5.325900e+00,6.697000e-01
3.284200e+00,2.446200e+00,5.508500e+00,1.843900e+00
5.585500e+00,1.827900e+00,5.303900e+00,3.175000e-01
1.262200e+00,3.403300e+00,3.536500e+00,9.359000e-01
3.161400e+00,1.385300e+00,5.338800e+00,1.773100e+00
3.395200e+00,1.372600e+00,4.643000e+00,1.736200e+00
2.898900e+00,3.225400e+00,1.836100e+00,7.806000e-01
3.780000e+00,3.509300e+00,5.412500e+00,1.383100e+00
1.201300e+00,2.992700e+00,2.950400e+00,1.112100e+00
3.060600e+00,2.722900e+00,4.716300e+00,1.247300e+00
1.248700e+00,3.968300e+00,1.282100e+00,-6.103000e-01
4.434500e+00,1.610100e+00,4.915100e+00,-2.429000e-01
4.337600e+00,4.961600e+00,3.033600e+00,7.247000e-01
3.964300e+00,2.740700e+00,3.214400e+00,2.010400e+00
4.745100e+00,2.562000e+00,3.070000e+00,8.130000e-01
4.545000e+00,2.604300e+00,4.775600e+00,-1.057000e-01
3.409000e+00,3.957900e+00,4.292200e+00,2.160900e+00
4.319300e+00,2.150500e+00,5.518900e+00,2.155000e-01
1.174600e+00,5.510300e+00,4.043100e+00,-4.232000e-01
4.172100e+00,5.576000e+00,1.804500e+00,-2.870000e-02
2.353100e+00,3.165800e+00,2.763200e+00,9.110000e-01
5.436600e+00,1.651700e+00,5.033600e+00,-1.675000e-01
2.102000e+00,2.798200e+00,1.499100e+00,-2.860000e-01
3.248600e+00,3.177400e+00,3.923700e+00,2.701600e+00
5.422200e+00,4.305500e+00,2.536600e+00,4.414000e-01
3.217300e+00,1.810400e+00,2.086300e+00,2.378300e+00
2.184400e+00,2.609700e+00,5.359200e+00,-1.357300e+00
3.751200e+00,3.916900e+00,4.157200e+00,1.522800e+00
2.418200e+00,2.385300e+00,1.330800e+00,1.450000e-02
1.415700e+00,2.247900e+00,1.869400e+00,2.202000e-01
3.537000e+00,4.029400e+00,1.378700e+00,5.014000e-01
3.872300e+00,3.009100e+00,1.066400e+00,1.282900e+00
3.457900e+00,3.128200e+00,5.604200e+00,1.723200e+00
3.515500e+00,4.170900e+00,4.638800e+00,1.224800e+00
1.417200e+00,4.819900e+00,4.666900e+00,-2.521000e-01
3.358500e+00,1.163400e+00,2.110500e+00,1.164000e+00
5.923200e+00,3.129000e+00,4.974900e+00,-1.884000e-01
3.502200e+00,2.445900e+00,4.645100e+00,1.316800e+00
1.512100e+00,2.095600e+00,4.682500e+00,4.776000e-01
2.051500e+00,4.091600e+00,2.797100e+00,5.557000e-01
1.799500e+00,5.055100e+00,5.699200e+00,-8.877000e-01
5.802300e+00,5.632100e+00,3.185800e+00,2.231000e+00
3.301300e+00,1.056700e+00,1.844200e+00,8.692000e-01
2.899900e+00,5.133700e+00,2.749800e+00,1.688200e+00
1.343800e+00,2.757900e+00,3.538000e+00,7.116000e-01
1.952100e+00,5.304300e+00,3.638500e+00,1.041100e+00
4.647900e+00,5.319500e+00,3.411000e+00,3.913000e-01
2.196800e+00,2.624800e+00,4.332500e+00,4.910000e-02
2.903600e+00,2.551400e+00,3.277500e+00,2.798900e+00
4.737600e+00,1.275200e+00,1.624800e+00,5.908000e-01
3.304400e+00,3.664100e+00,4.319900e+00,4.530000e-01
1.843600e+00,5.262100e+00,2.521800e+00,-1.183900e+00
1.745300e+00,2.821800e+00,1.378400e+00,-6.664000e-01
5.371800e+00,4.712100e+00,2.855900e+00,7.543000e-01
2.572600e+00,1.137900e+00,1.362000e+00,1.755000e-01
5.234200e+00,2.134200e+00,4.479000e+00,-5.590000e-01
3.856500e+00,1.571000e+00,1.124000e+00,1.356500e+00
4.392000e+00,1.277500e+00,3.299500e+00,1.277000e+00
3.020100e+00,1.468400e+00,1.845500e+00,1.236300e+00
2.270000e+00,1.213000e+00,1.973200e+00,9.866000e-01
5.432400e+00,1.001700e+00,2.069400e+00,-3.968000e-01
3.197200e+00,3.490300e+00,4.339200e+00,1.196300e+00
4.859100e+00,4.715200e+00,3.576000e+00,2.668000e-01
1.597300e+00,3.664300e+00,1.941600e+00,-1.389800e+00
3.707400e+00,5.253000e+00,4.352400e+00,1.797500e+00
3.247100e+00,5.785900e+00,5.956000e+00,2.061500e+00
1.215700e+00,3.900300e+00,4.390600e+00,2.981000e-01
5.907400e+00,4.739100e+00,3.543400e+00,2.764400e+00
5.274600e+00,4.198600e+00,4.193300e+00,-6.826000e-01
1.176600e+00,4.261100e+00,3.138200e+00,1.097800e+00
4.580100e+00,4.862800e+00,4.828600e+00,-1.313500e+00
5.106400e+00,3.624600e+00,1.264300e+00,-1.202100e+00
3.732000e+00,1.769100e+00,1.148500e+00,9.327000e-01
1.268800e+00,2.089200e+00,1.270000e+00,3.930000e-01
1.791300e+00,3.285500e+00,4.779900e+00,-8.475000e-01
4.102200e+00,4.649900e+00,3.972400e+00,1.744500e+00
3.344600e+00,2.765700e+00,5.663100e+00,2.128900e+00
1.165300e+00,2.154500e+00,4.961400e+00,-3.304000e-01
4.251300e+00,3.148300e+00,3.953800e+00,5.502000e-01
2.107000e+00,5.655100e+00,1.897700e+00,-1.166000e+00
2.976900e+00,2.374600e+00,4.825500e+00,-2.400000e-03
1.583000e+00,3.510300e+00,1.395000e+00,2.626000e-01
3.426300e+00,1.499500e+00,4.816800e+00,1.121700e+00
2.546900e+00,5.993400e+00,4.720700e+00,-1.976100e+00
5.679400e+00,5.440800e+00,1.491900e+00,6.440000e-01
3.940300e+00,3.006800e+00,2.991600e+00,2.120500e+00
3.859400e+00,1.259900e+00,4.831300e+00,1.470400e+00
4.739800e+00,4.395700e+00,4.243500e+00,-1.065000e+00
5.268500e+00,5.904300e+00,3.672700e+00,7.536000e-01
2.945400e+00,1.997000e+00,5.533900e+00,1.689300e+00
2.750700e+00,1.583700e+00,4.597100e+00,2.219000e-01
2.282000e+00,3.582500e+00,2.335800e+00,-1.125000e+00
2.410400e+00,4.222600e+00,5.330900e+00,-7.398000e-01
1.131100e+00,2.369100e+00,2.958400e+00,4.188000e-01
2.233300e+00,2.320100e+00,3.990800e+00,7.203000e-01
2.244200e+00,5.602600e+00,2.360800e+00,4.028000e-01
2.793900e+00,2.273400e+00,3.276000e+00,2.896400e+00
3.030400e+00,1.551800e+00,5.790800e+00,2.136300e+00
4.167000e+00,5.072300e+00,3.859400e+00,1.362600e+00
5.231500e+00,4.765100e+00,4.927400e+00,-7.816000e-01
4.824300e+00,3.346600e+00,1.395700e+00,-6.978000e-01
3.099800e+00,3.348200e+00,2.024500e+00,9.390000e-01
3.432200e+00,4.581500e+00,3.532200e+00,1.980300e+00
2.422800e+00,4.398100e+00,3.449400e+00,2.221000e+00
2.871400e+00,5.177400e+00,4.598500e+00,-2.061000e-01
5.863800e+00,5.345800e+00,5.442200e+00,1.657900e+00
5.187600e+00,5.733500e+00,4.966000e+00,-1.070500e+00
4.121200e+00,4.967500e+00,5.278400e+00,1.912000e-01
2.852600e+00,3.463600e+00,1.329800e+00,1.583700e+00
1.958400e+00,1.856200e+00,1.376200e+00,-1.701600e+00
2.620200e+00,3.466000e+00,1.949400e+00,6.219000e-01
2.658200e+00,3.182700e+00,2.621100e+00,1.542700e+00
4.254900e+00,4.557600e+00,1.849300e+00,3.134000e-01
4.323200e+00,5.374200e+00,5.593200e+00,4.717000e-01
4.559300e+00,4.469300e+00,2.773900e+00,2.285000e-01
3.840100e+00,3.459700e+00,3.318600e+00,2.658500e+00
1.307900e+00,5.730600e+00,2.202300e+00,-1.595000e-01
2.080900e+00,3.274200e+00,1.494600e+00,-6.773000e-01
5.665300e+00,2.973000e+00,2.260300e+00,-3.409000e-01
3.046100e+00,5.579900e+00,2.352400e+00,1.261600e+00
2.176900e+00,3.660800e+00,5.765700e+00,-2.597000e-01
3.158600e+00,2.553600e+00,5.284300e+00,7.972000e-01
5.702200e+00,5.419700e+00,1.690700e+00,-5.701000e-01
4.743300e+00,3.607800e+00,1.082700e+00,3.466000e-01
1.867400e+00,5.504000e+00,2.486900e+00,-2.384000e-01
3.492300e+00,1.165800e+00,4.702600e+00,1.202200e+00
3.612500e+00,2.636000e+00,2.242000e+00,5.643000e-01
5.201900e+00,4.723600e+00,1.291700e+00,-9.185000e-01
1.482700e+00,1.659700e+00,2.029900e+00,-1.000800e+00
3.086600e+00,4.094300e+00,2.538600e+00,1.909200e+00
1.447700e+00,4.837300e+00,1.379500e+00,1.878000e-01
2.163900e+00,2.440700e+00,1.440900e+00,-1.691900e+00
3.663700e+00,1.755800e+00,4.503200e+00,1.117500e+00
1.776700e+00,3.169600e+00,3.299600e+00,1.459000e+00
1.229000e+00,2.411500e+00,2.505600e+00,8.498000e-01
3.967000e+00,4.675900e+00,1.107900e+00,1.016400e+00
1.978500e+00,3.357800e+00,2.903800e+00,-5.050000e-02
2.864200e+00,2.460700e+00,1.629300e+00,-4.512000e-01
4.138300e+00,3.983600e+00,5.852900e+00,1.932200e+00
1.609900e+00,3.012300e+00,4.747600e+00,-4.854000e-01
5.189300e+00,3.619800e+00,3.671100e+00,1.903000e-01
4.216800e+00,2.960100e+00,4.957100e+00,7.400000e-02
3.032400e+00,3.935700e+00,4.041400e+00,1.525800e+00
5.531600e+00,3.153700e+00,5.384800e+00,1.117200e+00
5.851300e+00,1.583900e+00,2.653900e+00,2.325500e+00
3.772700e+00,2.088400e+00,1.268000e+00,1.676600e+00
3.313800e+00,1.720000e+00,1.913000e+00,1.630100e+00
5.943300e+00,1.579900e+00,2.337700e+00,5.336000e-01
2.648300e+00,2.952400e+00,1.475400e+00,-4.426000e-01
1.641100e+00,1.244500e+00,4.270100e+00,4.679000e-01
3.018400e+00,3.680400e+00,3.702800e+00,1.015500e+00
3.629900e+00,2.592400e+00,4.793800e+00,2.494000e-01
4.153300e+00,1.113300e+00,4.526300e+00,5.400000e-03
3.275500e+00,4.971700e+00,5.798000e+00,1.385100e+00
4.955100e+00,5.941300e+00,3.257900e+00,5.570000e-01
3.537200e+00,2.748300e+00,2.454400e+00,5.366000e-01
5.959000e+00,3.575600e+00,3.434600e+00,2.962000e+00
2.384400e+00,5.445600e+00,5.442300e+00,-2.939000e-01
1.689600e+00,1.406000e+00,2.554200e+00,-1.025200e+00
1.435900e+00,4.942100e+00,3.579100e+00,1.365300e+00
3.200000e+00,4.255500e+00,4.483100e+00,2.391500e+00
5.074400e+00,5.052000e+00,2.377200e+00,-1.599100e+00
5.042800e+00,1.810400e+00,1.174400e+00,2.256000e-01
4.377600e+00,4.390300e+00,2.214100e+00,3.315000e-01
4.822300e+00,2.115400e+00,1.281800e+00,4.651000e-01
2.540900e+00,1.204500e+00,4.641400e+00,4.651000e-01
1.029800e+00,4.570200e+00,1.605100e+00,1.721000e+00
4.422700e+00,5.512800e+00,3.742300e+00,1.604600e+00
1.939400e+00,5.626900e+00,4.006500e+00,3.240000e-02
1.930700e+00,4.741000e+00,1.552900e+00,-1.611000e-01
2.642600e+00,3.412200e+00,4.258400e+00,1.103300e+00
4.468700e+00,1.217300e+00,2.326700e+00,8.171000e-01
2.575600e+00,1.271500e+00,4.298700e+00,5.130000e-02
5.835200e+00,2.349500e+00,4.441300e+00,5.591000e-01
2.530400e+00,3.736000e+00,5.224600e+00,1.057500e+00
2.635600e+00,2.685800e+00,3.088300e+00,1.622900e+00
1.725700e+00,2.539400e+00,2.662000e+00,-4.121000e-01
4.162600e+00,2.774900e+00,3.976200e+00,3.752000e-01
1.792200e+00,5.667700e+00,2.846900e+00,3.682000e-01
2.828200e+00,1.661800e+00,4.213000e+00,1.119400e+00
4.770100e+00,3.370900e+00,1.465300e+00,-6.711000e-01
3.602600e+00,3.309100e+00,3.476500e+00,2.310400e+00
5.262300e+00,4.484600e+00,3.073700e+00,-4.746000e-01
3.901000e+00,3.329000e+00,2.653800e+00,9.242000e-01
4.001400e+00,4.482300e+00,5.636000e+00,1.997500e+00
4.394200e+00,5.872000e+00,1.933900e+00,5.288000e-01
1.444800e+00,5.568000e+00,4.452500e+00,-6.684000e-01
3.164200e+00,1.475300e+00,2.031600e+00,1.920200e+00
3.033100e+00,3.006400e+00,2.689300e+00,2.951400e+00
1.473200e+00,2.617000e+00,2.080700e+00,-3.814000e-01
3.899400e+00,5.057200e+00,4.670200e+00,1.830000e-01
1.522600e+00,3.954500e+00,2.373100e+00,-1.564000e-01
3.358300e+00,1.631600e+00,4.223100e+00,1.284600e+00
2.364800e+00,1.275100e+00,5.504200e+00,-5.916000e-01
4.597600e+00,2.309800e+00,3.883100e+00,1.008700e+00
4.763700e+00,1.206100e+00,1.294500e+00,-1.118800e+00
