7.093500e+00,1.873400e+00
6.811500e+00,2.946000e-01
3.795900e+00,1.500500e+00
4.276300e+00,1.040500e+00
6.887900e+00,3.194000e-01
6.389100e+00,1.680000e-02
6.389200e+00,1.464000e-01
4.518600e+00,1.330000e+00
3.376400e+00,1.367000e+00
3.571800e+00,3.273000e-01
4.034500e+00,9.136000e-01
5.430500e+00,-1.299100e+00
6.925900e+00,1.731200e+00
4.948700e+00,1.959200e+00
3.578300e+00,1.023700e+00
5.559700e+00,8.820000e-01
2.484200e+00,-1.918000e-01
5.773300e+00,6.061000e-01
2.153100e+00,5.772000e-01
6.636900e+00,1.162000e+00
6.724800e+00,6.619000e-01
3.915700e+00,-5.310000e-01
6.396000e+00,3.667000e-01
3.630600e+00,2.250000e-02
3.601500e+00,-1.926000e-01
5.525300e+00,3.719000e-01
4.634500e+00,1.319200e+00
3.712000e+00,9.583000e-01
3.525100e+00,6.238000e-01
6.115700e+00,2.310000e+00
7.831800e+00,9.885000e-01
5.558400e+00,-3.837000e-01
5.268900e+00,3.193300e+00
4.571000e+00,-4.209000e-01
7.092600e+00,1.804900e+00
5.125800e+00,1.689000e+00
5.634400e+00,6.504000e-01
4.308200e+00,-6.627000e-01
4.632600e+00,9.323000e-01
3.040800e+00,-1.520000e-02
5.794500e+00,1.226700e+00
3.686300e+00,9.100000e-02
6.293400e+00,1.378300e+00
6.668000e+00,9.608000e-01
2.432700e+00,1.362000e+00
3.046300e+00,-4.345000e-01
5.985000e+00,3.812000e-01
2.677100e+00,6.852000e-01
3.005700e+00,-6.080000e-02
4.725500e+00,-6.940000e-01
5.186600e+00,8.823000e-01
5.401600e+00,1.373500e+00
3.486500e+00,1.814700e+00
4.156800e+00,-9.280000e-02
5.549300e+00,1.283000e+00
3.909500e+00,4.830000e-02
4.126700e+00,1.121800e+00
3.431600e+00,5.871000e-01
4.906400e+00,8.499000e-01
5.407000e+00,7.644000e-01
2.783200e+00,9.427000e-01
5.323200e+00,2.130400e+00
4.471900e+00,-1.278000e-01
4.554600e+00,2.572000e-01
4.217800e+00,6.953000e-01
1.205300e+00,1.686000e-01
4.429200e+00,1.829000e-01
4.738200e+00,8.638000e-01
3.513400e+00,6.149000e-01
5.630600e+00,1.058200e+00
5.411600e+00,1.147300e+00
3.354700e+00,1.025300e+00
4.495500e+00,1.955500e+00
6.277900e+00,1.695300e+00
6.362300e+00,1.747700e+00
3.953700e+00,9.206000e-01
2.520300e+00,6.077000e-01
4.276900e+00,-6.706000e-01
1.309000e+00,-4.550000e-01
5.648700e+00,1.365800e+00
3.579600e+00,5.668000e-01
4.198500e+00,9.346000e-01
3.288200e+00,1.833100e+00
4.121600e+00,2.986000e-01
2.647100e+00,9.263000e-01
3.550500e+00,2.093000e-01
3.565900e+00,1.896700e+00
5.388800e+00,1.140400e+00
4.236400e+00,2.259000e-01
3.919300e+00,2.626000e-01
3.111100e+00,-2.920000e-02
5.880900e+00,2.013600e+00
6.350500e+00,2.083200e+00
4.837900e+00,1.381000e-01
4.559500e+00,1.389300e+00
5.398500e+00,-6.736000e-01
6.015900e+00,1.592500e+00
4.519900e+00,1.454700e+00
5.471100e+00,1.517000e+00
5.817600e+00,2.782000e-01
5.077800e+00,4.955000e-01
4.026800e+00,1.110000e-02
1.675200e+00,2.006900e+00
5.921600e+00,1.165600e+00
5.497100e+00,1.232600e+00
6.840800e+00,-5.071000e-01
2.608900e+00,6.564000e-01
6.646200e+00,-1.217800e+00
5.200400e+00,6.335000e-01
4.156600e+00,1.241600e+00
5.872900e+00,2.313100e+00
3.977900e+00,9.346000e-01
3.590500e+00,5.634000e-01
2.256900e+00,-3.100000e-02
3.936800e+00,1.061000e-01
4.787600e+00,1.527500e+00
5.876500e+00,4.520000e-02
3.030000e+00,1.322500e+00
2.846800e+00,-4.710000e-02
6.140300e+00,1.300700e+00
4.326300e+00,5.465000e-01
3.782700e+00,1.998300e+00
6.273700e+00,1.663100e+00
3.096600e+00,-6.720000e-02
4.145400e+00,1.762200e+00
2.406900e+00,1.895900e+00
4.152000e+00,7.776000e-01
4.247700e+00,2.436000e-01
5.178400e+00,-7.100000e-02
4.823500e+00,1.300400e+00
2.035500e+00,1.150700e+00
6.767700e+00,2.036100e+00
6.006700e+00,-1.830000e-01
6.102500e+00,3.985000e-01
4.469600e+00,1.079500e+00
6.389800e+00,-6.574000e-01
3.044700e+00,-3.681000e-01
5.497200e+00,7.253000e-01
4.467000e+00,5.210000e-01
1.764300e+00,-1.817000e-01
4.073800e+00,1.530800e+00
5.947100e+00,7.449000e-01
4.999800e+00,6.054000e-01
4.944800e+00,7.270000e-01
5.039500e+00,1.015700e+00
2.905000e+00,9.225000e-01
4.903400e+00,7.202000e-01
6.678900e+00,1.522000e-01
4.357300e+00,1.102600e+00
2.342200e+00,6.871000e-01
5.523200e+00,8.243000e-01
6.297300e+00,8.040000e-01
3.725900e+00,1.047700e+00
6.027300e+00,1.303700e+00
6.238400e+00,1.727000e-01
5.137900e+00,1.523000e+00
3.835300e+00,-5.845000e-01
5.697500e+00,9.974000e-01
5.791300e+00,1.549400e+00
2.648500e+00,1.009000e+00
6.162800e+00,1.875400e+00
6.380500e+00,8.380000e-01
2.025900e+00,1.035800e+00
4.607500e+00,1.934000e-01
5.616500e+00,-8.596000e-01
4.615100e+00,1.604800e+00
3.032200e+00,-6.230000e-01
3.798400e+00,1.301600e+00
4.083800e+00,1.824700e+00
4.136900e+00,5.446000e-01
4.815700e+00,9.129000e-01
2.671200e+00,1.618600e+00
4.391800e+00,5.604000e-01
4.152700e+00,1.053400e+00
3.499500e+00,4.627000e-01
4.978500e+00,9.408000e-01
5.556500e+00,3.061000e-01
2.794600e+00,2.310500e+00
1.162300e+00,3.358000e-01
2.780600e+00,6.431000e-01
6.227100e+00,1.927600e+00
4.568900e+00,1.041600e+00
6.643400e+00,7.513000e-01
3.001900e+00,2.161700e+00
5.718300e+00,-5.597000e-01
4.228000e+00,4.276000e-01
4.295500e+00,4.237000e-01
3.230600e+00,1.243700e+00
4.058900e+00,9.134000e-01
5.113400e+00,3.748000e-01
3.852400e+00,1.535900e+00
2.964200e+00,6.818000e-01
2.766800e+00,1.035500e+00
5.395400e+00,4.625000e-01
6.321400e+00,2.054500e+00
2.429400e+00,8.362000e-01
3.833700e+00,1.258200e+00
4.200800e+00,6.715000e-01
6.306700e+00,-5.146000e-01
3.454400e+00,-8.671000e-01
3.631800e+00,1.024400e+00
4.774200e+00,1.500900e+00
7.287700e+00,2.679000e-01
4.787300e+00,4.803000e-01
2.400000e+00,-6.138000e-01
5.477600e+00,5.997000e-01
3.781800e+00,1.077600e+00
4.475600e+00,1.417900e+00
6.053300e+00,1.098200e+00
4.995600e+00,1.101800e+00
5.972300e+00,8.553000e-01
4.391800e+00,2.089600e+00
3.943500e+00,-2.216000e-01
3.911100e+00,4.047000e-01
5.912900e+00,1.313600e+00
3.632300e+00,-6.662000e-01
6.601100e+00,1.555400e+00
4.906500e+00,2.110300e+00
5.135100e+00,3.275000e-01
2.980000e+00,6.057000e-01
2.389100e+00,1.148000e+00
5.313000e+00,1.721000e-01
5.566500e+00,1.754200e+00
3.749600e+00,1.218400e+00
3.630400e+00,1.399000e-01
4.174100e+00,4.913000e-01
5.019800e+00,1.267600e+00
4.789900e+00,1.286000e+00
6.852500e+00,7.144000e-01
2.820000e+00,-3.890000e-02
2.903400e+00,3.658000e-01
4.838800e+00,-1.317000e-01
4.732500e+00,5.186000e-01
3.885000e+00,7.747000e-01
4.719300e+00,2.607000e-01
3.978700e+00,-6.862000e-01
3.072100e+00,2.504000e-01
3.070000e+00,9.029000e-01
5.688100e+00,1.324400e+00
5.964500e+00,2.359000e-01
6.210500e+00,8.633000e-01
2.678100e+00,1.331900e+00
5.654300e+00,1.281100e+00
6.014400e+00,2.132400e+00
3.061700e+00,6.816000e-01
2.863600e+00,3.955000e-01
4.816000e+00,2.396900e+00
3.768800e+00,5.832000e-01
2.697200e+00,1.034000e-01
5.056900e+00,-2.390000e-02
2.437600e+00,2.050000e-01
2.748100e+00,2.338000e-01
3.198900e+00,7.098000e-01
4.313300e+00,1.040000e-02
7.317100e+00,4.300000e-01
5.560300e+00,-4.479000e-01
2.692400e+00,9.397000e-01
2.940300e+00,5.020000e-01
4.610600e+00,9.211000e-01
4.795700e+00,1.243400e+00
3.895200e+00,3.442000e-01
6.381700e+00,6.517000e-01
2.130000e+00,1.693400e+00
5.345200e+00,3.333000e-01
6.152000e+00,2.241200e+00
3.626300e+00,1.055100e+00
3.268900e+00,6.149000e-01
4.688300e+00,6.035000e-01
3.448700e+00,-2.586000e-01
4.536400e+00,4.252000e-01
2.136300e+00,5.290000e-02
6.640900e+00,2.174000e-01
6.152100e+00,1.913500e+00
3.260000e+00,-6.220000e-02
4.878800e+00,7.252000e-01
4.215400e+00,1.402000e+00
1.806600e+00,-3.319000e-01
3.317600e+00,1.041900e+00
4.217000e+00,1.234900e+00
4.163800e+00,1.025700e+00
1.995900e+00,1.267600e+00
3.878700e+00,1.221100e+00
4.159800e+00,6.330000e-02
3.718100e+00,8.480000e-01
4.656000e+00,-7.999000e-01
3.758000e+00,1.402500e+00
6.168700e+00,1.082300e+00
5.079600e+00,1.239500e+00
3.615200e+00,7.779000e-01
6.001000e+00,7.459000e-01
1.801600e+00,-1.092000e-01
4.216800e+00,6.486000e-01
5.989500e+00,1.142600e+00
3.795800e+00,1.330100e+00
6.742800e+00,8.697000e-01
3.783800e+00,5.300000e-02
3.120100e+00,1.250900e+00
4.763100e+00,4.265000e-01
2.843100e+00,1.337500e+00
4.271100e+00,7.756000e-01
4.728200e+00,1.678200e+00
6.739100e+00,1.018700e+00
3.773700e+00,9.397000e-01
3.928900e+00,8.634000e-01
6.987000e+00,6.252000e-01
7.245300e+00,2.891000e-01
4.341900e+00,1.482600e+00
2.609100e+00,2.563000e-01
3.215400e+00,9.463000e-01
4.750400e+00,7.890000e-01
6.295600e+00,1.853000e-01
3.441400e+00,-1.323000e-01
5.384800e+00,1.095800e+00
4.676500e+00,1.711200e+00
5.479200e+00,7.048000e-01
4.944900e+00,1.242000e+00
5.591000e+00,4.735000e-01
2.997400e+00,-9.376000e-01
7.075300e+00,3.885000e-01
2.632000e+00,4.581000e-01
5.426400e+00,1.058200e+00
3.321500e+00,7.511000e-01
5.726600e+00,8.083000e-01
4.082300e+00,1.589000e+00
1.587900e+00,5.086000e-01
3.129800e+00,1.373000e+00
4.650100e+00,-1.023000e-01
3.033800e+00,4.598000e-01
4.384500e+00,1.600000e-02
3.689700e+00,3.584000e-01
4.184800e+00,1.516900e+00
6.050400e+00,1.415400e+00
5.635700e+00,5.873000e-01
4.472500e+00,-1.154000e-01
3.806800e+00,2.149000e-01
5.269100e+00,-9.460000e-02
4.284900e+00,1.201900e+00
6.226000e+00,6.546000e-01
6.060600e+00,-2.690000e-02
2.038500e+00,4.491000e-01
6.045400e+00,7.609000e-01
3.638600e+00,3.679000e-01
6.570500e+00,-5.144000e-01
2.915800e+00,1.518500e+00
6.800700e+00,1.610100e+00
2.042200e+00,1.687000e-01
4.236300e+00,1.580100e+00
3.154100e+00,1.341000e+00
4.105500e+00,9.480000e-01
4.624800e+00,1.888000e-01
