-3.252696e-01,4.009141e+00
5.985178e+00,8.296782e-01
6.934132e+00,4.780736e+00
6.609051e+00,3.204528e+00
1.562971e+00,5.185587e+00
-1.214165e-01,3.619515e+00
4.213879e+00,1.235439e+00
4.667686e+00,2.594652e+00
4.675978e+00,4.302326e+00
2.305410e+00,5.556950e-01
-7.114298e-01,4.526096e-01
1.192001e-01,6.381338e-01
4.411874e+00,1.645054e+00
1.252042e+00,-1.857684e+00
1.216625e+00,-1.516084e+00
3.058844e+00,7.173784e+00
7.542544e+00,9.116313e-01
5.738427e+00,1.738536e+00
7.432078e+00,3.153127e+00
2.640679e+00,-2.326501e-01
4.492514e+00,3.643222e+00
6.886020e+00,3.418148e+00
2.201528e+00,3.228578e+00
5.331336e+00,2.706567e+00
4.367370e+00,2.839498e+00
2.931623e+00,2.572537e+00
3.676703e+00,9.431973e-01
6.580600e+00,3.620782e+00
5.756452e+00,2.317194e+00
6.218362e+00,4.838773e+00
1.761900e+00,-7.815320e-01
4.187691e+00,8.747992e+00
5.867589e+00,1.675284e+00
2.851872e+00,2.539135e+00
5.744054e+00,3.253950e+00
4.967698e+00,5.888070e+00
1.123259e+00,1.188349e+00
2.691746e+00,9.711612e-01
7.521161e+00,1.873779e+00
5.885152e+00,1.731604e+00
3.652355e+00,8.577620e-01
5.151693e+00,-3.831401e+00
1.475750e+00,4.435062e+00
2.254993e-01,1.016760e+00
3.166303e+00,1.237751e+00
2.662437e+00,-1.747752e+00
4.789903e-01,-8.081040e-01
7.863772e+00,3.879434e+00
3.230304e+00,5.945330e+00
7.326558e-01,3.992589e+00
6.872816e+00,1.190205e+00
8.219758e+00,3.210826e-01
3.531215e+00,4.809150e+00
8.621215e+00,2.904214e+00
-5.512029e-01,4.450274e-01
7.195075e+00,1.058707e+00
4.124182e+00,5.681481e+00
5.063269e+00,5.046896e-01
6.178007e+00,5.065155e+00
3.205331e+00,3.605254e+00
6.503066e+00,7.469011e-01
3.904798e+00,7.982744e-01
1.750188e+00,2.730577e+00
4.369224e+00,3.315020e+00
5.423564e+00,6.897705e-01
-1.701375e+00,1.409377e-01
4.026059e+00,2.589316e+00
3.441651e+00,2.904216e-01
7.959014e+00,2.950654e+00
4.108604e+00,3.379137e+00
3.759946e+00,5.105972e-01
2.945826e+00,-3.324807e-01
4.856037e+00,1.095330e+00
6.350514e+00,2.018370e+00
2.859957e+00,2.959581e+00
1.030391e-01,3.971561e+00
6.467882e+00,6.669175e+00
4.429444e+00,5.180482e+00
7.231541e+00,2.540405e+00
2.054092e+00,1.224208e+00
5.630214e+00,3.297134e+00
4.610708e+00,3.110205e+00
9.063066e+00,3.066223e+00
3.042126e+00,6.895083e+00
2.564505e+00,4.029598e+00
6.237775e+00,2.606070e+00
2.054118e+00,2.580084e+00
4.215653e+00,1.022196e+00
4.325596e+00,3.075335e+00
7.306904e+00,5.703548e+00
4.263415e-01,3.281348e+00
1.316810e+00,-2.698050e-01
5.527131e+00,3.831116e-01
6.042923e+00,9.809856e-01
4.475916e+00,1.399277e+00
2.778985e+00,1.332367e+00
3.106579e+00,1.545924e-01
-4.877640e-01,8.586277e-01
2.182065e+00,5.249221e-01
3.151866e+00,7.006966e-01
4.802263e-01,1.602566e+00
1.162717e+00,2.018252e+00
7.460919e+00,3.348555e+00
5.245729e+00,2.833949e+00
2.531487e+00,3.543766e+00
4.341321e+00,5.827148e+00
1.534105e+00,-1.344525e+00
4.018946e-01,1.333099e+00
7.791305e-01,2.267271e+00
6.059068e+00,2.484509e+00
6.373200e+00,6.478472e+00
4.279705e+00,4.388376e-01
1.214955e+00,5.679841e-01
8.258446e-01,2.525198e+00
7.473780e+00,1.577561e+00
4.127670e-02,1.614439e+00
6.213022e+00,-2.566924e-01
5.387009e+00,3.310568e+00
5.478777e+00,2.585491e+00
2.862749e+00,2.514571e+00
2.502248e+00,-4.731472e-01
6.255623e+00,-1.185006e+00
3.738605e+00,2.228188e+00
8.311733e+00,2.946042e+00
2.768264e+00,-9.278189e-01
1.684881e+00,1.459668e+00
7.473148e+00,2.708740e+00
7.118076e+00,2.778676e-01
4.914543e-01,1.230065e+00
5.453751e+00,-1.498985e+00
9.449241e+00,2.950361e+00
5.715000e+00,2.626754e+00
9.269794e+00,4.089813e+00
2.999125e+00,4.054789e+00
6.503736e+00,3.399861e+00
2.818967e+00,2.495192e+00
2.281804e+00,-9.726042e-01
3.057312e+00,-3.822731e-02
7.213818e+00,3.621985e+00
1.655815e+00,9.933324e-01
5.980620e+00,3.780543e+00
1.463333e+00,2.128194e+00
1.318873e+00,3.396007e+00
5.663797e+00,-6.657456e-01
2.092276e+00,2.170130e+00
2.273961e+00,-2.807484e-01
2.080907e+00,4.716213e+00
1.337688e+00,4.063105e+00
3.987463e+00,-7.032438e-02
5.353072e+00,1.041520e+00
5.864706e+00,-4.846575e-02
5.515176e+00,1.469051e+00
7.588196e+00,5.181185e+00
1.086284e+00,4.771776e-01
5.004110e+00,4.508497e+00
3.542569e+00,8.794197e-01
2.128329e+00,1.223786e+00
3.623791e+00,5.352644e+00
4.948549e+00,9.730138e-01
3.028339e+00,-4.328991e+00
-3.829729e-01,2.672208e+00
4.190003e+00,-1.762225e+00
6.235059e+00,5.473522e-01
3.265052e+00,5.746168e-01
3.711114e+00,2.962173e+00
6.246334e+00,2.301752e+00
5.447228e+00,4.839759e+00
6.534026e+00,-6.958629e-01
2.854740e+00,2.306000e+00
7.367099e+00,3.544955e+00
3.287447e+00,1.110534e+00
5.529975e+00,2.232913e+00
5.918189e+00,-3.736951e-02
2.860460e+00,3.643677e+00
3.268309e+00,1.881863e+00
8.139681e+00,1.751845e+00
7.197824e+00,4.723449e+00
4.700962e+00,1.876048e+00
8.963719e+00,2.489872e-01
8.863962e+00,1.720270e+00
4.992434e+00,1.766776e+00
3.597049e+00,5.579230e+00
3.946717e+00,5.892065e+00
4.610662e+00,2.915079e+00
4.339024e+00,3.596846e+00
3.103256e+00,1.760831e+00
9.714622e-01,-3.520706e+00
3.677165e+00,-6.343574e-01
3.648783e+00,3.184368e+00
4.540241e+00,5.008862e+00
4.511731e+00,-2.023687e+00
4.703794e+00,4.134535e+00
3.849422e+00,-1.174175e+00
1.113063e+00,1.255999e+00
3.910572e+00,2.744465e+00
8.799386e+00,1.503954e+00
7.393349e+00,4.725020e+00
4.464641e+00,2.491081e+00
4.349091e+00,2.928127e+00
4.576946e+00,-2.763620e-01
1.691611e+00,2.738426e+00
4.621419e+00,4.284708e+00
3.063552e+00,2.358851e+00
3.429905e+00,-2.031274e+00
9.633912e+00,2.379549e+00
5.782868e-01,-3.141366e-01
3.215121e+00,5.656340e-01
3.261291e+00,1.510348e+00
5.312874e+00,-2.846143e-01
3.308342e+00,2.023271e+00
1.975885e+00,2.822885e+00
5.017509e+00,-1.359549e-01
5.840313e+00,3.380809e+00
5.165594e+00,3.992394e+00
6.574763e+00,6.321667e-01
2.564566e+00,2.835946e-01
2.809193e+00,3.202266e+00
4.739940e+00,3.442449e-01
-6.256458e-01,2.513189e+00
3.706009e+00,6.009360e-03
-1.502919e+00,4.363547e-01
6.811389e+00,4.769679e+00
4.661659e+00,5.406671e+00
5.303522e+00,3.120020e+00
4.803149e+00,-6.775737e-01
5.792399e+00,3.054942e+00
4.941222e+00,3.385222e+00
3.831869e+00,1.238102e+00
2.042908e+00,3.514713e+00
7.953276e+00,4.929969e+00
2.327128e+00,3.531508e+00
2.938874e+00,1.206802e+00
7.850308e+00,9.210197e-01
2.813665e+00,4.319692e+00
8.265907e+00,3.508016e+00
2.692365e+00,-2.863683e+00
4.757125e+00,-7.402703e-01
3.470648e+00,2.752668e+00
1.496544e+00,-1.751408e+00
-2.101433e+00,3.395464e+00
3.390745e+00,8.410874e-01
2.640883e+00,4.066216e-01
1.014342e+00,3.739402e+00
2.740732e+00,8.698815e-01
6.273200e+00,3.008214e+00
4.474016e+00,1.305428e+00
-6.453558e-01,2.065248e+00
2.801690e+00,1.820916e+00
2.554826e-01,1.911925e+00
2.162996e+00,5.703189e+00
