2.014710e+00,1.036413e-02
1.060231e+00,4.859123e-01
3.652525e+00,-1.041804e+00
6.270649e+00,4.015911e+00
5.214787e+00,4.419627e+00
2.404424e+00,5.358248e-01
1.633470e-01,9.497253e-02
6.315781e+00,5.829364e+00
-4.386276e-01,3.743203e+00
3.645889e+00,8.411489e-01
-1.862983e+00,-7.352138e-01
6.118148e+00,-6.322891e-01
8.323927e+00,4.075770e+00
4.901875e+00,2.064526e+00
7.961350e+00,3.716219e+00
4.319956e+00,6.758601e+00
-2.940979e+00,2.417094e+00
3.635552e+00,2.186137e+00
8.320355e+00,6.853026e-01
7.771664e+00,4.212781e+00
1.647977e+00,-4.151665e+00
3.279119e+00,5.039250e+00
3.322768e+00,4.155643e+00
1.352375e+00,4.254339e+00
1.455228e+00,2.323991e+00
3.848956e+00,2.840625e-01
2.909433e+00,-8.195041e-01
4.352174e+00,3.383505e+00
3.958538e+00,4.288310e+00
6.288879e+00,-1.985666e+00
8.002044e+00,4.299871e+00
8.707044e+00,5.043750e+00
-9.075710e-01,1.571733e+00
3.821343e+00,-2.858756e-01
8.284452e-01,1.535346e+00
3.405607e+00,7.271484e+00
1.150563e+00,1.179771e+00
-3.259238e-01,-3.614744e+00
7.927030e+00,4.319826e+00
-6.338795e-01,-4.215887e+00
2.845436e+00,2.983193e+00
3.719977e+00,6.557468e+00
7.860185e+00,2.972198e+00
7.005400e+00,4.343113e+00
5.511051e+00,1.247122e+00
4.141624e+00,3.008681e+00
3.731892e+00,-2.421116e+00
4.986797e+00,4.981386e-01
4.850411e+00,-9.061822e-03
8.479188e+00,3.327876e+00
4.870900e+00,1.238569e+00
1.871736e+00,3.133161e+00
7.986992e+00,9.241408e+00
6.444398e+00,2.731973e+00
7.281608e+00,1.424473e+00
6.198027e-01,2.222147e+00
3.324892e+00,2.743805e+00
4.521067e+00,4.719029e-01
5.085465e+00,4.121178e+00
8.158842e+00,1.286615e+00
7.429294e-01,-1.839397e+00
1.964172e+00,2.039696e+00
-3.059048e-01,2.119236e+00
5.352385e+00,2.788157e+00
-3.825077e-01,-1.230068e+00
7.302320e+00,4.118001e+00
2.142726e+00,1.724477e+00
-1.623224e+00,1.945086e+00
7.595702e+00,6.848702e+00
3.864108e+00,4.347016e+00
2.998404e+00,1.073548e+00
2.424645e+00,3.597343e+00
9.121341e+00,5.359158e+00
4.551963e+00,5.507269e+00
9.925615e+00,5.574684e+00
3.087749e+00,3.331449e-02
5.560250e+00,1.980708e+00
3.892591e+00,3.726202e+00
3.087070e+00,-3.909583e+00
2.908506e+00,2.454321e-01
-2.261162e+00,1.819523e+00
5.852579e+00,3.620143e+00
3.149905e+00,2.973706e+00
6.020169e+00,3.053553e+00
5.505872e+00,1.540865e+00
6.710251e+00,5.200640e-01
1.281289e+00,4.133466e+00
-9.925805e-02,-4.186203e+00
5.343435e+00,-1.191835e+00
4.952359e+00,3.343970e+00
2.735386e+00,-1.672472e+00
6.328550e+00,3.046025e+00
3.261654e+00,6.566687e-01
5.681360e+00,2.256991e+00
1.930685e+00,3.514290e+00
6.141490e+00,2.043634e+00
-6.780720e-02,-9.598755e-01
4.057167e+00,4.316225e+00
1.632432e+00,2.384722e+00
9.632393e+00,3.770520e+00
3.550858e+00,3.934863e+00
1.394940e+00,5.096103e+00
4.733244e+00,3.060921e+00
4.838412e+00,3.751232e+00
5.022627e+00,7.646502e-01
6.038529e+00,2.025318e+00
4.518625e+00,6.290925e+00
2.080731e+00,3.794231e+00
6.960159e+00,5.161182e+00
8.427877e+00,1.535250e+00
-3.739410e-01,-7.715252e-01
-2.951350e+00,5.760896e-01
2.105862e+00,5.599734e+00
3.379461e+00,1.228442e-01
1.152938e+00,3.183456e+00
1.180673e+00,-8.242270e-01
5.047904e+00,3.796080e+00
3.800347e+00,3.761578e+00
8.721257e+00,6.388140e+00
1.550296e+00,-1.567687e+00
2.500963e+00,2.938498e+00
4.508946e+00,5.736626e+00
4.457454e+00,7.450568e-01
2.338779e+00,4.581516e+00
6.113463e+00,3.329094e+00
3.157856e+00,-5.091277e-01
7.274513e+00,2.157850e+00
8.275847e+00,1.647687e+00
4.519381e-01,-2.328866e+00
2.189772e+00,5.608817e+00
-1.180328e-01,-5.632113e-01
8.095085e+00,6.061332e+00
5.725464e+00,-1.479041e-01
-3.487294e-02,1.867613e+00
5.375608e+00,2.918709e+00
1.635806e+00,2.547274e+00
1.015132e+00,1.447833e+00
9.386257e-01,-1.640170e+00
7.787278e+00,2.901428e-01
2.198640e+00,-1.578786e+00
7.595774e+00,1.636507e+00
5.704547e+00,3.153708e+00
5.478063e+00,5.958799e+00
-2.184544e-01,1.206917e+00
1.197968e+00,-1.332377e+00
2.417203e+00,-6.948795e-01
2.036069e+00,4.601366e+00
1.126453e+00,4.854646e-01
2.835936e+00,3.899268e+00
-1.128719e+00,1.026435e+00
1.388554e+00,4.861302e+00
2.096628e+00,4.020205e+00
2.237994e+00,2.046868e+00
7.412760e+00,4.617195e+00
6.006724e+00,1.659986e+00
4.911733e+00,1.674494e+00
8.347367e+00,6.128178e+00
4.100765e+00,-3.381482e+00
3.099662e+00,2.036584e-01
1.139828e+00,8.092483e-01
6.541289e+00,-1.848087e+00
6.653471e+00,1.495336e+00
4.070877e+00,-2.203055e-01
2.927912e-01,1.492906e-01
2.917860e+00,1.757121e+00
2.642086e+00,6.391471e-01
3.215613e+00,2.517695e+00
3.620791e+00,-2.533182e+00
1.045422e+00,3.737003e+00
2.376262e+00,4.818050e+00
3.265314e+00,1.034578e+00
5.725101e+00,5.207590e+00
4.426427e+00,5.596378e-02
1.024123e+01,7.731599e+00
2.977081e+00,1.981536e+00
3.137839e+00,-1.296120e+00
1.028836e+00,8.226508e-01
2.790951e+00,6.307398e+00
-3.456172e+00,-1.304174e+00
9.013328e+00,2.168481e+00
1.168407e+00,1.968744e+00
4.292502e+00,3.304210e+00
-5.597115e-01,2.486100e+00
5.900023e+00,3.975824e+00
2.568458e+00,-7.944630e-01
5.041023e+00,2.040187e-01
3.966057e+00,1.808974e+00
4.478447e+00,-6.399395e-01
9.060438e+00,8.304142e+00
3.632031e+00,6.252595e+00
2.487481e+00,1.075255e+00
8.722593e+00,2.097721e+00
5.385030e+00,2.409718e+00
-2.043491e-02,-3.673708e+00
6.969159e+00,4.401899e+00
3.005840e+00,1.374800e+00
1.907639e+00,1.135793e+00
2.952109e+00,-1.596366e-02
7.798296e+00,3.934599e+00
7.338858e+00,3.552069e+00
2.206851e+00,-2.013593e+00
-1.903950e-01,4.162265e+00
5.899826e+00,5.848762e+00
3.620004e+00,6.089346e+00
3.608731e+00,1.035650e+00
4.464735e+00,3.348203e+00
-9.567873e-01,3.810074e+00
8.045393e+00,6.438698e-01
8.078809e-01,2.438705e+00
8.702910e-01,3.763805e+00
4.041914e+00,-4.026777e-01
7.396492e+00,1.658524e+00
6.409176e+00,5.257076e+00
4.222717e+00,3.442201e+00
3.389540e+00,-3.260754e+00
3.710021e+00,-9.779028e-01
2.645095e+00,7.498560e-01
5.500732e+00,3.656522e+00
6.560849e+00,6.809278e+00
2.005259e+00,2.443310e+00
7.826779e-01,-1.410253e+00
5.792846e+00,1.357460e+00
5.792942e+00,1.844673e+00
6.774438e+00,-3.296965e+00
1.931432e+00,1.090911e+00
3.374671e+00,2.759648e+00
8.100094e+00,-6.558545e-02
8.589126e+00,1.939695e-01
3.959374e+00,2.740119e+00
4.479619e+00,-2.941965e-01
5.450286e+00,3.985211e+00
5.583118e+00,5.971385e+00
2.420413e+00,5.235715e+00
-3.548600e+00,1.465845e+00
-3.011104e-01,2.170079e+00
1.583200e+00,6.078587e+00
2.914856e+00,2.171679e+00
1.387723e+00,2.503528e+00
6.778134e+00,-2.251543e+00
5.754202e+00,-4.536435e-01
7.977394e+00,2.327876e+00
5.247152e+00,8.255022e-01
2.448144e+00,-6.749394e-01
4.063536e+00,-2.431518e+00
8.676266e+00,4.513409e+00
2.293251e+00,2.536441e+00
1.225501e+00,2.869555e+00
6.896799e+00,4.081618e+00
4.623201e+00,-1.691522e+00
2.233523e+00,1.732903e+00
-3.582083e-02,8.891062e-01
1.142899e+01,3.479987e+00
4.694267e+00,5.178564e+00
1.083287e+00,2.542927e+00
1.694773e+00,-3.082602e-01
3.647643e+00,1.716154e+00
5.971271e+00,1.797301e+00
1.985987e+00,-6.819800e-01
7.888995e+00,2.226397e+00
4.820772e+00,2.527457e+00
7.967112e+00,1.400422e+00
1.263497e+00,-2.797804e+00
1.354147e+00,5.928272e+00
4.401025e+00,3.084768e+00
3.721766e-01,3.226699e+00
6.114666e+00,-3.083376e-01
1.114952e+01,5.263277e+00
4.743648e+00,2.506523e+00
5.979957e+00,2.524550e+00
4.173728e+00,1.518647e+00
3.309349e+00,4.193728e+00
3.311747e+00,6.010247e+00
5.284410e+00,4.842629e+00
5.326433e+00,5.041889e+00
6.865107e+00,1.053320e+00
5.278896e+00,-1.705513e+00
7.072707e+00,6.597300e-01
4.354784e+00,1.319136e+00
4.694050e+00,2.187590e+00
3.553251e+00,4.912458e+00
4.956218e+00,1.689392e+00
4.131343e+00,3.624877e-01
5.917984e+00,3.999385e+00
3.662157e+00,3.913438e+00
4.332696e+00,2.558271e+00
5.188877e+00,2.394231e+00
8.024248e+00,5.261535e-01
3.134035e+00,-9.734755e-01
4.464423e+00,1.967275e+00
7.082987e+00,3.311861e+00
1.751335e+00,-7.952492e-02
1.965262e+00,5.790501e-01
3.921196e+00,4.353764e+00
3.796804e+00,3.647682e+00
2.307963e+00,9.970066e-01
1.594395e+00,2.102156e+00
6.823878e+00,3.170208e+00
4.673133e+00,2.597599e+00
7.658847e+00,5.760845e+00
4.449608e+00,3.906892e+00
5.003461e+00,4.538510e-01
2.974466e+00,3.999466e+00
4.945313e+00,1.333531e+00
5.921370e+00,2.871887e+00
7.548116e+00,5.496782e+00
2.327963e+00,2.015857e+00
2.941009e+00,-3.579469e-01
3.972959e+00,4.249863e+00
3.807044e+00,2.477754e+00
3.184056e+00,2.870695e+00
4.058627e+00,-1.313657e+00
2.139504e+00,-1.812388e+00
7.006529e+00,1.248597e-01
4.469399e+00,-1.611559e+00
6.510742e+00,7.764486e+00
2.375185e+00,1.999256e+00
2.217883e+00,5.618816e+00
1.747704e+00,-7.722967e-01
7.653922e+00,8.948979e+00
6.963558e+00,-7.793454e-01
2.032157e+00,-3.268358e+00
3.629395e+00,1.860403e+00
5.634376e+00,2.450006e+00
7.469527e+00,6.037009e+00
4.028647e+00,-4.875655e-01
4.083064e+00,5.329223e+00
1.324062e+00,1.704104e+00
9.759186e+00,3.358022e+00
-4.584953e+00,3.263041e+00
-2.183736e+00,2.945314e+00
4.868805e+00,3.928469e+00
8.115076e+00,7.693455e-01
3.299041e-01,-3.333228e+00
-2.621831e-01,3.777884e+00
-1.647087e-01,4.087855e+00
6.318888e+00,7.383625e+00
1.402321e+00,7.455446e-02
5.151949e+00,5.054187e+00
6.473346e+00,5.850977e+00
8.928243e+00,2.951539e+00
-1.960642e+00,2.079020e+00
3.539634e+00,2.593092e-01
-1.632996e+00,1.468604e+00
3.274137e+00,3.974025e+00
6.204875e-01,4.302529e+00
2.748417e+00,1.035330e+00
2.791564e+00,2.624782e+00
4.345779e+00,3.008525e+00
3.329029e+00,2.150501e+00
1.265166e+00,-3.001607e+00
-3.475342e-01,1.753176e-02
3.258556e+00,2.572606e+00
3.920908e+00,-3.775061e+00
7.593769e+00,5.000307e+00
2.085831e+00,3.178845e-01
9.267815e+00,6.296677e+00
3.946676e+00,-1.797880e-01
9.651154e-01,5.209475e+00
2.132442e-01,1.125369e+00
8.749510e+00,-3.585948e-01
-3.297663e-01,5.531040e+00
1.891110e+00,-8.979714e-01
6.631548e+00,6.852367e+00
2.547435e+00,3.401315e+00
5.948286e+00,-1.096676e+00
1.087762e+01,6.019047e+00
6.425662e+00,1.693552e+00
7.241865e+00,7.243011e+00
-1.399045e-02,3.131756e+00
9.045861e+00,6.308604e+00
5.922018e+00,1.852183e+00
4.791967e+00,2.906859e+00
2.921826e+00,3.425783e+00
5.339495e+00,1.857525e+00
8.127840e+00,4.043198e+00
3.353486e+00,8.010292e-02
8.557544e+00,3.296650e+00
7.789494e+00,3.389634e+00
2.078256e+00,4.508858e+00
1.133603e+00,-5.338236e-01
7.202213e+00,1.845365e+00
3.695150e+00,3.037015e+00
1.238926e+01,4.809103e+00
9.907662e-01,-1.617348e+00
4.350139e+00,8.941175e-01
3.888443e+00,3.214720e+00
1.128917e+00,2.943330e+00
2.449806e+00,3.782784e-01
2.924581e+00,1.435030e+00
9.383586e+00,5.608402e+00
2.748334e-01,-8.090691e-01
5.055285e+00,1.303296e+00
4.716134e+00,3.036598e+00
3.475919e+00,1.777758e+00
6.182953e-01,2.400716e+00
-5.057521e-01,3.526103e+00
8.081481e+00,1.917836e+00
8.740771e+00,3.874932e+00
6.577644e-01,5.055871e+00
2.829209e+00,2.649650e+00
5.623890e+00,3.856183e+00
5.561054e+00,5.750093e+00
-2.400024e+00,9.641466e-01
3.592059e+00,1.274563e+00
5.727019e+00,4.136397e+00
9.942964e+00,3.465752e+00
5.546187e+00,3.301036e-01
6.031663e+00,2.453029e-01
7.813243e+00,4.737820e+00
-1.227558e+00,4.546363e+00
8.201005e+00,5.389959e+00
1.034578e+01,1.232692e+00
1.894846e+00,-2.928638e-01
1.680045e+00,1.161269e+00
4.221544e+00,3.151907e-01
3.669919e+00,3.834648e+00
9.133245e+00,-6.080633e-01
1.961661e+00,1.142662e+00
1.524819e+00,3.455963e-01
2.218888e+00,-1.896217e+00
8.164101e+00,8.283656e+00
6.387533e+00,1.248635e+00
6.155373e+00,-1.626923e+00
5.146084e+00,5.535934e+00
3.452730e+00,1.166235e-01
3.430763e+00,2.904982e+00
-3.429220e+00,7.108279e-01
4.093920e+00,1.168413e+00
5.105546e+00,2.374317e+00
1.813859e+00,4.399322e+00
5.219898e+00,-2.077109e+00
5.801519e+00,3.547632e+00
-2.953752e-01,1.819644e+00
5.422511e+00,6.391422e+00
3.185218e+00,2.671567e+00
6.382000e+00,4.079332e+00
9.073077e+00,1.112151e+00
3.748195e+00,3.079713e+00
7.184765e+00,5.378648e+00
5.206992e+00,-1.519068e+00
6.278569e+00,6.434444e+00
2.463897e+00,2.684558e+00
6.120622e+00,2.578231e+00
-2.128927e+00,8.000052e+00
5.109017e+00,2.987525e+00
8.752131e+00,2.337109e+00
4.258390e+00,3.461323e-01
2.648450e+00,-9.488892e-03
9.402922e+00,6.483302e+00
3.412488e+00,-2.762254e+00
