4.960997e+00,4.553234e+00
1.702716e+00,2.787663e+00
8.220071e+00,-4.342954e+00
7.464613e-01,1.282473e+00
-2.754380e+00,7.449176e+00
4.773206e+00,-4.088269e-01
4.396015e+00,2.048439e+00
2.837988e+00,3.125239e+00
8.682567e+00,5.692117e+00
4.677725e+00,7.939913e+00
6.347693e+00,9.062787e-01
-1.862373e+00,1.036645e-01
1.011001e+01,-4.967944e+00
1.137690e+01,5.162053e+00
2.086249e+00,5.940272e+00
3.016118e-01,-3.989130e+00
7.775527e+00,8.450245e+00
1.902188e+00,1.261790e+00
-4.979103e+00,3.330954e+00
7.472319e+00,3.224754e+00
3.375573e+00,8.079125e+00
4.579179e+00,1.279919e+01
5.386969e+00,4.924813e+00
1.018582e+01,1.973586e+00
1.074941e+00,3.748495e+00
6.487756e+00,-6.547805e+00
2.103392e-01,6.485382e+00
3.709742e+00,-2.940750e+00
-4.001599e-01,5.701168e+00
3.298883e+00,2.217847e+00
1.585266e+01,6.557995e+00
4.971310e+00,2.349264e+00
-4.280136e-01,5.589648e+00
3.903775e+00,3.532387e+00
4.577950e+00,5.778206e+00
5.495680e+00,3.554600e+00
2.969427e+00,-4.845811e+00
-3.678318e+00,8.796446e+00
5.403007e+00,3.322914e+00
2.956253e+00,-1.333158e+00
8.811805e-01,7.850516e+00
1.291004e+01,6.094378e+00
5.235468e-01,3.493654e+00
6.331419e+00,5.722086e+00
4.287723e+00,8.830778e-01
5.977860e+00,4.819111e+00
5.072259e+00,4.221897e+00
8.269312e+00,-5.817620e-01
9.552443e+00,7.090828e+00
5.428274e+00,3.686552e+00
2.962718e+00,-1.622619e-01
4.959916e+00,5.542803e+00
5.824452e+00,4.803070e+00
4.495970e+00,4.258949e-01
7.705555e+00,1.968282e+00
-1.622538e+00,-1.332403e+00
-4.266406e+00,1.112801e+00
5.649073e+00,1.978144e+00
2.837644e+00,6.449399e+00
3.200366e+00,1.231607e+00
8.009532e+00,1.728454e+00
6.205298e+00,4.627229e-01
6.047991e+00,-8.053629e-01
2.642764e+00,-2.738244e+00
6.194014e+00,6.470695e+00
3.435225e+00,1.024806e+00
-2.348406e-01,6.509630e+00
3.823559e+00,3.952391e+00
7.168348e+00,3.502263e+00
4.221002e+00,2.425494e+00
2.265864e+00,1.402425e+00
-1.241402e+00,7.894165e+00
8.990973e+00,5.590522e-01
-2.980479e-01,1.340371e+01
2.569688e+00,3.227812e+00
7.892150e+00,5.342735e+00
1.386628e+00,-1.359496e+00
7.264552e+00,6.069277e+00
3.628087e-01,1.560784e+00
9.693190e+00,1.265662e+00
3.105500e+00,-2.619192e+00
5.565643e+00,6.244467e+00
2.412323e+00,1.051882e+01
2.338201e+00,9.190059e+00
8.853562e+00,4.691736e+00
-8.901402e-02,-1.570268e+00
-1.050306e+00,6.058055e+00
3.692321e+00,8.402661e-02
4.293922e+00,4.238682e+00
1.055430e+01,6.941033e+00
8.078425e+00,2.912423e+00
5.045232e+00,7.817216e+00
9.835000e+00,4.967817e+00
5.110744e+00,6.842253e+00
2.492658e+00,2.388938e+00
8.440907e+00,5.766797e+00
4.176899e+00,6.060978e+00
-5.682347e-01,-4.971231e+00
8.433582e+00,3.096340e+00
-1.752785e+00,8.018408e+00
1.062226e+01,-1.147437e+00
2.778442e+00,6.235607e+00
5.335534e+00,2.331656e+00
1.044602e+00,1.586914e+00
1.240350e+00,9.038258e+00
2.628295e-01,4.326809e+00
6.773234e+00,2.224920e+00
4.369123e+00,1.009913e+01
2.118478e+00,2.718944e+00
4.894247e+00,6.011721e+00
5.100249e-01,2.796506e+00
3.511661e+00,1.222877e+01
5.993334e+00,7.427131e+00
4.907915e+00,3.407164e+00
5.460496e+00,1.415592e+01
5.201363e+00,4.901765e-01
9.028821e+00,7.878245e-01
-4.076231e-01,3.609679e+00
6.182613e+00,1.454778e+00
5.159033e+00,7.469778e+00
5.806390e+00,1.003043e+01
2.729321e+00,1.431169e+00
1.192871e+01,-5.033831e-01
9.508037e+00,-1.062659e+00
6.022213e+00,-1.623972e+00
7.566664e+00,3.990942e+00
7.816581e+00,7.484774e+00
3.293912e+00,6.405567e+00
2.219238e+00,-6.076267e+00
-4.701308e-01,4.693985e+00
7.785898e+00,8.621811e+00
3.504679e+00,1.295911e+01
1.718551e+00,4.718736e+00
6.094818e+00,-1.489031e+00
6.578933e+00,6.452355e-01
6.252927e+00,8.397597e+00
2.597770e+00,1.578986e+00
1.359002e+00,5.840080e+00
1.110124e-01,4.456317e+00
9.955245e+00,1.482789e+00
2.981250e+00,8.544075e+00
1.915596e+00,-5.742985e-01
3.962559e+00,7.821960e+00
2.097804e-01,2.258098e+00
4.389003e+00,-1.100012e+00
-1.644651e+00,-1.714198e+00
-1.118123e+00,5.066063e+00
1.036611e+01,5.079129e+00
4.850359e+00,4.540547e+00
1.516019e+00,9.631225e+00
3.193132e+00,-1.922663e+00
2.279505e+00,1.063350e+00
7.498771e+00,2.237955e+00
-4.081147e+00,1.048008e+00
8.639106e+00,2.631016e+00
2.018701e+00,7.708716e-01
2.539221e+00,-4.265584e+00
5.374075e+00,2.493588e+00
-6.631965e-01,6.280390e+00
8.422140e-01,1.686804e+00
2.092123e+00,4.744943e-01
-2.419178e+00,2.642438e+00
1.269925e+01,1.912288e-01
3.996205e+00,9.645513e+00
8.359482e+00,-8.125304e-01
1.525492e+01,3.437180e+00
-2.927030e+00,-3.255261e+00
2.156947e+00,1.658708e-02
-1.480907e+00,-1.737364e+00
3.846791e+00,5.703673e+00
2.699305e+00,-9.541103e-01
4.536638e+00,6.803679e+00
3.846287e+00,3.871126e+00
5.175121e-01,1.223561e+01
6.558455e+00,1.986171e+00
