2.987943e+00,2.907614e+00
1.917543e+00,-1.476285e+00
1.266090e+00,2.934027e+00
4.002170e+00,1.150858e+00
9.649168e+00,2.523590e+00
2.554394e+00,2.856672e+00
7.474728e-01,-3.881469e-01
8.294729e+00,2.709709e-01
4.005187e+00,-7.834173e-01
4.384565e+00,1.704783e+00
8.596763e-01,5.083110e+00
5.457730e+00,1.577304e+00
1.447931e+00,-3.111593e+00
1.857864e+00,4.088380e+00
6.689427e-01,5.623343e+00
6.582537e+00,1.349174e+00
3.567946e+00,3.143600e+00
8.785138e-01,1.275561e+00
2.690336e+00,2.129894e+00
8.730539e+00,1.078747e+00
8.883680e+00,6.746827e+00
5.335437e+00,1.425525e+00
2.917741e+00,3.223737e+00
2.140240e+00,4.224177e+00
6.092251e+00,2.867545e+00
2.925269e+00,2.414887e+00
2.601386e+00,-9.781965e-02
7.837678e-01,1.750364e+00
2.092040e+00,2.736635e+00
4.826154e+00,1.932236e+00
7.141942e+00,2.112866e+00
4.606546e+00,5.872512e+00
4.160445e+00,5.027582e+00
2.375691e+00,1.867765e+00
4.351325e+00,6.108327e-01
1.229280e+00,3.654250e+00
5.364336e+00,3.997481e+00
1.410998e+00,1.213059e-02
-2.746199e-01,4.773935e-01
1.908035e+00,2.895537e+00
3.525670e+00,3.084923e+00
1.963367e+00,-1.392200e+00
7.490217e-01,1.362168e+00
4.431675e+00,6.280675e+00
6.676825e+00,4.716420e+00
4.334982e+00,1.609946e+00
2.758902e+00,3.227918e+00
2.323799e+00,2.681830e+00
1.314151e+00,9.900427e-01
5.312615e+00,6.274017e-01
5.303727e+00,2.968968e+00
5.138347e+00,7.279466e+00
3.412395e+00,8.164718e-01
3.991345e+00,5.886168e-01
2.503932e+00,-1.917678e-01
3.091162e+00,-1.291104e-01
2.831250e+00,3.675738e+00
2.883125e+00,2.555752e+00
4.503828e+00,-2.577993e+00
2.941132e-01,4.369315e+00
3.176517e+00,-1.413349e-01
9.060290e-01,6.111029e-01
2.567579e+00,3.893423e+00
4.290409e+00,1.599538e+00
1.631743e+00,3.572274e+00
7.716530e+00,-2.170585e+00
2.005813e+00,2.443962e-01
1.450329e+00,4.558276e+00
5.260761e+00,2.603221e+00
4.614587e-01,6.360078e+00
6.990574e+00,3.045573e+00
6.040145e+00,2.560704e+00
2.190573e+00,5.375827e+00
3.634013e+00,2.246342e+00
3.119738e+00,-1.715327e+00
4.803633e+00,3.003101e+00
2.047332e+00,2.765437e+00
5.631862e+00,2.735350e+00
4.571975e+00,2.010635e+00
-6.732052e-01,-1.953363e-01
1.882260e+00,4.103127e+00
5.481933e+00,5.485289e+00
9.644149e+00,4.458737e+00
3.726828e+00,2.423003e+00
3.416484e+00,6.331381e+00
8.874634e-01,5.613034e-01
2.747297e+00,5.443269e+00
3.993960e+00,3.669420e+00
1.870896e+00,2.832745e+00
4.667024e+00,3.980963e+00
6.421017e-01,6.002422e-01
5.894501e+00,1.784354e+00
3.336740e+00,4.498562e+00
4.377563e+00,-3.708239e-01
3.145641e+00,-4.039408e-01
3.782526e+00,-2.677921e+00
4.077740e+00,-6.772541e-01
6.249307e+00,3.653819e+00
9.802228e+00,6.937033e+00
7.061939e+00,5.856092e+00
5.518510e+00,-6.600893e+00
1.790113e+00,4.531397e+00
5.123601e+00,5.220908e+00
1.922434e+00,1.242955e+00
2.626692e+00,1.030951e-01
2.977146e+00,4.390646e+00
1.205168e+00,2.761267e+00
-1.377539e+00,1.812776e+00
7.194470e+00,2.125667e+00
5.002770e+00,2.923007e+00
5.385490e+00,1.331929e+00
4.313028e+00,1.025106e+00
8.862664e+00,3.145636e+00
-1.252045e+00,4.239803e+00
5.085495e+00,-1.037905e+00
-1.271669e+00,-1.521253e+00
2.841419e+00,4.470115e+00
7.207267e-01,-3.447816e-01
1.393526e+00,4.832162e+00
5.635069e+00,-1.300984e+00
2.067726e+00,5.260333e+00
6.473936e+00,-1.590528e+00
2.579104e+00,2.915444e+00
1.774764e+00,2.886058e+00
6.421427e+00,2.679415e+00
4.514401e-01,-2.351862e+00
-2.468191e-01,1.731531e+00
2.318407e+00,-1.338591e+00
7.316601e+00,-6.097676e-01
3.012967e+00,4.560987e+00
3.069450e+00,-2.545374e-01
4.540464e+00,1.550420e+00
3.310204e+00,3.524612e+00
-3.110171e+00,5.101624e+00
2.385327e+00,5.239691e+00
4.789752e+00,9.561497e-01
2.775391e+00,3.013658e+00
3.333821e+00,-9.356036e-02
5.273275e+00,8.545152e-02
2.327906e+00,1.758683e+00
1.747646e+00,2.172145e+00
2.760884e+00,2.190105e-01
1.811246e+00,2.503685e+00
3.783970e-01,3.337426e-01
5.215613e-01,1.928952e-01
1.275321e+00,1.166555e+00
8.582542e-01,5.021905e+00
-1.732151e-01,-1.051367e+00
5.592601e+00,1.973343e+00
6.142767e-01,1.497648e+00
3.303358e+00,3.089251e+00
5.032081e+00,-1.394658e+00
3.923831e+00,1.624092e+00
-2.840102e+00,6.491869e+00
3.054380e+00,3.607761e+00
2.812673e+00,1.075912e+00
5.142331e+00,8.962965e-01
2.399478e+00,6.507630e+00
7.067176e+00,4.818270e+00
4.561944e+00,3.558524e+00
9.100155e-01,1.400376e+00
3.581701e+00,4.678057e+00
3.392120e+00,-2.533869e+00
2.474724e+00,1.593338e+00
2.550695e+00,7.605325e+00
6.225582e+00,1.570449e+00
8.456519e-01,3.477370e-01
4.127281e-01,1.475087e+00
5.688400e+00,6.931609e+00
4.898290e+00,5.500279e+00
9.145108e+00,1.697953e+00
2.299014e+00,4.255327e+00
4.121931e+00,4.318415e-01
2.345051e+00,3.727718e+00
3.919371e+00,4.959505e-01
3.793429e+00,2.374947e+00
-1.453003e-01,6.058382e+00
-4.194776e+00,3.162098e+00
7.113598e+00,4.394162e+00
2.845098e+00,-3.175361e-01
5.367206e+00,-7.132190e-01
4.087239e+00,3.690359e+00
8.570153e+00,-3.154506e-01
1.558524e+00,3.887112e+00
3.586494e+00,4.156129e+00
3.508424e+00,3.888257e+00
2.233341e+00,2.816971e+00
3.731190e+00,4.104206e+00
4.590052e+00,9.693762e-01
6.770436e-01,4.990907e+00
4.836382e+00,4.964767e+00
2.072730e+00,4.693605e+00
4.974200e+00,5.304875e+00
5.062201e+00,2.183446e+00
5.004958e+00,4.077317e+00
5.649955e+00,5.863216e+00
3.201810e+00,3.656172e+00
7.951365e+00,-1.521722e-01
1.372027e+00,2.384740e+00
4.452698e+00,2.940677e+00
4.218499e+00,1.486468e+00
2.143860e+00,-1.034554e+00
2.865662e+00,1.207365e+00
4.263353e+00,9.192787e-01
5.284797e+00,1.756968e+00
1.247297e+00,5.926548e+00
4.781093e+00,7.638239e-01
1.649954e+00,3.248344e+00
-1.867272e+00,-9.069753e-01
2.083751e+00,5.929449e+00
4.555412e+00,2.861281e+00
3.442999e+00,2.125574e+00
7.434338e+00,4.738309e+00
-1.242937e+00,2.101863e+00
4.128223e+00,2.382223e+00
5.615111e+00,3.577250e+00
5.086273e+00,-6.547376e-01
1.781016e+00,1.178018e+00
6.797350e+00,7.726628e-01
3.606615e+00,1.950433e+00
2.917016e+00,4.814985e+00
4.106080e+00,2.523781e+00
-9.314106e-01,1.845175e+00
5.948998e+00,3.722500e+00
3.849503e+00,-6.573773e-01
4.282072e+00,7.325175e-01
4.617800e+00,-3.391213e+00
3.459728e+00,-1.846450e+00
8.589971e+00,2.421355e-02
4.868038e+00,-5.469630e-01
-3.657934e-01,1.981274e+00
2.839014e+00,1.105890e+00
4.188938e+00,4.984194e+00
4.021902e+00,1.068551e+00
5.866364e+00,3.623918e+00
5.974819e+00,3.935390e+00
2.115993e+00,7.967702e-01
5.316701e+00,-1.343238e-01
3.624041e+00,1.571020e+00
4.533687e+00,1.535891e+00
1.241633e+00,2.121157e+00
2.797173e+00,-1.583436e-01
3.575982e+00,5.349717e-01
4.001617e+00,1.126960e+00
4.270951e+00,1.495122e+00
3.172835e+00,4.372574e-01
4.127135e+00,1.225528e+00
3.477929e+00,8.117871e+00
2.047878e+00,7.700253e-01
4.593509e-01,2.526372e-01
-4.783807e-01,5.448448e+00
3.701519e+00,4.825846e+00
7.953004e+00,4.880376e+00
2.184565e-01,2.799943e-01
7.745082e-01,4.859029e+00
4.547441e+00,6.353589e+00
4.785675e+00,4.830382e+00
1.021290e+00,7.264344e+00
2.398584e+00,1.626995e+00
4.498287e+00,1.989343e+00
6.012868e+00,1.988307e+00
-1.071343e-01,4.040257e+00
2.230442e+00,-9.043930e-01
8.992552e-01,4.176365e+00
4.140855e+00,1.891632e+00
2.155627e+00,2.233257e+00
4.361414e+00,-3.947523e-02
1.100333e+00,2.567175e+00
2.251130e+00,3.996954e+00
3.009986e+00,-3.949848e-01
3.743751e+00,6.122295e+00
2.251864e+00,-2.220612e+00
2.446978e+00,-3.512863e+00
8.509600e+00,3.653952e+00
1.850100e+00,4.306927e+00
3.011274e+00,5.371737e+00
4.976408e+00,4.016898e+00
4.614068e+00,4.336268e+00
1.161819e+01,-3.499674e+00
3.024377e+00,2.648913e+00
3.113715e+00,5.200662e+00
4.484181e+00,2.024264e+00
2.816236e+00,3.659240e+00
4.800772e+00,4.673461e+00
5.445886e+00,-1.846076e+00
3.999204e+00,9.309752e-01
4.289626e+00,3.279845e+00
8.623877e-01,-2.249545e+00
5.650819e+00,2.511320e+00
2.523555e+00,3.674655e+00
5.600845e+00,3.108700e+00
5.081550e+00,6.137173e+00
2.644910e+00,7.076596e+00
2.286159e+00,4.875389e+00
1.690223e-01,7.059087e-01
3.083017e+00,1.002920e+00
3.005775e+00,5.005265e-01
1.077580e+00,2.181536e+00
3.033416e+00,1.578082e+00
9.713074e-01,1.365742e+00
3.679591e+00,1.702922e+00
3.048927e+00,4.945619e+00
1.594402e+00,1.524763e+00
6.876276e+00,8.914353e+00
2.015463e+00,3.299957e+00
2.104375e+00,5.125724e-01
3.609086e+00,-2.829307e+00
1.850676e+00,-2.570522e+00
5.353607e+00,5.275558e+00
5.610312e-01,2.081032e+00
4.473591e+00,6.163072e-01
1.092051e+00,4.726608e+00
7.565010e-01,3.929378e+00
1.181608e+00,4.640964e+00
2.362967e+00,5.871112e+00
4.515623e-01,-1.620507e+00
5.324875e+00,7.285987e-01
9.792658e-01,2.052736e-01
3.156565e+00,-2.188045e+00
4.290392e+00,3.338093e+00
3.182579e+00,-1.749487e+00
3.652687e+00,6.234312e+00
2.915129e+00,3.551246e+00
4.185529e+00,3.932426e+00
9.143217e-01,-5.445270e-01
7.470325e+00,3.409937e+00
3.498407e+00,1.804792e+00
2.496915e+00,2.797995e-01
5.134493e+00,3.090896e+00
4.194378e+00,-2.420020e-01
4.845014e+00,1.181390e+00
9.041515e-01,5.081615e-01
9.395629e-02,1.053456e+00
6.103278e+00,-6.248114e+00
-5.108147e-01,3.597658e+00
2.387933e+00,3.397815e+00
1.929373e+00,9.690208e-01
4.216136e+00,3.162143e+00
3.345395e+00,-2.453857e+00
2.791814e+00,6.292928e+00
4.311696e+00,5.710684e+00
3.543108e+00,8.985249e-01
4.924674e+00,3.621165e+00
8.694777e-01,5.834537e-01
2.948471e+00,5.150286e+00
3.530688e+00,3.849595e+00
3.112223e+00,5.153154e+00
2.975121e+00,2.360836e+00
2.023257e+00,1.749035e+00
-8.758780e-01,-2.306839e-02
1.233543e+00,4.289436e+00
3.591774e+00,4.518900e+00
-3.498679e-01,3.123807e+00
4.638389e+00,8.406698e-01
3.833636e-01,-2.161324e+00
4.403968e+00,4.106019e+00
3.877642e+00,1.997427e+00
1.646972e+00,3.703388e+00
2.297435e+00,3.951989e+00
3.261773e+00,-1.435631e+00
2.854072e+00,1.002145e+00
4.390074e+00,5.107113e+00
4.507845e+00,2.899605e+00
1.450724e+00,2.110387e+00
1.040699e+01,-5.796047e-01
2.344114e-01,-9.399938e-04
2.276519e+00,3.245878e+00
3.249412e+00,1.397792e+00
1.457738e+00,-5.217500e-01
6.351039e-01,5.453364e-01
2.290133e+00,7.438942e-01
2.314056e+00,-8.182002e-01
8.820676e-01,5.837004e-01
9.156665e-01,1.143840e+00
7.297769e+00,-7.520555e-01
4.577370e+00,1.230493e+00
2.069497e+00,2.572499e+00
1.649888e+00,-7.718801e-01
7.132917e+00,4.357566e+00
5.280778e+00,4.351532e+00
7.471622e+00,2.903357e+00
5.556690e+00,2.774978e+00
7.101605e+00,-1.975233e+00
5.763236e-01,5.698498e+00
4.466604e+00,5.693151e+00
4.929209e+00,-5.261209e-01
3.258911e+00,2.373635e+00
4.286445e+00,-2.230748e+00
5.711457e+00,-2.087472e-01
3.659313e+00,5.157803e-01
6.254509e+00,3.875545e+00
2.468044e+00,-8.001423e-01
4.093387e+00,2.650013e+00
3.020124e+00,2.157792e+00
5.542408e+00,4.693944e+00
2.335150e+00,4.771937e-01
3.958448e+00,3.371394e+00
3.470393e+00,4.253349e+00
4.368923e+00,2.405876e+00
4.560207e+00,4.853393e+00
5.411690e+00,-3.364602e-02
2.899773e+00,9.675647e-01
2.866411e+00,5.017617e+00
4.150835e+00,2.986200e+00
5.407676e+00,-1.653446e+00
3.361708e+00,3.695093e+00
1.972111e+00,8.669278e-01
4.297063e+00,3.908305e+00
4.042277e+00,-6.137855e-01
1.548005e+00,3.112223e+00
-3.976111e-01,5.181333e+00
6.944799e+00,5.453646e+00
3.819869e+00,2.026821e+00
2.631960e+00,5.024839e+00
2.645013e+00,3.165415e+00
1.476585e+00,3.873261e+00
2.101818e+00,-6.184098e-01
6.873806e+00,2.568519e+00
1.702790e+00,4.578717e+00
1.903940e+00,3.344296e+00
6.117501e+00,3.763265e+00
2.516290e+00,3.257194e+00
5.403473e+00,4.320054e+00
3.280778e+00,2.270466e+00
4.591208e+00,3.834310e+00
6.813146e+00,1.208121e+00
6.121711e+00,-1.897248e-02
2.907831e+00,-2.343193e-01
5.775217e+00,-5.611995e-01
5.615376e+00,7.926983e-01
1.134650e+00,3.009864e+00
2.762811e+00,7.026788e+00
-4.831727e-01,1.336172e+00
1.276652e+00,4.096643e+00
2.648993e+00,2.039869e+00
3.314832e+00,6.051039e+00
6.493068e+00,3.170001e+00
1.070950e+00,5.743538e+00
-1.136871e+00,2.293754e+00
1.314358e+00,4.250630e-02
4.477403e+00,5.252375e+00
1.636060e+00,1.315082e-01
-1.219345e+00,4.884787e+00
4.998043e+00,1.221841e+00
7.105500e+00,3.910382e+00
8.360602e-01,2.532956e+00
4.239455e+00,3.849278e+00
-1.125042e+00,4.916051e+00
4.241193e+00,-4.490398e+00
2.486228e+00,4.631948e+00
