-4.400394e-01,8.771234e-01
7.984144e+00,4.215855e+00
2.125822e+00,2.808329e+00
5.881309e+00,1.130372e+00
2.583636e+00,-1.067882e+00
3.343265e+00,6.753724e-02
8.839589e-01,1.300407e+00
1.684192e+00,1.215800e+00
5.442180e+00,3.443767e-01
1.910599e-01,2.689858e+00
2.014947e+00,3.478431e+00
5.674317e+00,2.334622e+00
6.445879e+00,1.288010e-01
1.608597e+00,4.165962e+00
3.499979e+00,3.193533e+00
1.669574e+00,2.822521e+00
3.454508e+00,1.863593e+00
1.079068e+00,2.711105e+00
7.561971e+00,2.667238e+00
2.248654e+00,5.050815e+00
2.710567e+00,4.949610e+00
3.316382e+00,1.324369e+00
1.060991e+00,-1.771044e+00
3.909091e+00,2.220738e+00
5.153645e+00,3.003108e+00
5.720960e+00,2.323108e+00
3.712649e+00,2.267531e+00
5.242956e-01,3.783504e+00
3.731299e+00,-2.172406e-01
1.884929e+00,1.476022e+00
9.455542e-01,2.810360e+00
3.607349e+00,3.198556e+00
1.088593e+00,1.496870e+00
4.614921e+00,4.580477e+00
4.403006e+00,3.800983e+00
3.250644e+00,3.829670e+00
4.373745e+00,1.398860e+00
1.209713e+00,1.493748e-01
2.198416e+00,-8.250599e-02
3.212943e+00,8.236308e+00
1.995243e+00,-1.011812e+00
5.042874e+00,4.763095e+00
2.140625e+00,1.088700e+00
6.510014e+00,2.342296e+00
6.600692e-01,3.807180e+00
2.488204e+00,2.750448e+00
4.198151e+00,1.915608e+00
2.108191e+00,1.374403e+00
-8.981652e-01,1.133789e+00
-6.993230e-01,2.380230e+00
1.063873e+00,-7.937986e-01
4.071435e+00,2.231966e+00
2.573116e+00,2.207654e+00
5.082166e+00,3.252289e+00
-5.068156e-01,1.254538e+00
-3.899037e-01,2.678427e+00
4.138756e+00,2.295179e+00
7.016727e-01,-6.436684e-01
1.900473e+00,4.739964e+00
3.702280e+00,9.070951e-01
1.230161e+00,1.475287e-01
4.148037e+00,-1.508730e-01
4.420967e+00,-5.344317e-01
7.564730e-01,9.389841e-01
6.925239e+00,4.884992e+00
4.279453e+00,2.930627e+00
3.867852e+00,2.245712e+00
7.939554e+00,5.003038e+00
4.826364e+00,6.887081e-01
2.809108e+00,-8.759830e-01
1.233828e+00,2.234154e+00
4.751728e+00,2.059630e+00
1.637849e+00,3.168970e+00
4.848748e+00,2.877977e+00
3.448544e+00,3.657311e-01
6.581061e+00,3.052300e+00
4.852275e+00,1.584099e+00
2.724391e+00,3.966541e+00
2.324235e+00,-8.798892e-02
3.627602e-01,-1.150461e+00
3.998806e+00,5.650268e+00
6.220320e+00,2.765299e+00
-4.075651e-01,4.192918e+00
1.531850e+00,-2.750531e+00
2.503880e+00,3.673189e+00
5.339883e+00,3.350270e-02
2.115215e+00,3.348855e-01
-5.622617e-01,2.946491e-02
2.948205e+00,2.126441e+00
5.089681e+00,1.385420e+00
-1.700112e+00,2.729469e+00
2.860141e+00,3.278732e+00
4.289634e+00,4.086962e+00
5.558493e+00,-2.129375e-01
3.813873e+00,3.250904e+00
4.788627e+00,4.311880e-01
6.784425e+00,2.245173e+00
1.158328e-01,8.641263e-01
1.888492e+00,2.054525e+00
-3.913625e-01,1.654797e+00
4.139999e+00,4.263781e-01
7.997705e-01,3.360698e+00
3.376283e+00,-4.513393e-01
6.493142e+00,3.107615e+00
9.867196e-01,-1.503061e+00
1.350273e+00,5.261310e+00
4.189997e+00,2.051128e+00
2.652206e+00,2.675565e+00
4.074053e+00,2.533953e+00
-1.313870e+00,1.701315e-02
3.188957e+00,2.581521e+00
1.501067e+00,2.638331e+00
1.114998e+00,3.044165e+00
4.848310e+00,1.774873e+00
4.433726e+00,1.136076e+00
3.824652e+00,1.100663e+00
7.374019e-01,1.961562e+00
-2.996590e+00,-2.701570e-01
3.269897e+00,7.041260e-01
2.585577e+00,8.933890e-03
2.027573e+00,-4.994505e-01
1.555586e+00,-3.450675e-01
2.528875e+00,2.101708e+00
-2.852053e-01,-5.803704e-02
-6.220410e-02,-4.450687e-01
-1.568314e+00,7.816436e-01
3.051148e+00,3.217707e+00
1.040351e+00,1.695059e+00
8.016011e+00,1.591287e-01
-3.146624e+00,2.645904e+00
4.228627e+00,8.644651e-01
3.740043e+00,1.499675e+00
5.318776e+00,3.573687e+00
5.898115e+00,1.193141e+00
6.333881e+00,2.218114e+00
1.481540e+00,-5.912044e-02
1.399500e+00,-8.564025e-01
4.385292e+00,2.807578e+00
5.271448e+00,3.702357e+00
-3.595596e-02,5.316040e+00
1.913165e+00,1.911150e+00
4.464204e-01,8.606571e-01
1.143788e+00,2.473361e+00
5.202381e+00,4.088401e+00
3.692816e+00,3.565037e+00
1.150850e+00,-1.646064e+00
1.663828e+00,-2.859202e-01
3.267831e+00,3.084913e+00
2.506403e+00,3.908805e+00
1.836193e+00,2.016958e+00
6.408134e-01,1.542967e+00
3.075459e+00,3.662417e+00
6.218998e+00,3.649753e+00
2.685926e+00,2.756906e+00
2.340351e+00,9.154978e-01
5.386907e+00,4.035980e+00
3.410178e+00,7.894077e+00
3.578728e+00,1.532695e+00
1.899914e-01,4.916500e-02
3.020969e+00,2.863512e+00
2.836526e+00,2.232790e+00
1.550791e+00,-1.352542e+00
8.437864e-01,4.946029e+00
-1.084046e+00,3.757226e+00
7.476365e+00,2.579524e+00
1.117891e+00,1.209109e-01
2.048611e+00,1.234359e+00
7.534475e+00,2.969448e+00
-5.422328e-03,2.329774e+00
4.449357e+00,1.720599e+00
-2.532367e+00,1.464659e+00
4.780000e+00,2.758525e+00
3.773949e+00,3.950677e+00
-5.290668e-02,1.413167e+00
8.271045e+00,2.714755e+00
2.529713e+00,1.630746e+00
3.948491e+00,2.032452e+00
2.971967e+00,4.057290e+00
3.374446e+00,1.428882e+00
4.402203e+00,2.377620e+00
4.365258e+00,2.330772e+00
4.656646e+00,1.440388e+00
4.877799e+00,1.705008e+00
2.889513e+00,2.387568e+00
2.781250e+00,2.258245e+00
1.126791e+00,2.300885e+00
3.334453e+00,3.521915e+00
-9.904497e-01,-1.427381e+00
1.691724e+00,1.345488e+00
5.434094e+00,2.364148e+00
5.298603e+00,2.128111e+00
1.364831e+00,-1.159375e+00
4.846208e+00,3.725014e+00
-4.432785e-03,1.005435e+00
-7.080943e-01,-3.445635e+00
5.646566e+00,2.790571e+00
1.835914e-01,1.181004e+00
8.920266e+00,7.294160e-01
2.463228e+00,-3.695729e+00
3.504868e+00,7.870739e-01
3.968905e+00,1.578897e+00
2.641202e+00,5.115747e-01
-1.425176e+00,-1.729412e+00
7.668641e+00,3.137687e+00
2.146868e+00,7.616596e-01
1.538786e+00,2.077558e+00
5.693254e+00,2.616390e+00
3.652048e+00,4.172158e+00
1.659399e+00,4.943931e+00
3.934292e+00,-5.444094e-01
-3.225936e-01,1.336935e+00
2.887784e+00,8.860509e-01
2.066031e+00,1.166567e+00
3.695230e+00,3.738070e-01
1.077551e+00,1.323053e+00
-8.401969e-01,5.089960e+00
9.395083e-01,2.243410e-01
3.572509e+00,4.672563e+00
6.647762e+00,1.232012e+00
3.406819e+00,1.457071e+00
1.409036e+00,2.647091e+00
2.377310e-01,-5.016394e-01
2.535746e+00,4.532566e+00
2.810480e+00,3.769129e+00
4.372087e+00,-1.500281e+00
4.257041e-01,1.407136e+00
4.318798e+00,6.569946e-01
2.643473e+00,3.031056e+00
2.841909e+00,9.636171e-01
3.483601e+00,3.838117e+00
3.659297e-01,1.207350e+00
2.882474e+00,-2.690761e-01
7.316043e-01,1.119711e+00
1.864891e-01,7.398245e-01
3.712670e+00,7.139511e-01
-3.235624e-02,5.573934e+00
2.823419e+00,6.732090e-01
2.269943e+00,1.167558e+00
4.122669e+00,2.882302e-01
5.594699e+00,-2.627526e+00
2.428079e+00,2.595398e+00
4.772245e+00,3.945628e+00
1.634135e+00,2.186579e+00
5.967079e+00,-2.883186e-01
2.511050e+00,3.963470e-01
3.199197e+00,2.820758e+00
4.417774e+00,5.020022e-01
7.388638e+00,1.015036e+00
5.388690e-01,2.017900e+00
2.630993e+00,2.535585e+00
1.576034e+00,3.162904e+00
8.374065e-01,-1.589194e+00
6.626309e+00,2.198788e+00
5.118252e+00,4.770830e+00
2.548723e+00,1.231177e+00
3.893026e+00,1.455413e+00
5.194958e+00,5.119619e+00
1.793033e+00,-2.345749e-01
6.111525e+00,4.427989e+00
1.142871e+00,1.364911e+00
2.121785e+00,1.044930e+00
5.839074e+00,3.716842e+00
2.036097e+00,-2.565388e+00
-2.596821e-01,2.192445e+00
3.904424e+00,5.636369e-01
1.942166e+00,3.236178e+00
1.223534e+00,2.867617e+00
4.076272e+00,2.871005e+00
3.486378e+00,4.094927e-01
1.350642e+00,2.197281e+00
2.837577e+00,-2.048688e+00
2.317791e+00,2.262094e+00
1.828333e+00,8.740503e-01
5.119126e+00,3.395177e+00
4.541638e+00,2.577668e+00
