5.894833e+00,2.394831e-01
5.372803e+00,6.930041e-01
3.806705e+00,1.155825e+00
5.574616e+00,-9.629756e-01
3.452344e+00,6.201653e-01
3.602584e+00,1.393935e+00
3.796091e+00,-3.519447e-01
5.026830e+00,1.196580e+00
2.894423e+00,8.317827e-01
2.939713e+00,-2.135665e-01
5.041920e+00,1.184825e+00
4.920594e+00,1.444396e-01
5.575059e+00,1.244083e-01
5.567910e+00,7.515971e-01
6.299928e+00,6.931736e-01
3.768122e+00,8.208423e-01
4.226107e+00,9.457905e-01
2.949208e+00,2.903713e-01
5.926462e+00,-2.004094e-01
5.293291e+00,6.606593e-01
4.781634e+00,8.751229e-01
6.297152e+00,-2.844943e-02
6.504523e+00,8.590395e-01
2.434849e+00,6.531663e-01
2.508082e+00,-4.268767e-01
3.594114e+00,-7.197025e-02
5.415578e+00,1.108290e+00
5.423963e+00,2.046979e+00
6.144757e+00,5.556768e-01
4.522407e+00,4.011364e-01
5.103665e+00,3.145000e-01
4.019036e+00,3.626781e-01
3.520740e+00,5.338342e-01
2.822712e+00,-3.536507e-01
5.879628e+00,3.327159e-01
4.039649e+00,7.594442e-01
4.008941e+00,1.115368e-01
2.615358e+00,8.004190e-01
5.047283e+00,-6.717768e-02
3.623844e+00,1.038449e+00
5.164759e+00,1.307253e+00
5.446506e+00,5.903972e-01
3.626448e+00,7.505256e-01
5.663987e+00,1.569854e+00
5.360191e+00,1.089496e+00
6.923494e+00,1.281948e+00
6.047572e+00,3.085954e-01
3.337001e+00,1.185136e+00
3.818587e+00,6.519723e-01
6.062877e+00,1.448488e+00
3.510770e+00,1.141574e+00
3.324171e+00,2.818024e-01
2.225388e+00,2.807799e-01
5.070301e+00,2.889767e-02
3.403523e+00,7.467091e-01
4.200524e+00,2.413528e-01
2.268062e+00,-9.557483e-01
2.836344e+00,1.654846e+00
6.457160e+00,1.542209e+00
6.386951e+00,1.391462e+00
4.178038e+00,5.740274e-01
3.635053e+00,1.888273e-01
4.927511e+00,-2.989924e-01
4.140209e+00,1.253707e+00
2.669488e+00,3.053745e-01
6.692208e+00,8.082360e-01
4.462718e+00,1.603425e+00
5.639589e+00,8.011916e-01
3.839309e+00,2.180921e-01
6.745169e+00,-8.601154e-04
4.323174e+00,9.226168e-01
4.440968e+00,1.730590e-01
2.918145e+00,1.202626e-01
5.114425e+00,-2.296713e-01
2.549834e+00,5.574258e-01
4.320049e+00,9.079138e-01
6.269747e+00,8.232445e-01
5.231216e+00,-3.712165e-02
4.665204e+00,4.687580e-01
3.465108e+00,1.447724e+00
3.014680e+00,2.438258e-01
4.289817e+00,6.824784e-01
2.924647e+00,1.066019e+00
4.095626e+00,-2.173050e-01
4.555851e+00,5.061943e-01
4.708648e+00,6.835007e-01
4.533697e+00,6.611980e-01
3.964051e+00,1.309732e+00
1.763630e+00,1.116999e+00
5.805883e+00,8.697311e-01
6.182134e+00,-3.070030e-01
3.067879e+00,4.510170e-01
2.792669e+00,8.063740e-01
3.753474e+00,-1.360011e-01
5.768195e+00,7.590648e-01
4.678842e+00,1.375638e+00
3.858322e+00,-1.908972e-01
4.162145e+00,1.480618e-01
3.907512e+00,2.493719e-01
5.430047e+00,4.203106e-01
2.544023e+00,2.436796e-01
5.757993e+00,1.421393e-02
3.484985e+00,1.070846e+00
6.693338e+00,1.300000e+00
6.683734e+00,-3.271585e-02
6.197750e+00,4.176865e-01
4.303840e+00,9.983168e-01
2.368558e+00,1.001419e+00
3.413192e+00,-5.818594e-01
2.014232e+00,9.916408e-01
4.356290e+00,1.552001e+00
3.832373e+00,8.629772e-01
5.839721e+00,4.544401e-01
5.917925e+00,6.944391e-01
5.463691e+00,1.448819e+00
6.120116e+00,1.125465e+00
6.970046e+00,2.214608e-01
5.855361e+00,1.150386e-01
6.540200e+00,7.106862e-01
4.186080e+00,1.328642e+00
5.656803e+00,1.126796e+00
4.969042e+00,4.386890e-01
5.025462e+00,3.899326e-02
3.232419e+00,4.007542e-01
5.246351e+00,5.659222e-01
6.505699e+00,1.831716e+00
6.767206e+00,-5.037966e-01
3.779639e+00,2.591594e-01
5.202357e+00,3.377027e-01
5.909623e+00,1.620532e+00
5.946621e+00,1.075571e+00
3.235026e+00,-6.060826e-01
5.054540e+00,7.509397e-01
2.357595e+00,-8.827445e-02
2.601517e+00,1.962427e-01
6.362028e+00,8.314238e-01
4.360563e+00,6.033854e-01
3.830539e+00,1.118983e+00
6.337473e+00,-8.690778e-02
4.640056e+00,7.773459e-01
4.472249e+00,-8.522085e-01
4.489547e+00,1.327996e+00
5.896903e+00,-1.067165e-02
4.470899e+00,1.369940e+00
4.878287e+00,1.841927e-01
3.836523e+00,-1.270068e-01
4.211709e+00,6.484171e-01
5.036978e+00,1.609266e-02
5.461060e+00,5.011882e-01
5.127747e+00,7.984345e-01
4.711954e+00,6.415762e-01
5.268477e+00,1.054936e+00
2.625265e+00,1.118824e+00
4.602513e+00,1.700783e-01
3.830945e+00,-9.671939e-01
4.488387e+00,-8.070794e-01
5.374093e+00,1.471935e+00
4.819014e+00,1.740574e-01
3.564339e+00,3.956002e-01
4.264312e+00,3.730589e-01
5.871519e+00,7.076301e-01
3.084356e+00,1.480253e+00
3.870843e+00,9.449900e-01
6.358827e+00,-3.039579e-01
6.128639e+00,9.326242e-01
5.921932e+00,1.250078e+00
3.141350e+00,2.560287e-01
2.606195e+00,3.787671e-01
1.641653e+00,6.038232e-01
5.350543e+00,3.228161e-01
6.015935e+00,-4.537708e-01
6.023729e+00,1.688540e-01
2.201102e+00,-3.530431e-01
3.705010e+00,1.281821e+00
6.494541e+00,1.173372e+00
6.002679e+00,5.810241e-03
2.881859e+00,5.215465e-01
2.100733e+00,7.316518e-02
5.884509e+00,8.325217e-01
2.957909e+00,1.719651e+00
4.318235e+00,-1.526996e-01
5.935723e+00,1.152263e+00
6.478616e+00,-7.831665e-01
4.160887e+00,7.977798e-01
4.847364e+00,1.129616e+00
3.343029e+00,6.690930e-01
3.398638e+00,3.896290e-02
4.860219e+00,3.420461e-01
3.155448e+00,1.463854e+00
4.968793e+00,1.388289e+00
6.100104e+00,5.922090e-01
3.634171e+00,1.334741e-01
3.497323e+00,1.559930e+00
1.748323e+00,-6.449588e-01
5.709380e+00,-3.624400e-01
4.940462e+00,-1.745707e-01
3.561221e+00,7.745838e-01
5.086959e+00,1.287143e+00
4.211948e+00,1.000754e+00
6.171908e+00,8.108256e-01
3.442780e+00,2.001800e+00
3.729432e+00,-5.647436e-01
4.697195e+00,8.272941e-01
4.135264e+00,3.252074e-01
3.176531e+00,-3.304516e-01
2.437953e+00,9.095789e-01
5.608297e+00,8.558479e-01
5.575801e+00,4.613253e-01
3.427232e+00,-2.580251e-01
6.022520e+00,8.077341e-01
2.582355e+00,1.216270e+00
4.076345e+00,-5.925713e-01
5.102330e+00,-5.457757e-01
4.630782e+00,3.696666e-01
3.423617e+00,-1.157054e-01
6.114893e+00,1.195942e+00
5.828523e+00,6.503906e-01
4.966708e+00,-4.667991e-01
2.323196e+00,-2.567988e-01
5.044093e+00,6.961322e-01
2.417472e+00,-1.173214e-01
5.721812e+00,1.790656e+00
5.490869e+00,-6.377947e-01
4.407030e+00,-6.745771e-01
5.128641e+00,9.035509e-01
6.256762e+00,1.116937e+00
4.927817e+00,7.022686e-01
6.704504e+00,8.002848e-01
5.127448e+00,-5.260045e-01
3.721036e+00,6.477990e-01
6.329509e+00,1.076105e+00
2.543036e+00,1.141601e-01
2.409667e+00,2.042357e-01
6.000957e+00,7.350391e-01
3.195598e+00,9.209536e-01
2.892889e+00,6.717818e-01
6.004595e+00,1.056930e+00
6.856033e+00,5.155280e-01
6.554968e+00,1.247648e+00
3.353329e+00,7.052684e-01
5.520851e+00,1.905668e+00
4.130145e+00,-4.068551e-01
6.120918e+00,8.064302e-01
2.086440e+00,1.094063e+00
3.741565e+00,5.220191e-02
2.534620e+00,-6.393723e-01
4.093494e+00,5.287153e-01
6.789926e+00,4.197880e-01
6.083711e+00,4.491373e-01
4.990951e+00,-7.248309e-02
