1.263459e+00,-3.490546e-01
-9.975968e-01,5.164786e-01
1.772722e-01,1.642708e-01
6.401378e-01,8.391592e-01
1.405951e+00,-2.338375e-01
4.264210e+00,-7.232487e-02
5.299084e+00,3.517383e+00
1.071980e+00,7.736703e-01
4.957238e+00,1.351622e+00
3.605656e+00,2.204475e+00
5.390329e+00,5.921594e-01
-4.088601e-01,2.001548e+00
-1.193664e+00,-8.789247e-01
3.719013e+00,7.081186e-01
5.750665e-01,-6.869139e-02
2.414411e+00,7.728387e-02
5.341412e+00,1.660739e+00
1.988539e+00,9.164714e-01
2.252199e-01,1.061610e+00
1.054316e-01,6.714156e-01
5.286415e-03,1.124436e+00
2.337305e+00,5.431283e-01
4.748878e-01,1.334341e+00
3.600499e+00,-9.060131e-01
4.475752e+00,1.391251e+00
3.425031e+00,2.268537e+00
4.347976e+00,1.105659e+00
1.059128e+00,-1.256640e-01
2.229697e+00,3.156774e-01
4.757893e-02,-7.033663e-01
1.831797e-01,-1.247567e+00
4.413101e+00,1.912048e+00
4.952229e+00,3.573561e+00
1.167945e+00,1.073525e+00
1.376743e+00,8.322686e-01
6.303562e-01,-6.728064e-01
6.764336e-02,-8.280126e-02
5.020547e-01,2.610317e-01
3.053199e+00,-3.650909e-01
3.870273e+00,4.971685e-01
7.716667e-01,1.735257e+00
3.174517e+00,1.980135e-01
4.131822e+00,9.910938e-01
3.008813e+00,-9.281846e-01
5.349344e+00,1.923747e+00
4.823759e+00,2.093081e+00
5.156167e+00,1.793650e+00
3.047225e+00,7.337435e-01
2.714561e+00,2.088135e+00
4.734913e+00,1.012393e+00
5.159957e+00,1.358702e+00
3.343607e-01,-1.044229e-01
8.169737e-01,1.300440e+00
2.995158e+00,1.410274e+00
3.214029e+00,2.495418e+00
3.575158e+00,1.488583e+00
-2.786864e-02,4.367011e-01
2.068547e+00,1.354180e-02
4.075668e+00,2.652778e+00
4.463600e+00,1.117879e+00
3.349145e+00,-1.017674e+00
1.148793e+00,5.776549e-01
4.237969e+00,2.476592e+00
5.854606e+00,3.209758e+00
4.833323e+00,1.265523e+00
1.179722e+00,5.946780e-01
4.476677e+00,-2.099983e-01
6.011339e+00,3.263620e+00
2.614417e+00,1.238945e+00
2.594325e+00,1.954226e+00
2.509034e+00,5.805531e-01
3.547593e+00,1.997528e+00
4.227598e+00,2.003499e+00
2.356939e+00,1.122731e+00
4.088185e+00,1.416150e-01
1.862341e+00,1.983927e+00
5.961212e+00,2.611063e+00
4.509108e+00,2.580777e+00
3.503803e+00,1.984130e+00
-3.394574e-01,-4.547284e-01
2.447712e+00,-8.899365e-02
4.604575e+00,-1.998679e-01
2.046587e+00,-3.247951e-01
-9.493364e-01,-1.310534e+00
1.553338e+00,4.189702e-02
1.790154e+00,2.418309e+00
1.589861e+00,4.163837e-01
4.046131e+00,1.778882e+00
-3.715953e-01,4.723078e-01
2.402169e-01,3.476099e+00
1.504962e+00,9.423600e-01
1.315592e+00,2.187918e+00
2.110109e+00,2.281856e+00
4.858022e+00,1.447356e+00
2.996807e+00,3.754393e-01
5.363091e+00,1.183216e+00
3.863790e-01,1.449758e+00
3.533317e+00,2.471215e-01
2.648310e+00,-1.698011e+00
1.314919e+00,9.469171e-01
4.023673e+00,4.257631e-01
2.018528e+00,7.208669e-01
-1.048792e+00,8.109880e-01
2.159134e+00,1.440736e+00
1.204530e-01,-8.453122e-01
-1.701062e-01,-6.924827e-01
3.229235e+00,-6.305696e-01
3.345951e+00,4.989179e-01
5.346194e+00,8.849155e-01
8.251424e-01,-5.296795e-01
5.187170e+00,3.094844e+00
3.442249e+00,1.646124e+00
1.267128e+00,-1.844599e-01
-1.172315e+00,1.680076e+00
-8.103774e-01,-4.204901e-01
5.348216e+00,7.102601e-01
3.446329e+00,5.219557e+00
3.525529e+00,7.608428e-01
4.976716e+00,-5.690471e-01
3.641955e+00,2.246213e+00
4.302498e+00,8.671292e-01
3.502006e+00,1.006608e+00
-1.843506e-01,5.013171e-01
3.374395e+00,9.131582e-01
4.784887e+00,1.914994e+00
3.622833e+00,2.669652e+00
6.464496e+00,3.381310e+00
7.058137e-01,1.409811e+00
1.355192e+00,-5.464759e-01
1.601818e+00,1.502281e+00
2.464588e+00,2.027242e+00
1.239045e+00,-2.185870e-01
5.282963e-01,3.132326e-01
5.718745e-01,9.359624e-01
1.627384e+00,-5.046677e-01
4.038727e-01,2.262642e+00
1.475262e-01,5.705973e-01
5.689178e+00,3.690283e+00
-1.667694e+00,6.225354e-02
1.342766e+00,1.754341e+00
4.086925e+00,4.259112e+00
1.718179e+00,9.890008e-01
6.439039e-01,-2.998735e-02
5.453047e+00,9.631277e-01
1.032751e+00,-1.469769e-01
4.098373e+00,1.425549e+00
1.482864e+00,1.216648e+00
1.152596e+00,2.343389e+00
6.522816e+00,3.204865e+00
3.760296e+00,2.887976e+00
7.399758e-01,6.992042e-01
3.785962e+00,2.088112e+00
3.359073e+00,1.065660e+00
6.041500e+00,2.255450e+00
4.980600e+00,-2.719150e-01
2.070767e+00,2.321014e+00
2.704068e+00,2.186026e+00
1.901077e+00,2.064829e+00
1.328936e+00,1.077817e+00
1.707639e+00,8.740411e-01
-9.045946e-01,-2.812622e-01
3.285975e+00,2.301636e+00
1.962129e+00,8.700534e-01
2.251391e+00,8.152200e-01
6.990985e-01,8.293107e-01
1.394306e+00,2.299194e+00
5.047559e-02,5.149300e-01
2.834685e+00,7.017792e-01
1.011195e+00,-2.041340e+00
3.928394e+00,1.647032e+00
5.566805e+00,1.488825e+00
1.768441e+00,1.023497e+00
2.785271e-01,9.926042e-01
2.483523e+00,1.084315e+00
-1.608465e+00,9.045598e-01
2.330942e+00,9.178570e-01
1.355126e+00,1.683313e+00
4.147189e+00,2.000599e+00
5.081365e+00,1.767350e+00
9.723858e-01,3.850301e-01
-1.735273e-01,3.883630e-01
4.138210e+00,2.149706e+00
5.526649e+00,2.128563e+00
1.221007e+00,-5.210461e-01
4.999102e+00,-3.886192e-01
2.482988e-01,-1.316237e+00
5.682967e+00,2.561650e+00
2.711496e+00,5.247578e-01
4.124899e-02,1.979187e+00
-1.443972e+00,-1.539172e+00
5.151996e+00,8.525129e-01
3.024335e+00,2.623254e+00
6.188624e+00,2.933358e+00
3.245016e+00,2.010378e+00
3.011663e+00,-5.565165e-02
2.562458e+00,1.957414e+00
4.022114e+00,1.399070e+00
1.810188e+00,-1.581979e+00
4.376253e+00,6.766026e-01
3.284830e+00,1.287635e+00
1.721273e+00,2.073398e+00
-1.322546e-01,7.825756e-01
2.931505e+00,4.099301e-01
5.029281e+00,3.586009e+00
2.318216e+00,1.433332e+00
3.107308e+00,2.409274e+00
4.807120e+00,2.349951e+00
1.657165e+00,2.250171e+00
-6.748085e-01,-2.250398e+00
-1.755672e-02,-1.244357e+00
6.516795e-01,7.013407e-01
3.495927e+00,-2.210233e-01
4.674313e+00,1.764821e+00
2.453445e+00,9.173606e-01
4.268404e+00,9.859219e-01
2.520286e+00,1.824297e+00
-4.249238e-01,2.388967e+00
7.122873e-01,3.923341e-02
1.592794e+00,1.132935e+00
2.441470e+00,2.114306e+00
1.619127e+00,5.315234e-01
7.412689e+00,1.669679e+00
4.426523e+00,1.390632e+00
4.034392e+00,6.341568e-01
4.387578e+00,1.892040e+00
2.021110e+00,5.199119e-01
2.914765e+00,5.864126e-01
5.293954e+00,1.010752e+00
-1.257628e+00,2.383057e-01
5.479727e+00,6.284316e-01
1.116625e+00,4.090871e-01
2.943458e+00,1.309476e+00
4.208867e+00,1.489340e+00
1.235688e+00,1.002223e+00
4.645090e+00,2.322932e+00
5.458556e+00,3.321677e+00
5.485789e+00,9.755665e-01
4.091147e+00,1.411943e+00
4.853986e-01,7.839809e-01
2.314127e+00,2.703437e+00
5.064098e+00,9.850843e-01
1.035554e+00,3.750697e-01
2.719012e+00,-1.752008e-01
9.673137e-01,3.666765e-01
-4.423440e-02,9.890160e-01
2.379445e+00,1.102719e+00
1.808894e+00,3.681615e-01
4.721082e+00,7.158226e-01
7.977769e-01,2.086079e+00
1.484677e-01,1.474245e-02
4.965594e-02,1.268340e+00
3.139472e+00,5.865797e-01
5.645410e+00,1.343490e+00
3.730399e+00,-1.802533e+00
2.379507e-01,1.464718e+00
3.278259e+00,-1.209234e+00
1.185837e+00,1.057480e-01
3.932775e+00,4.647894e-01
8.801123e-01,-4.679479e-01
-1.731219e+00,2.394010e+00
2.448418e+00,1.775179e+00
4.917700e+00,1.821185e+00
1.332245e+00,-9.191553e-02
8.984098e-01,1.711823e+00
6.055850e+00,1.828118e+00
3.161759e+00,8.824303e-01
4.197574e+00,1.229085e+00
9.155040e-01,-4.417508e-01
-4.004046e-01,1.302529e+00
-1.246323e+00,1.265050e+00
4.198825e+00,2.722687e+00
1.313126e+00,8.241262e-02
-5.889313e-02,2.996419e-01
-1.506164e-02,1.337989e+00
5.122374e+00,1.205634e+00
1.141943e+00,1.059640e+00
4.256685e+00,3.238041e-01
3.294478e+00,8.819259e-01
1.313372e+00,1.004671e+00
5.762941e+00,-4.714573e-01
-1.330067e-01,8.075117e-01
2.514887e+00,1.231117e+00
1.982449e+00,1.197770e+00
2.180665e+00,-1.840347e-01
3.414906e+00,-2.265474e-03
2.437339e+00,9.420552e-01
-1.084617e-03,-9.711644e-01
6.014367e+00,1.083723e+00
5.607984e+00,9.100517e-01
3.678217e+00,4.369065e-01
3.048165e+00,2.742005e-01
1.532857e+00,1.741017e+00
7.976952e-01,2.277705e+00
2.914757e+00,4.422916e-01
1.061317e+00,-1.289459e-01
6.200016e+00,9.260714e-02
5.042634e+00,1.118523e+00
6.761064e-01,3.470280e-01
2.210521e+00,6.111387e-01
5.560122e+00,1.035220e+00
1.923332e+00,2.603911e+00
6.721323e+00,6.305401e-01
4.933567e+00,1.654760e+00
1.374521e+00,6.134658e-01
1.587245e+00,8.507430e-01
3.603085e+00,-7.704595e-01
4.120511e+00,1.849788e+00
7.891269e-01,1.274537e+00
3.928704e+00,1.681472e+00
3.862408e+00,3.755037e-01
1.167919e+00,4.159306e-01
1.911171e+00,4.131669e-01
2.709718e+00,2.296948e+00
-7.947193e-01,7.542193e-02
4.218400e+00,1.431706e+00
3.140255e+00,1.082933e-01
2.979381e+00,1.524655e+00
2.645898e+00,1.041047e+00
5.917795e-01,1.277451e+00
2.259140e-01,-1.336613e+00
3.239439e+00,1.837501e+00
2.452868e-01,-7.645120e-01
-1.017906e+00,1.743108e-01
-7.091788e-01,-9.650124e-01
3.839288e+00,1.159222e+00
1.521600e+00,6.154606e-01
-8.649600e-01,-3.708103e-01
3.619084e+00,2.033957e+00
1.928768e+00,1.172394e+00
4.858425e+00,7.833029e-01
3.464693e-01,2.098129e+00
6.725100e-01,8.513076e-01
1.261920e+00,8.105860e-02
3.255918e+00,4.434484e-02
-1.833930e+00,1.983115e+00
-4.674322e-01,1.858433e+00
3.703997e+00,2.794086e+00
1.979675e+00,2.024478e+00
-2.079759e-01,9.241085e-01
2.476390e+00,-2.501922e-01
-4.017617e-01,1.326351e+00
4.186402e+00,1.302106e+00
2.271569e+00,-9.349061e-01
2.971838e+00,1.777225e+00
2.304550e+00,2.530761e+00
-4.516888e-01,1.290180e+00
3.313862e+00,2.389616e+00
2.426820e-01,3.197436e-02
2.915219e-01,6.153820e-01
2.330062e+00,3.247375e+00
2.371920e+00,1.790132e+00
3.087000e+00,5.896756e-01
2.472255e+00,-1.861764e+00
2.861276e+00,-2.514050e-02
-4.546929e-01,-5.139741e-01
3.417214e+00,1.781389e+00
2.196369e+00,-9.806606e-01
3.560152e+00,1.681458e+00
5.460170e+00,-2.687336e-01
2.913126e+00,-4.309984e-01
4.534449e-01,1.069252e+00
4.608931e+00,7.766091e-01
4.755337e+00,2.921051e+00
1.675334e-01,-7.569196e-01
2.213077e+00,1.672938e+00
2.740248e+00,1.143464e+00
2.030341e+00,2.122790e+00
1.357576e+00,4.701450e-01
2.417795e+00,-9.928792e-02
2.543368e+00,-5.082501e-01
4.946659e+00,1.772454e+00
3.842015e+00,1.371104e+00
5.342007e+00,1.724225e+00
4.096771e+00,9.415897e-01
1.710796e+00,6.364520e-01
5.314827e+00,1.939760e+00
1.965957e+00,6.232659e-01
7.155578e-02,-1.313771e+00
4.271876e+00,3.683571e+00
4.453362e+00,1.870735e+00
5.855225e+00,1.903440e+00
2.072763e+00,2.420217e+00
6.826129e-01,1.490021e+00
2.607872e+00,2.025636e+00
4.146558e+00,6.364826e-01
2.246615e+00,9.719825e-01
6.057539e+00,1.099560e+00
-8.192529e-01,-2.281311e+00
5.048432e+00,-7.255584e-01
1.948470e+00,6.163693e-01
3.736352e+00,1.506264e+00
7.570517e+00,1.061930e+00
1.466210e+00,-1.278481e+00
2.070346e+00,1.078260e+00
1.150572e+00,4.057208e-01
2.120138e+00,2.261545e-01
1.333627e+00,8.153175e-02
2.846101e+00,-8.291026e-01
5.158583e+00,5.926090e-01
1.130470e+00,3.590306e-01
6.422448e+00,6.542259e-01
4.873638e+00,6.286119e-01
4.419821e+00,1.668477e+00
8.080167e-01,3.072643e+00
4.499715e+00,1.731716e-01
4.245065e+00,2.375337e+00
4.629574e+00,2.021874e+00
8.894509e-01,1.154263e+00
5.086696e+00,6.678920e-01
2.893863e+00,-2.368590e-01
1.692243e+00,1.066417e+00
4.709008e+00,2.040756e+00
1.937204e+00,1.166412e+00
3.190826e+00,6.758716e-01
3.056567e+00,3.565769e-01
4.469611e+00,1.101522e+00
1.454780e+00,1.772324e+00
4.821689e+00,1.662408e+00
2.106524e+00,1.860438e+00
2.378721e+00,1.728165e+00
2.517885e+00,3.316780e-01
3.469322e+00,2.505573e+00
3.479605e+00,-8.715813e-01
5.447840e-01,4.053418e-01
2.476142e+00,3.812712e-01
3.573409e+00,1.537305e+00
-1.518328e+00,9.141939e-01
-5.282460e-01,-1.346996e+00
3.511149e+00,1.284731e+00
-1.249592e+00,4.999377e-01
4.394741e+00,3.304737e+00
5.044505e+00,2.050036e+00
-1.195469e+00,-3.033286e-01
8.639730e-01,1.785842e+00
1.460280e+00,-7.762611e-02
6.492817e+00,1.939285e+00
2.479559e+00,-3.811310e-01
3.793259e+00,2.034582e+00
1.237357e+00,1.219257e+00
4.482124e+00,1.801635e+00
-3.957227e-01,1.068786e+00
6.068239e+00,2.665121e+00
5.279464e+00,-1.643758e+00
6.632883e-01,5.610449e-01
5.618861e-01,5.861701e-01
2.875890e+00,1.452538e+00
2.550907e+00,2.033774e+00
3.766349e+00,6.839120e-01
1.639567e+00,1.061314e-01
2.978554e+00,6.585388e-01
7.005773e+00,4.150041e+00
-1.801793e-01,1.689521e-01
3.618275e+00,5.569296e-01
2.968064e+00,2.255902e+00
2.208146e+00,1.826285e+00
3.144609e+00,2.794545e+00
2.867452e+00,1.699336e+00
1.929145e+00,8.915575e-01
6.177611e+00,1.221500e+00
2.030662e-01,-7.922256e-01
1.475606e+00,7.781050e-01
1.614981e+00,1.263934e+00
2.029370e+00,4.558108e-01
-4.928377e-01,2.159008e+00
2.037302e+00,3.457868e-01
-8.703613e-02,8.673331e-01
3.578848e+00,-1.528930e+00
4.395639e+00,1.920159e+00
5.128948e+00,-2.009424e-01
5.062127e+00,1.566112e-01
1.197687e+00,-1.402716e+00
4.580618e+00,2.765182e+00
-3.295198e-01,1.688445e-01
5.575952e+00,2.872698e+00
4.494963e+00,1.298834e+00
