8.408680e-01,4.592577e+00
-1.710012e+00,1.491734e+00
4.751566e+00,6.317225e+00
1.960817e+00,4.051578e+00
5.336887e+00,1.318237e+00
9.820501e+00,9.150973e+00
2.620882e+00,-1.257138e+00
1.345712e+00,4.644112e-01
2.357853e+00,6.762314e+00
7.451552e+00,5.524063e+00
2.974882e+00,2.364001e-01
1.151715e+00,7.462810e-01
3.162669e+00,1.640204e+00
8.562727e-01,1.399819e+00
9.234988e+00,1.386539e-01
5.882094e+00,9.048453e+00
5.476831e+00,7.694689e+00
1.301977e+00,-1.541442e+00
-5.467193e-01,5.506258e+00
9.796561e+00,8.535348e+00
6.657068e+00,2.188802e+00
4.618377e+00,7.394537e-01
3.614906e-01,2.835198e+00
8.658805e+00,-2.485116e+00
6.131195e+00,1.836682e+00
3.619175e+00,4.673001e+00
1.234694e+01,8.301630e+00
-5.406809e-01,8.743383e+00
3.561815e+00,1.240761e+01
2.921615e+00,2.129069e+00
4.827940e+00,4.834477e+00
6.853837e+00,4.469663e+00
3.776678e+00,6.791161e+00
3.039253e+00,7.003261e+00
6.822164e+00,1.057995e+01
1.377830e+01,1.521784e+00
1.422979e+00,2.100049e+00
9.618713e+00,-3.701909e-01
8.987297e+00,4.316097e+00
4.556271e+00,3.208845e-01
4.449029e+00,3.140728e-01
5.553568e+00,6.684592e+00
1.031248e+01,2.196252e+00
1.086014e+01,-9.681203e-01
1.420121e+01,1.015003e+01
1.008005e+01,6.283334e-01
4.573731e+00,1.181136e+01
4.200602e+00,1.135858e+01
1.030899e+01,4.136977e+00
2.216230e+00,3.895996e+00
6.412649e+00,2.741245e+00
1.637470e+01,5.721381e+00
6.228576e+00,2.400896e+00
4.175671e+00,-7.269474e-01
2.498201e+00,1.127642e+00
3.832900e-02,2.775376e+00
4.253794e+00,8.133549e+00
2.862542e+00,1.125000e+00
7.439836e+00,4.405464e+00
1.496192e+01,9.042187e-01
1.210006e+01,3.122713e+00
2.462134e+00,7.888258e+00
-3.309562e+00,3.206218e-01
2.619059e+00,7.765198e+00
8.592598e+00,4.629571e+00
1.239644e+00,6.513736e+00
1.767647e+00,2.671179e+00
5.104357e+00,4.391917e+00
4.878382e+00,2.328740e+00
1.088645e+01,2.714535e+00
1.056178e+01,5.389427e+00
6.035856e+00,6.375776e+00
6.361960e+00,4.923212e+00
-1.347014e+00,-8.285014e-01
8.157160e+00,3.915860e+00
1.153727e+01,3.873035e+00
5.148203e-01,2.333777e+00
6.481937e+00,-2.649841e+00
1.042793e+01,5.826294e+00
7.057752e+00,-6.097685e-01
9.934847e+00,3.238296e+00
3.594646e+00,-5.619963e+00
7.451972e+00,1.843097e+00
1.494637e+01,-6.640560e-01
1.053980e+00,3.516892e-01
1.524110e+01,6.420844e-01
4.307389e+00,7.154429e+00
8.795392e+00,5.367788e+00
4.067403e-01,1.187382e+00
2.786663e+00,2.890215e+00
3.243427e+00,4.557904e+00
1.020675e+01,3.394532e+00
3.776128e-01,-1.162938e+00
6.990983e+00,-2.326546e+00
5.375953e+00,6.464381e+00
9.974922e+00,3.915888e+00
4.948396e+00,-5.732910e+00
7.183536e+00,2.407605e+00
5.496574e+00,-1.421864e+00
2.522037e+00,-8.332256e+00
6.478823e+00,4.955883e+00
6.882837e+00,2.055585e+00
1.172130e+01,7.211901e+00
5.545028e+00,5.767193e+00
8.149864e+00,4.391845e+00
5.605805e+00,7.440750e-01
5.860423e+00,2.297696e-01
9.136104e+00,-1.284608e+00
4.616766e+00,6.277898e+00
3.822128e+00,7.500961e+00
3.453171e+00,7.218380e+00
4.788884e+00,2.000273e+00
9.343682e+00,1.076400e+00
1.185077e+01,1.298277e+00
6.036449e+00,9.573097e+00
6.948780e+00,4.939949e+00
2.384430e+00,6.510906e+00
-1.985296e+00,2.638792e-02
3.589634e+00,3.978650e+00
-5.173607e+00,-2.426068e+00
3.319258e+00,8.150426e-01
1.227802e+01,1.632925e+00
7.791562e+00,-3.517689e+00
5.097114e+00,5.844929e+00
5.729466e+00,3.487188e+00
2.543215e+00,-1.424640e-01
3.724523e+00,4.008417e+00
5.883604e+00,6.294751e+00
9.503422e+00,-4.111983e+00
6.041399e+00,7.276639e-01
-1.175456e+00,5.544855e+00
7.935867e-01,-1.453675e-03
9.956250e+00,7.415033e+00
2.450546e+00,3.752754e+00
-2.294888e+00,3.628960e+00
6.712708e+00,-7.859636e-01
9.589219e+00,5.291854e+00
1.369796e+01,5.701599e+00
7.002437e+00,3.426196e+00
9.685129e+00,5.903530e+00
8.908437e+00,-1.476703e+00
1.065029e+01,5.293431e+00
3.110431e+00,6.998349e+00
1.056467e+01,4.088156e+00
4.203187e+00,9.561048e+00
3.514137e+00,-1.648984e+00
4.665799e+00,1.226411e+00
5.433377e+00,2.677374e+00
8.703375e+00,5.606399e+00
4.419269e+00,7.848139e+00
9.152699e+00,2.131531e+00
4.923675e+00,5.593619e+00
1.644097e+00,1.963353e+00
9.580763e+00,4.774707e+00
1.170494e+00,4.328362e+00
-1.372280e+00,5.622931e+00
5.569024e+00,2.868794e+00
7.239392e+00,8.288504e+00
9.304401e+00,4.565040e+00
2.642024e+00,1.789637e+00
1.726226e+00,8.297771e+00
3.890075e+00,-2.196665e+00
6.936363e+00,6.153582e+00
2.292185e+00,3.085620e+00
6.223119e+00,6.090379e-01
7.865402e+00,1.056310e+00
6.461272e+00,3.887528e+00
8.429341e+00,7.305898e+00
2.778684e+00,4.369869e+00
7.511873e+00,2.558582e+00
6.795723e+00,-2.237070e+00
1.425139e+01,-1.310722e+00
2.260613e+00,5.105075e+00
4.068403e+00,-4.554093e-01
2.039080e+00,8.006669e+00
