-5.961271e+00,-2.506735e-01
-7.615338e-01,5.220503e+00
9.907730e+00,6.320899e+00
1.925553e+00,3.635404e+00
2.249817e+00,-3.549355e+00
1.186238e+01,6.517864e+00
-1.403788e-01,4.219845e+00
4.120672e+00,1.247103e+01
-8.154293e+00,5.781024e+00
-1.931344e+00,5.592265e+00
3.644557e+00,7.695953e+00
1.877069e+00,9.031517e+00
6.175303e+00,5.353878e+00
1.176718e+01,1.022511e+01
6.696597e+00,6.880119e+00
6.362814e+00,2.041452e+00
2.047227e+00,2.265061e+00
7.317331e+00,-5.150054e+00
4.159334e+00,4.667403e+00
1.586525e+01,6.391749e+00
4.669536e+00,9.386528e+00
2.558850e+00,1.867689e+01
-5.172060e-01,4.566618e+00
4.634176e+00,7.435120e+00
3.818031e+00,1.067947e+01
3.910261e+00,3.621830e+00
8.245962e+00,1.389451e+01
7.280782e+00,4.413899e+00
-3.632637e+00,4.361783e+00
8.400896e+00,6.825189e+00
8.472866e+00,6.360121e+00
-1.023755e+00,2.466706e+00
9.995878e+00,1.023385e+01
4.197265e+00,3.740739e+00
5.432007e+00,-4.189459e+00
4.968835e+00,6.890473e+00
8.526158e+00,1.129605e+01
1.885748e+00,-1.772768e+00
-2.106524e+00,1.028547e+01
3.212658e+00,7.480620e+00
6.944544e+00,-1.797176e+00
4.089054e+00,6.368349e+00
9.121419e+00,7.240722e+00
5.211543e+00,3.621144e+00
6.804972e+00,4.824111e+00
3.759344e+00,1.225591e+01
5.142663e+00,2.787415e+00
9.666676e+00,8.059189e-01
9.759213e+00,5.893044e+00
1.366851e-01,8.061670e+00
8.098195e+00,7.954982e+00
3.302014e+00,2.712038e+00
4.981078e+00,-7.395602e+00
2.265888e+00,1.237104e+01
8.074759e+00,5.540601e+00
8.705085e+00,7.921050e+00
1.157775e+01,5.739929e+00
7.329143e+00,1.016647e+01
6.444853e+00,-3.595291e+00
1.432396e+00,1.301682e+01
1.168074e+00,2.399449e+00
3.491145e+00,2.045430e+00
-2.017948e+00,3.797852e+00
9.512847e+00,2.180689e+00
7.792316e+00,8.381911e+00
1.010041e+01,7.325516e+00
2.965569e+00,6.552335e-01
-1.501303e+00,1.128775e+01
5.567700e-01,1.344256e+01
3.583393e+00,1.265667e+00
5.965068e+00,2.931445e+00
5.127453e+00,2.562781e+00
8.189208e+00,9.901016e-01
-3.293642e-01,4.595076e-02
-5.956045e+00,1.363740e+01
-4.986208e-01,9.726150e+00
5.121642e+00,-8.878693e-01
-1.792214e+00,1.608593e+00
9.722042e-01,-4.022646e+00
2.261538e+00,2.112739e+01
-1.191476e+00,-4.828236e+00
5.750534e+00,3.982322e+00
-5.987165e+00,1.722633e+00
-3.226664e-02,2.734155e+00
1.611900e+01,2.338659e+00
5.410319e+00,-1.177982e+00
2.470706e+00,7.019422e-01
7.647463e+00,4.447955e+00
1.234132e+01,3.505626e+00
-2.108711e+00,2.179306e+00
7.736149e+00,8.440809e-01
5.183782e+00,4.401979e-01
-2.712332e+00,-1.939017e-01
-2.582174e+00,-1.532625e+00
6.317396e+00,-3.577156e+00
7.714943e+00,9.605652e+00
1.295917e+01,-3.758307e+00
1.393897e+01,3.894805e+00
2.858289e+00,-1.866141e+00
6.381285e+00,-2.638651e+00
2.088958e+00,2.138469e+00
-2.058956e+00,6.483128e+00
1.526271e+00,4.031367e+00
1.732081e+00,7.626535e+00
1.169856e+01,7.918574e+00
8.655060e-01,5.845086e+00
6.974950e+00,1.483902e+00
1.038399e+01,6.411199e+00
2.974812e+00,6.642145e+00
-6.774157e-01,-2.635158e+00
4.218062e+00,8.063391e+00
8.843235e+00,2.692072e+00
1.567978e+00,1.537710e+00
-4.012246e+00,-2.117451e+00
-1.230302e+00,-5.498593e-01
-2.850194e-02,6.807271e+00
1.292633e+01,5.443094e+00
2.947090e+00,-3.292995e+00
5.480447e+00,1.963708e+00
2.571839e+00,1.249779e+01
6.874763e+00,5.805240e-01
-7.141969e-01,-9.380901e-01
1.526148e+00,5.940524e+00
5.236369e+00,3.869792e-01
-5.492077e-01,6.258997e+00
3.724727e+00,4.458055e+00
-6.461222e+00,-6.410159e+00
1.015985e+01,-3.913500e+00
4.694175e+00,-3.791131e+00
-1.070385e+00,4.562872e+00
8.828085e+00,4.116081e+00
1.256016e+01,6.959886e+00
3.647014e+00,-8.954818e-01
7.790523e+00,1.160667e+01
1.153891e+01,2.065207e+00
1.388709e+01,1.018087e+01
-1.053144e+00,4.333720e+00
3.625842e+00,9.817814e+00
-4.268182e+00,5.777529e+00
2.998703e+00,7.531565e+00
1.020215e+01,-3.650134e+00
9.545234e+00,-1.845500e+00
-3.296920e-01,4.934109e+00
-8.856447e-01,1.112901e+01
3.021663e+00,6.733690e+00
-2.330533e+00,8.582922e+00
3.129902e+00,8.285822e+00
4.531997e+00,5.406379e+00
6.202139e+00,-9.948257e+00
1.380738e+01,9.637056e+00
2.507727e+00,5.650497e-02
8.216722e+00,1.195285e+01
2.121932e+00,2.043880e+00
6.585264e+00,3.214270e+00
-2.876610e+00,6.102562e+00
2.022034e+00,3.814264e+00
1.011492e+01,3.815145e+00
8.380122e+00,-1.382136e+00
7.158238e+00,9.941878e+00
1.125608e+01,6.277162e+00
1.027394e+00,7.795542e-01
6.016124e+00,1.411595e+01
1.051079e+01,6.580989e+00
7.382789e+00,8.424784e+00
7.368152e+00,6.131107e+00
3.074504e+00,4.690233e+00
3.333789e+00,1.144522e+01
-3.050631e+00,-5.469081e-01
2.101705e+00,4.993642e+00
6.134730e-01,-1.030402e+00
6.996904e+00,1.948184e+00
6.820428e+00,3.731156e+00
-2.605106e+00,3.126418e+00
1.454196e+01,1.809761e+00
-7.827623e-01,2.791095e+00
2.625578e+00,6.547768e+00
5.244875e+00,4.926709e+00
1.736618e+00,5.267929e+00
-1.192389e-01,1.279699e+01
1.579071e+01,-2.888518e-01
3.948903e+00,1.690383e+01
7.586653e+00,7.078434e+00
2.385803e+00,3.103337e+00
-3.605914e+00,8.554967e-01
1.791419e+00,7.436225e+00
-2.918627e+00,-2.391953e+00
-1.654437e+00,6.037737e+00
1.291439e+00,1.237544e+01
8.313659e+00,5.979712e+00
4.949106e+00,1.672052e+00
2.670113e+00,1.062323e+01
2.549651e+00,3.685529e+00
7.179291e+00,1.045478e+01
1.641768e+01,7.545155e+00
4.101094e+00,3.255166e+00
7.515766e+00,-8.361311e-01
3.551923e-01,5.040546e+00
4.536183e+00,7.951319e+00
5.629406e-02,9.404856e-02
-1.405752e+00,9.099489e+00
9.227921e+00,2.715214e+00
-4.910541e-01,-1.013115e+00
5.516695e+00,6.055311e+00
4.623717e+00,7.976539e+00
3.209946e+00,1.099606e+01
-4.281492e+00,5.182588e+00
-2.104773e+00,1.058614e+01
8.494778e+00,8.192863e+00
-6.118714e-01,2.865963e+00
2.728627e+00,4.370921e+00
1.008814e+01,3.890402e+00
4.568554e+00,5.016861e+00
2.477191e+00,7.907042e+00
-8.846982e-01,6.237448e+00
1.363741e+01,8.972632e+00
-1.004090e+00,1.369990e+01
-4.583414e+00,5.342473e+00
5.128345e-01,-7.481834e+00
-1.080165e+01,1.044907e+01
6.319473e+00,1.600651e+01
5.441544e+00,4.031473e+00
5.127637e+00,4.917509e+00
8.059657e+00,8.475906e+00
9.555938e+00,4.182025e+00
-4.580973e-01,3.840059e+00
9.712064e+00,1.207383e+01
5.530617e+00,-1.742118e+00
4.514144e+00,1.603425e+01
1.890834e-02,9.183181e+00
1.265585e+01,2.364650e+00
1.598125e+00,3.546377e+00
1.422593e+01,7.616915e+00
5.367192e+00,9.180618e+00
2.256464e+00,7.570811e+00
3.054312e+00,7.082381e+00
9.310070e+00,5.530142e+00
-1.948613e+00,7.327898e+00
6.646472e+00,1.007896e+01
2.781211e+00,2.623529e+00
4.156411e+00,4.497616e+00
3.673120e+00,-5.032249e+00
4.701997e+00,2.617962e+00
1.123114e+01,5.967370e+00
1.594761e+00,2.926021e+00
1.051202e+01,1.249237e+01
1.048859e+01,1.728625e+01
9.826815e+00,1.415587e+00
3.936985e+00,1.769606e+01
2.051520e+01,4.020297e+00
-1.217053e+00,3.627946e+00
1.036339e+01,6.480867e+00
9.439905e+00,1.528594e+01
1.002521e+01,4.188817e+00
1.645437e+01,1.038732e+01
6.844683e+00,8.553559e+00
3.929948e+00,-2.174787e+00
8.235022e+00,8.153480e+00
8.863028e+00,9.678138e+00
9.517398e+00,4.351782e+00
1.783118e+00,1.172916e+00
6.699114e+00,5.086896e+00
1.686864e+01,5.953444e+00
-1.201656e+00,7.103437e+00
-1.117347e+00,-3.307010e+00
-1.529798e+00,-2.476732e+00
-1.508747e-01,1.560443e+00
1.176788e+01,9.994794e-02
9.558518e+00,4.687126e+00
1.487626e+00,6.936591e+00
1.159715e+01,5.177135e+00
2.579685e+00,-2.133464e-01
1.289396e+01,6.413496e+00
-4.509171e-01,1.183399e+01
7.214224e+00,-1.839831e+00
7.666105e+00,7.740132e+00
2.223012e+00,4.535731e+00
3.813155e+00,-2.562523e-01
-3.748516e+00,-2.512540e+00
9.059856e+00,-9.316931e+00
1.274065e+00,1.743784e+00
1.104242e+00,-2.440282e+00
6.940963e+00,8.483783e+00
8.460670e+00,-3.788833e-01
-4.218018e+00,2.286704e+00
5.546302e+00,6.363470e+00
6.460826e+00,1.041929e+01
-6.458422e+00,7.011741e+00
4.410195e+00,1.211644e+01
5.214205e-01,5.925463e+00
7.337696e+00,7.185991e+00
3.723167e+00,7.229338e+00
1.339261e+01,4.229310e-01
-6.542297e+00,1.185143e+01
8.929652e+00,1.183286e+01
7.144010e+00,-5.977124e-01
7.303019e+00,3.171199e+00
-1.548933e+00,4.802516e-01
3.170971e+00,-2.950306e-01
6.192857e+00,2.072907e+00
1.261324e+00,9.096178e+00
3.167081e+00,1.250816e+01
8.286324e+00,7.835078e+00
-2.394227e-01,6.516417e+00
-2.418466e+00,1.734736e+01
-2.373795e+00,3.462248e+00
5.819189e-01,1.926733e+01
7.901569e+00,-8.299262e-01
7.014999e+00,3.390486e+00
7.281988e+00,7.904122e+00
1.106331e+00,7.693500e+00
-3.075356e+00,4.688842e+00
-3.117051e-01,2.223077e+00
6.254581e+00,1.268189e+01
7.477033e+00,3.741241e+00
4.141911e+00,-2.992867e-01
1.073933e+01,5.025378e+00
-6.869525e-02,6.548355e+00
5.616383e+00,3.053591e+00
1.240915e+01,-5.328876e+00
9.615111e+00,9.127795e+00
5.478239e+00,2.249132e+00
7.633576e+00,3.861471e+00
4.740542e+00,9.019661e+00
-8.463196e+00,1.235813e+01
5.271931e+00,5.831064e+00
-3.152828e+00,4.161975e+00
5.461553e+00,4.259264e+00
-5.650940e-01,1.001877e+01
-2.556427e+00,-1.475569e+00
8.304823e+00,1.046238e+01
9.768953e+00,2.728580e-01
5.605828e+00,6.343206e+00
1.443533e+01,4.436763e+00
3.754382e+00,1.013339e+01
7.734460e+00,1.937664e+00
2.980719e+00,8.877362e+00
2.900182e+00,4.410642e+00
6.134041e+00,2.615916e+00
-4.287914e+00,8.659284e+00
4.961429e+00,1.022180e+00
1.937979e+00,6.633972e+00
5.419525e+00,4.194839e+00
6.543136e+00,9.022976e+00
1.106877e+01,2.941948e+00
6.756698e+00,-1.091328e+00
8.259124e+00,1.202208e+01
-1.767683e+00,7.861669e+00
3.851207e+00,6.752509e+00
1.001565e+01,6.904866e+00
8.666551e+00,1.366979e+00
-2.222815e+00,-3.720950e+00
4.296701e+00,-3.562406e-02
2.046865e+00,-3.893094e+00
7.302053e+00,1.395424e+01
-2.719909e+00,4.515949e+00
-3.861302e+00,4.734896e-01
1.153396e+01,1.012827e+00
1.311429e+00,2.448528e+00
-7.826981e-01,7.978267e+00
8.382565e+00,1.867226e+00
-2.077892e+00,-2.959016e+00
3.219586e+00,7.985217e+00
4.039769e+00,3.984009e+00
6.552824e+00,4.049401e+00
-4.411412e+00,4.362159e+00
1.453026e+01,7.229256e+00
-3.493223e+00,1.641347e-01
8.991746e+00,2.176476e+01
1.319931e+00,6.689045e+00
9.030159e+00,6.591728e+00
-2.690696e+00,1.017442e+01
1.134251e+01,1.426590e+01
3.291172e+00,-4.325696e+00
7.384869e+00,1.578203e+00
2.863402e+00,1.948031e+01
1.155328e+01,6.002710e+00
1.622117e+00,5.872854e+00
-3.988696e+00,-4.626565e+00
8.803470e+00,8.468737e+00
8.706656e+00,8.071679e+00
4.057207e+00,-2.041367e-01
6.113414e+00,4.147476e+00
6.369262e+00,9.250666e+00
-1.297178e+00,6.302120e+00
-1.080190e+00,5.968282e+00
-3.909334e+00,7.023881e+00
5.135234e+00,8.862243e+00
-2.440086e+00,-1.121547e+00
-2.589351e+00,8.119234e+00
8.092863e+00,3.144859e+00
3.981342e+00,1.438223e+01
4.887127e+00,7.182289e+00
1.304311e+01,2.342911e+00
9.844148e-01,4.948686e+00
1.007961e+01,4.489435e+00
8.311064e+00,7.364550e+00
5.951083e+00,-5.715247e-01
8.488134e+00,1.126453e+01
7.857325e+00,5.564905e+00
1.072446e+00,7.569935e+00
