4.800349e+00,2.324367e+00
9.360542e+00,9.154462e+00
4.458768e+00,6.101652e+00
4.453142e+00,1.960446e+00
1.509182e+00,1.986570e+00
9.553065e+00,-1.593947e+00
6.737006e+00,1.227890e+01
5.656770e+00,1.629699e+00
7.143143e+00,3.234584e+00
4.829229e+00,2.044679e+00
3.892523e+00,-2.733739e+00
8.512633e-02,6.962708e+00
-1.509708e+00,-9.975782e-01
8.927987e+00,4.960143e+00
6.374657e+00,3.337789e+00
1.139065e+01,-3.819450e+00
1.252932e+01,-3.839925e+00
2.258307e+00,2.091934e+00
2.093576e+00,3.941366e-01
7.173019e+00,3.952588e+00
1.659699e+01,-2.276261e-01
2.552369e+00,1.656974e+00
1.714517e+00,7.908662e+00
2.305581e+00,1.896618e+00
8.817910e+00,1.501478e+00
1.869762e+00,7.094101e+00
-7.912781e-01,3.114229e+00
3.070146e+00,-5.338619e+00
8.253375e+00,5.699846e+00
6.992146e+00,6.580644e+00
2.669485e+00,8.137180e+00
7.648470e+00,5.224980e+00
5.686708e+00,3.379706e+00
3.124814e+00,-6.046676e-01
7.666347e+00,1.044519e+01
5.422137e+00,3.490948e+00
6.741774e+00,1.828916e+00
-4.355261e+00,6.188091e+00
-1.105075e-01,4.087584e+00
1.369993e+00,5.073569e+00
2.269360e+00,4.867448e+00
5.503756e+00,2.647172e+00
9.742649e+00,7.822037e+00
1.978668e+00,7.447823e+00
5.227755e+00,2.441432e+00
7.959617e+00,5.322147e+00
-4.850847e+00,9.882382e+00
5.849549e+00,1.194155e+01
8.356727e+00,4.157021e+00
3.048768e+00,7.208142e+00
3.846553e+00,6.318495e+00
3.710402e+00,3.141399e+00
6.076801e+00,3.678063e-01
4.965462e+00,9.070146e+00
5.330969e+00,7.543156e+00
4.355676e+00,4.954037e+00
5.320856e+00,4.915861e+00
4.394087e+00,2.435215e+00
3.623343e+00,3.859970e+00
7.949691e-01,-3.208663e+00
1.052589e+01,9.275618e+00
7.205171e+00,-8.457044e-01
1.085023e+01,-2.553929e+00
2.479273e+00,6.007873e+00
8.378919e+00,4.594551e+00
4.591792e+00,7.144380e+00
3.811165e+00,9.401712e+00
1.367880e+00,-1.430347e+00
3.776036e+00,1.512958e+00
8.531563e+00,5.012213e+00
3.811171e+00,8.348753e+00
-1.688720e+00,-2.536115e+00
1.059426e+01,1.269822e+00
-1.542834e+00,7.379272e+00
7.059539e+00,-3.542572e+00
6.865140e+00,6.362738e+00
1.173667e+01,1.582458e+00
5.399468e+00,8.794298e+00
9.725540e+00,4.563132e+00
1.008822e+01,5.026069e+00
2.641322e+00,4.433980e+00
2.022431e+00,1.640790e+00
2.137279e+00,3.026346e+00
8.403793e+00,8.417728e+00
7.984408e+00,5.361970e+00
5.645505e+00,-1.231705e+00
8.114813e+00,1.311365e+01
5.194945e+00,8.466377e+00
5.275207e+00,5.355976e+00
1.228244e+01,6.204568e+00
5.023073e+00,-8.848321e-02
2.375314e+00,1.014836e+01
7.255664e+00,6.068574e+00
7.129553e+00,3.681994e+00
1.438687e+00,3.896236e+00
5.275255e+00,2.747051e+00
1.089588e+01,8.365738e+00
9.106895e+00,1.055210e+01
-3.699356e-01,4.928335e+00
8.133757e+00,3.368087e+00
9.861496e+00,7.644765e+00
1.894425e+00,8.095189e-01
1.029352e+01,7.262089e+00
4.143915e+00,7.636285e+00
1.033652e+00,5.349592e+00
2.847639e+00,4.552928e+00
6.976766e+00,2.457159e+00
6.394434e+00,5.669489e+00
3.275848e+00,-6.536264e+00
3.181940e+00,3.386331e+00
1.251754e+01,4.109059e+00
-1.223682e-01,5.424617e+00
9.078656e+00,5.734032e+00
2.968367e+00,-6.837216e-01
3.356448e+00,-5.573501e+00
7.076959e+00,6.886617e+00
6.440007e+00,5.776803e+00
6.369511e+00,-2.973195e+00
9.049173e-01,-5.795296e+00
8.416751e+00,4.937843e+00
6.803667e+00,-1.889810e+00
8.402103e+00,7.351357e+00
8.087115e+00,6.057331e+00
9.058333e+00,1.154590e+00
3.733195e+00,7.489761e+00
6.741767e+00,7.411132e+00
-6.365831e+00,2.780228e+00
6.548127e+00,7.333965e+00
7.947568e+00,3.524897e-01
7.604087e+00,9.578732e+00
1.032886e+01,4.675887e+00
6.923189e+00,7.542076e+00
1.550244e+00,4.957609e+00
7.343777e+00,-1.456830e+00
3.505152e+00,8.515151e+00
4.766065e+00,7.477520e+00
8.350545e+00,5.888385e+00
4.377161e+00,7.109783e+00
7.512714e+00,1.020899e+01
-1.301740e+00,-4.615797e+00
9.887299e-01,4.224446e+00
4.463879e+00,4.183885e+00
6.618601e+00,1.108264e+01
2.948893e+00,1.971618e+00
5.577695e+00,4.883809e+00
-1.034376e+00,4.050579e+00
3.990198e+00,3.780581e+00
-2.086784e-01,-2.115268e+00
2.711205e+00,8.871406e+00
3.249604e+00,5.403399e+00
