1.434926e+01,-8.762547e-01
-3.149114e+00,6.680524e+00
-1.992736e+00,3.695422e+00
-6.233515e+00,8.124672e+00
-2.643902e+00,1.352007e+01
3.560573e-01,-1.265381e+00
7.359682e-01,-3.109996e+00
8.778414e+00,9.689384e-01
-2.164925e+00,1.105042e+00
9.520465e+00,-2.608169e+00
5.005381e+00,8.423091e+00
1.395201e+01,6.842034e+00
1.321621e+00,9.704447e+00
9.611776e+00,7.648650e+00
4.101631e+00,1.304387e+01
4.973402e+00,4.821295e+00
3.290985e+00,3.327824e+00
5.298889e+00,4.551426e+00
1.545875e+01,7.360304e+00
2.054091e+00,3.782417e+00
6.809965e+00,3.857954e+00
-3.740717e-01,9.720489e+00
-9.387960e-01,1.097466e+01
1.337312e-01,4.857675e+00
1.679118e+01,1.183412e+01
-5.069093e+00,-3.988810e+00
8.690039e-01,1.096934e+01
4.456862e+00,2.468208e+00
4.790295e-01,1.642775e-01
6.053717e+00,4.964033e+00
4.107104e+00,3.328940e+00
5.770494e+00,2.494314e+00
1.598788e+00,3.197652e+00
8.332506e+00,2.689534e+00
1.622562e+00,1.066855e+00
1.117819e+01,8.491343e+00
-9.821875e+00,5.489974e-01
-1.652768e+00,5.017398e+00
2.775011e+00,9.192234e+00
-6.081531e-02,1.362625e+01
9.749147e+00,1.086890e+01
4.450325e+00,5.977929e+00
8.048014e+00,-2.449352e+00
5.947024e+00,9.683493e+00
5.386925e+00,6.108535e+00
4.784264e+00,8.954865e+00
9.681501e+00,-3.866302e+00
8.360167e+00,6.656929e+00
8.304966e+00,6.284297e+00
6.389891e+00,2.755517e+00
1.400355e+00,7.480517e+00
2.353980e+00,3.638528e+00
-6.849105e-01,3.576166e-01
1.764615e+00,5.292041e+00
5.626591e+00,6.512655e+00
9.774259e+00,3.545972e+00
3.705212e+00,-2.898107e+00
8.954597e+00,1.023384e+00
5.416952e+00,9.503060e+00
1.028918e+01,4.126723e-01
1.157580e+00,1.615128e+01
1.303383e+01,8.620564e+00
5.755692e+00,4.934304e+00
4.291547e+00,3.354653e+00
5.516758e+00,6.302211e+00
3.583261e+00,6.928770e+00
1.226824e+01,6.895879e+00
4.776917e+00,-2.890029e+00
5.137383e+00,-2.466851e+00
7.261634e+00,6.651622e-01
-2.548694e-01,9.263098e+00
1.689518e+00,1.074099e+01
8.297961e+00,1.098986e+01
3.738978e+00,4.332682e+00
-4.535478e+00,9.090549e+00
1.384796e+00,5.103390e+00
3.419681e+00,-7.884671e-01
-7.337756e-01,6.074204e+00
6.398613e+00,-1.444503e+00
5.468662e+00,9.463471e+00
1.177302e+01,6.412194e+00
2.232645e+00,7.662824e+00
5.572995e-01,8.450293e-02
7.309717e+00,7.440160e+00
6.684850e+00,2.539786e-02
1.253866e+01,5.301499e+00
-4.876129e-02,8.633778e+00
1.082521e+01,7.318861e+00
4.396157e+00,8.685937e+00
-4.922657e-01,-6.279135e+00
4.065493e+00,1.279215e+01
2.293026e+00,1.894160e+00
3.353762e+00,2.019428e+00
5.646884e+00,-9.277329e-01
3.351932e+00,8.452838e+00
1.709596e+00,6.124212e+00
5.691788e+00,9.315280e+00
-1.580419e-01,1.751670e+00
7.977237e+00,2.856769e+00
4.743853e+00,2.548756e+00
5.444658e+00,1.124369e+01
5.407948e+00,1.487828e+01
2.663354e+00,3.629849e+00
8.731547e+00,1.083044e+01
5.635545e+00,5.180198e+00
8.710803e+00,7.742836e+00
-3.281261e+00,1.018349e+00
6.123058e+00,4.673631e+00
-1.332899e+00,5.738658e+00
1.349919e+01,2.315982e+00
-3.618626e-02,-4.073225e+00
7.451772e+00,1.375152e+01
3.336881e+00,8.564646e+00
3.976407e+00,3.117559e+00
1.061699e+01,6.544124e+00
2.006559e-01,2.694975e+00
4.865417e+00,-3.278824e+00
2.757687e+00,3.006146e+00
-7.064690e+00,7.381421e+00
4.980918e+00,7.671935e+00
2.029364e+00,5.233545e+00
1.631372e+00,1.280283e+00
8.262648e+00,6.186383e+00
6.364865e+00,7.485983e+00
1.047260e+01,9.837923e+00
1.640099e+01,5.213340e+00
1.117663e+01,1.086770e+01
1.303873e+01,2.902487e+00
-4.097006e+00,5.041613e+00
9.679035e+00,5.012268e+00
1.022340e+01,3.546228e+00
-4.472432e-01,3.556810e+00
2.783578e+00,2.325352e+00
2.279682e+00,1.171586e+01
5.144591e+00,8.886052e+00
3.604987e+00,1.497279e+01
6.145056e+00,7.614689e+00
-2.151914e+00,-9.736912e-01
5.871112e+00,-9.175749e-01
9.675594e+00,3.816508e+00
-2.165058e+00,8.515152e+00
2.851278e+00,8.431630e+00
6.409272e+00,-6.749254e-01
2.890311e+00,1.017278e+01
5.190017e+00,-1.206989e+00
6.120303e+00,2.526371e+00
-3.779239e-01,3.795572e-01
1.009863e+01,9.754840e+00
3.124714e+00,1.145744e+01
5.683584e+00,4.232515e+00
3.087210e+00,1.005432e+01
5.344949e+00,9.719333e+00
9.675210e+00,1.958988e+00
6.141057e+00,3.415939e+00
6.081527e+00,2.708929e+00
8.657914e+00,-3.300496e+00
5.402875e+00,1.097417e+01
1.132980e+01,5.996365e+00
1.248479e+01,3.263984e+00
1.199470e+01,8.664102e+00
-2.078738e+00,7.764079e+00
5.872213e+00,4.990669e+00
4.983287e+00,1.182903e+01
8.242672e+00,3.707247e+00
4.857076e+00,2.257188e+00
9.508257e+00,7.397234e+00
6.131770e+00,2.903488e+00
1.980287e+00,3.005169e+00
9.441796e-01,4.554599e+00
5.717122e+00,1.258399e+01
7.313587e+00,6.226823e+00
2.705640e+00,1.100244e+01
-1.548132e+00,-4.832919e+00
7.894048e-01,-7.592239e-01
-4.148200e+00,3.050386e+00
-2.882936e+00,2.046575e+00
6.334872e+00,8.712133e+00
3.315335e+00,3.827947e+00
1.196409e+01,1.001537e+01
-2.086401e+00,1.423670e+01
9.015064e+00,9.984291e+00
1.084198e+01,7.327946e-01
3.667348e-01,8.668472e+00
1.237776e+00,8.335880e-01
-6.663153e+00,3.080582e+00
5.648739e+00,1.065621e+01
6.912759e+00,5.366477e+00
1.057432e+01,-1.324138e-01
-1.900801e+00,2.831837e+00
6.330597e+00,2.216339e+00
-7.420836e+00,1.339383e-01
2.836621e+00,8.349603e+00
3.686470e+00,8.348142e+00
1.140231e+01,8.247221e+00
3.382616e-01,1.028513e+01
9.230666e-01,2.516324e+00
1.258326e+01,8.318081e+00
3.271190e+00,8.521806e+00
7.509809e+00,-2.032850e+00
4.283471e+00,8.505929e+00
2.299111e-01,4.061180e+00
7.892903e+00,1.446033e+01
6.571995e+00,3.228747e+00
9.724706e-02,9.212016e-01
-7.060324e-01,2.332583e+00
8.949618e+00,9.466604e+00
9.220039e+00,3.720181e+00
-1.161782e-01,9.107583e+00
4.424146e+00,6.605895e+00
-1.836369e+00,-2.432580e+00
1.124204e+01,1.119886e+01
-1.937325e+00,1.049423e+01
-1.300273e+00,1.211259e+00
9.835784e+00,1.501966e+00
-7.953000e-01,1.214124e+01
1.285438e+01,1.326714e+01
9.410323e+00,1.316166e+00
3.497116e+00,7.230927e+00
4.257389e+00,1.271537e-01
-5.453805e+00,3.750850e+00
-3.136000e+00,6.479386e+00
2.471069e+00,4.337089e+00
6.172267e+00,4.824035e+00
-1.667001e+00,4.151783e+00
5.225637e+00,8.080310e+00
1.104748e+01,4.071573e+00
8.763732e+00,1.137757e+01
-3.873022e+00,2.012964e+00
1.247359e+00,5.118690e+00
6.255768e-01,-4.298590e+00
3.440859e+00,-2.407683e+00
5.427605e+00,-4.699821e+00
5.365862e+00,-4.713753e+00
3.935945e+00,1.087965e+01
7.904563e+00,4.158903e+00
2.235473e+00,3.015711e+00
3.170261e+00,2.635477e+00
3.186003e+00,1.087304e+01
5.152826e+00,6.721661e-01
1.008741e+01,1.013026e+01
-2.492769e-01,1.222346e+00
4.145796e+00,4.101543e+00
9.999882e+00,-6.814776e+00
6.475721e+00,4.381125e+00
7.058824e+00,-2.154313e+00
1.045753e+01,6.236679e+00
9.421549e+00,-1.747435e+00
-2.704341e+00,6.049904e+00
7.951103e+00,4.987712e+00
2.667332e+00,4.986565e+00
-1.496112e+00,1.647673e-01
6.262174e-01,-1.945429e-01
4.263762e+00,4.114574e+00
5.289641e+00,9.683210e+00
1.443304e+00,3.394567e+00
1.604670e+01,8.143416e+00
4.601249e+00,8.411656e+00
-4.324556e+00,2.037019e+00
5.988531e+00,4.563109e+00
6.507822e+00,-3.332754e-01
1.641706e+00,3.711557e+00
8.529983e+00,1.430947e+01
4.498378e+00,-1.259450e-01
3.539888e+00,-2.337572e+00
2.134394e+00,1.269675e+00
-3.213050e+00,1.339899e+01
3.324058e+00,1.555111e+00
5.727842e-01,4.195893e+00
5.738351e+00,8.709729e+00
2.830131e+00,6.668816e+00
8.307503e+00,4.431941e+00
1.133932e+01,-1.058877e+01
4.081805e+00,-3.626175e+00
-3.168180e+00,-5.845407e+00
4.415221e+00,1.135891e+01
5.173379e+00,4.720632e+00
5.538637e+00,5.780191e+00
6.902822e+00,4.801444e+00
1.741416e+00,1.055754e+00
2.277640e+00,2.772412e+00
6.934974e+00,-1.875107e+00
-4.913130e+00,7.483609e+00
5.896638e+00,7.009073e+00
5.614532e+00,5.413449e+00
6.000031e+00,6.541268e+00
1.159449e+01,7.551345e+00
1.440030e+01,4.423754e+00
9.188945e+00,3.168255e+00
1.162469e+01,1.293322e+01
1.121132e+01,4.863203e+00
3.512670e+00,-1.079639e+00
6.735412e+00,7.455513e+00
8.891905e+00,7.129660e+00
-1.572792e+00,4.637773e+00
7.247069e+00,-1.513201e+00
5.857640e+00,9.090542e+00
7.611892e+00,2.595925e+00
9.346200e+00,1.152754e+01
1.462782e+01,1.467781e+01
6.428685e-01,8.328344e-02
3.391095e+00,-1.154294e+00
1.691799e+00,8.413825e+00
6.835304e+00,2.395693e+00
4.741107e+00,2.844542e+00
1.015107e+01,6.433247e+00
5.206819e+00,-7.853955e+00
8.359346e-01,9.242521e-01
2.326383e+00,6.004647e+00
1.891924e+00,6.595371e+00
2.085981e+00,1.845585e+00
1.075619e+01,1.970008e+00
5.553665e+00,8.706137e+00
9.879595e+00,6.238364e+00
1.332489e+00,1.213549e+01
1.074532e+01,1.030961e+01
5.159905e+00,4.057025e+00
2.867841e+00,8.160956e+00
-2.852640e-01,1.013061e+01
2.561689e+00,7.824924e+00
8.218621e+00,7.287626e+00
-9.074404e+00,3.032630e+00
1.914472e+00,3.409555e+00
2.150891e+00,8.424916e+00
1.005340e+01,2.355466e+00
4.409223e+00,1.607452e+01
2.187225e+00,-2.201690e+00
-2.149642e+00,4.955177e+00
-1.616766e+00,9.397107e-01
8.367087e+00,-1.315255e+00
4.545182e+00,7.510210e+00
-7.438744e+00,2.815622e+00
8.570963e+00,1.358474e+01
-1.309083e+00,1.107504e+01
2.290355e+00,5.367608e+00
1.539919e+00,1.209861e+00
-3.283858e+00,9.391132e+00
-3.600698e+00,7.392824e+00
-3.431795e-01,5.850362e-01
9.996648e+00,4.962649e+00
3.810830e+00,6.214444e+00
-3.990573e+00,1.496447e+00
1.012411e+00,-4.672432e+00
8.039794e+00,7.930426e+00
4.650626e+00,5.786770e+00
5.299193e+00,1.121068e+01
8.125485e+00,1.196306e+01
1.011915e+01,4.928935e-01
9.342422e+00,8.936613e+00
2.330382e+00,1.076870e+00
5.545396e+00,3.719281e+00
7.482775e+00,1.288454e+01
-1.955787e+00,9.238757e+00
3.703153e+00,3.530837e+00
-1.894715e+00,3.727205e+00
7.557831e+00,7.505003e+00
6.094388e+00,1.594247e+00
-1.802370e+00,5.925592e+00
3.296347e+00,1.005079e+01
4.187996e+00,4.390754e+00
1.852999e+01,1.285550e+01
4.878215e+00,-4.097339e-01
-3.345447e+00,-3.083163e+00
1.393874e+01,5.983963e+00
2.875891e-01,2.853389e+00
7.166177e+00,4.059142e+00
2.442195e-01,6.962799e+00
1.692213e+00,5.624688e+00
5.532594e-01,-4.323458e+00
6.401427e+00,1.163622e+01
5.551416e+00,5.398273e+00
-6.366986e+00,4.118522e+00
4.026675e+00,5.707474e+00
3.054436e+00,2.302747e+00
6.321302e+00,6.292751e+00
5.564764e+00,6.588622e+00
2.125931e+00,9.653350e+00
1.566829e+00,2.711191e+00
6.750708e+00,7.143755e-01
6.002624e+00,6.858055e+00
2.358515e+00,1.973981e+00
-1.695511e+00,1.342634e+01
-5.438798e+00,8.387006e-01
8.353104e+00,5.776104e+00
1.200365e+01,6.319029e+00
7.530625e+00,5.235519e+00
-5.892521e+00,9.832062e+00
3.071949e-01,7.486792e-01
4.665919e+00,6.239104e+00
5.846442e+00,1.522514e+00
6.718657e+00,-1.970749e+00
-6.404675e+00,8.327699e+00
1.020627e+01,7.978631e+00
-1.906285e+00,4.771168e+00
2.855399e+00,5.449164e+00
6.185855e+00,4.975741e+00
5.085180e+00,7.825537e+00
4.773042e+00,4.699212e+00
9.134179e+00,8.381590e+00
1.531550e+01,-1.797609e+00
1.076292e+01,1.917212e+00
-2.394510e-02,1.228082e+01
7.233471e+00,1.628104e+01
7.119885e+00,6.669790e+00
9.498054e-01,6.292721e+00
5.145075e+00,1.541103e+01
7.400021e+00,8.354329e+00
6.863228e+00,9.974975e+00
6.408402e+00,1.877116e+01
7.990468e+00,2.033277e+00
6.704523e+00,5.958175e+00
-2.288546e-01,7.819257e+00
9.134751e+00,1.058873e+01
1.102199e+01,8.327435e-01
-1.229663e+00,9.888769e+00
4.783900e+00,9.123560e+00
7.045103e+00,1.093021e+01
9.244574e+00,8.857685e+00
8.311186e+00,-8.927955e+00
2.905105e+00,5.323469e+00
3.699828e-02,1.034245e+01
1.004159e+00,4.836104e+00
9.154642e+00,1.098663e+01
-6.321241e-01,8.311157e+00
6.762511e+00,8.210323e+00
3.778026e+00,1.282966e+01
