3.919340e+00,2.888235e+00
2.301136e+00,2.027864e+00
5.799384e+00,1.417526e+00
2.717961e+00,1.447135e+00
2.317410e+00,4.253932e+00
2.364271e+00,2.042314e+00
4.968799e-01,1.275134e+00
1.346109e-01,2.859166e+00
4.115940e+00,-1.822569e-01
3.365106e+00,3.871689e+00
5.336443e+00,4.985198e-01
6.018148e+00,4.751403e-01
1.235436e+00,1.900392e+00
-2.502438e-01,2.807646e+00
6.805165e+00,1.613857e+00
6.748250e-01,-2.366936e-01
2.234548e+00,7.957942e-01
3.243084e+00,2.712891e-01
4.079635e+00,3.844845e+00
2.320432e+00,2.261172e+00
5.992758e+00,7.987677e-01
1.478122e+00,3.428426e+00
4.272481e+00,4.623670e+00
2.590785e+00,1.831790e+00
4.981769e+00,2.955215e+00
5.411919e+00,4.856912e+00
2.095070e+00,-5.100398e+00
3.239174e+00,2.477281e+00
4.588453e+00,2.834285e+00
2.689795e+00,4.369857e+00
3.241522e+00,1.756654e+00
-2.476599e+00,4.513133e+00
1.402683e+00,-1.372801e+00
2.345537e+00,2.531403e+00
2.743644e+00,1.800431e+00
9.836780e-02,8.519658e-01
2.564956e+00,1.958573e+00
-3.012804e-02,2.587201e+00
2.574091e+00,8.865158e-01
2.727130e+00,1.213620e+00
4.338280e+00,3.822056e+00
7.354570e-01,2.374083e-01
2.019289e+00,2.541458e+00
5.230908e+00,1.874267e+00
2.425525e+00,2.333798e-02
4.350931e+00,5.953599e-01
6.690639e-01,2.960888e+00
3.362095e-01,1.152438e+00
9.433573e-03,3.669172e+00
2.166048e+00,-5.563669e-01
1.975836e+00,-7.108970e-01
2.329196e+00,-1.009313e+00
5.877076e+00,5.987988e+00
1.215233e+00,8.859394e-01
3.274472e+00,2.125939e+00
3.605331e+00,1.415112e-01
3.166667e+00,3.574582e+00
3.652822e+00,2.106613e+00
-5.326068e-01,-4.165216e+00
4.123092e+00,2.810276e+00
2.820004e-02,3.758639e-01
1.741543e+00,4.627566e+00
3.134206e+00,1.260501e+00
4.948072e+00,3.716377e+00
1.397542e+00,1.824430e+00
1.970894e+00,1.222828e+00
-7.618168e-01,-6.252451e-01
4.303968e-01,2.029879e+00
3.689937e+00,5.814502e-01
1.875652e+00,2.775363e+00
1.244196e+00,9.338031e-01
-8.892751e-01,2.155449e-01
2.794860e+00,2.424315e+00
2.094863e+00,2.164188e+00
6.163444e+00,3.825816e+00
-5.607120e-01,1.643858e+00
2.634043e+00,2.888809e+00
1.170238e+00,8.129833e-01
2.438832e-01,3.109675e+00
5.914902e+00,3.775594e+00
2.212460e+00,2.833586e+00
3.152287e+00,2.207808e+00
-9.932373e-01,2.932633e-01
5.345550e-01,1.995234e-02
-1.327658e-01,1.956027e+00
3.698972e+00,1.669053e+00
2.256250e+00,2.976588e+00
-1.749794e+00,-1.236400e+00
3.365604e+00,1.550445e+00
-1.513624e+00,1.580364e+00
4.176660e+00,7.841928e-01
-6.571387e-01,3.300632e+00
1.274127e+00,3.482670e-01
9.694638e-01,1.911765e-01
-1.296233e+00,2.735717e-01
5.453328e+00,1.624328e+00
3.372161e+00,2.522372e+00
-5.676426e-02,1.529804e+00
8.906639e-01,9.464425e-01
9.833453e-01,4.179051e+00
3.516894e+00,1.749273e+00
4.780916e+00,1.341681e+00
2.461724e+00,1.729442e+00
2.203586e+00,1.581305e+00
2.760105e+00,1.808271e+00
3.289383e+00,1.338242e+00
1.602784e+00,2.198238e+00
7.844568e-01,3.516193e+00
3.221767e+00,8.707676e-01
4.453463e+00,1.935668e+00
-1.003743e+00,2.964925e+00
5.988018e+00,3.066707e+00
-1.110545e+00,1.894580e+00
1.228485e+00,-3.475903e-01
2.696615e+00,2.253433e+00
-2.108461e+00,1.133775e-01
3.110621e+00,-2.482161e-01
-1.101913e+00,-1.643432e-02
5.327036e+00,8.578855e-01
1.350480e+00,1.149071e+00
1.321941e+00,2.199476e+00
-7.691203e-01,1.373904e-01
3.766743e+00,3.666041e+00
2.036799e-01,2.395910e+00
7.460893e-01,1.508919e+00
1.903019e+00,-1.717448e-02
1.456653e+00,8.878238e-01
-5.866847e-01,-1.986762e+00
1.941196e+00,8.697526e-01
1.286951e+00,2.087505e+00
4.539081e+00,-1.608709e-01
2.077123e+00,-1.350803e+00
8.924123e-01,2.252515e+00
5.600357e+00,2.379162e+00
4.789392e+00,3.945737e+00
5.911006e-01,4.416238e-01
-1.910841e+00,8.528859e-01
1.815183e+00,4.119805e+00
2.107867e+00,7.608052e-01
4.311163e-01,-8.976460e-01
-2.373750e+00,1.157850e-01
3.165011e+00,2.101268e+00
6.596991e-01,3.866447e+00
1.519265e-01,1.136362e+00
4.279259e-01,2.360927e+00
1.769196e+00,6.786112e-01
4.616745e-01,3.795022e+00
6.563356e-01,3.627910e+00
6.757402e-02,6.415740e-01
2.560542e+00,9.267683e-02
1.173566e+00,1.028563e+00
3.940321e-01,-8.392038e-02
3.720725e+00,7.369171e-01
1.795402e+00,-1.412951e+00
1.486813e+00,-2.023722e-01
3.789296e+00,2.535205e+00
3.721401e+00,1.914806e+00
2.321523e+00,1.119235e+00
4.875185e+00,2.875178e+00
2.022416e+00,1.327893e+00
2.903317e+00,-9.719769e-01
-1.278709e+00,2.724522e+00
1.508548e+00,4.844017e+00
1.582271e+00,-5.302769e-02
4.233842e+00,3.668619e+00
2.150815e+00,5.357308e+00
3.133597e+00,4.201679e+00
4.417711e+00,-1.941396e-01
1.497023e+00,-9.241467e-03
4.533752e+00,5.548610e+00
1.406637e+00,-1.249236e+00
-7.692406e-01,-2.641853e+00
4.021943e+00,-9.041762e-02
3.302252e+00,-9.837945e-01
4.103139e+00,1.769997e+00
2.609234e+00,-2.739541e-01
5.891989e+00,1.493231e+00
-1.852369e-01,1.261717e+00
3.672088e+00,3.003668e+00
6.469575e-01,2.988723e+00
1.414381e+00,1.813946e+00
-9.209290e-01,6.089837e-01
4.017868e+00,1.114498e+00
-6.589938e-01,3.028778e+00
3.193261e+00,4.164616e+00
2.478466e+00,-2.219772e-01
2.629175e+00,9.321072e-01
1.164736e+00,3.956124e-01
3.086239e+00,2.308568e+00
1.579897e+00,2.662679e-01
2.818431e+00,2.546418e+00
1.088191e+00,7.060484e-02
4.388940e+00,6.079204e-01
2.813903e+00,4.619309e+00
9.724804e-01,-2.897617e+00
5.517755e+00,3.424132e+00
1.530697e+00,3.336822e+00
-2.608182e+00,-1.383760e+00
7.678049e-01,8.571085e-02
5.683994e+00,2.818490e+00
1.705551e+00,-9.879453e-01
1.819081e+00,1.000969e+00
3.352141e+00,3.053960e+00
4.417850e+00,-1.194431e+00
-1.938418e-01,8.580297e-01
3.362798e+00,2.436955e+00
1.603912e+00,3.204113e+00
2.622036e+00,3.042634e+00
2.766216e+00,1.021032e+00
5.602554e-01,-1.088050e+00
1.705547e+00,9.462956e-01
5.354811e+00,4.935884e+00
7.465644e-01,8.296047e-01
-1.522693e+00,-4.111636e-01
-4.853607e-01,1.626391e+00
2.482767e+00,1.720723e+00
2.421880e+00,1.726847e-01
6.523112e+00,3.472684e+00
8.423649e-01,-9.711446e-01
-4.202351e-01,2.665252e+00
-2.139098e+00,2.544468e+00
-2.221719e+00,-1.304386e+00
3.274431e+00,1.290960e+00
3.469092e+00,4.028508e+00
-2.481181e-01,1.975296e+00
3.521723e+00,7.051202e-01
2.267315e+00,2.384909e+00
-4.666847e-01,-1.351764e+00
-3.590760e+00,1.662223e+00
4.271020e-01,6.935306e-01
1.401663e+00,2.579877e+00
3.733027e+00,4.751773e+00
-1.678300e+00,2.887296e+00
-3.128621e+00,-2.649068e-01
1.837438e+00,-2.603798e+00
1.083574e+00,4.485752e+00
2.453365e-02,4.301018e+00
4.893351e+00,4.055896e+00
1.572607e+00,1.507792e+00
2.974461e+00,5.261529e+00
3.379137e+00,3.805911e-02
5.588824e+00,3.521274e+00
3.514626e+00,5.231002e+00
-2.249779e+00,-4.890277e-01
-3.820488e-01,5.468696e-01
1.626079e+00,-3.763200e-01
6.117553e+00,3.777558e+00
1.636744e+00,5.078845e-01
4.233830e+00,3.083735e+00
-1.380595e+00,1.267798e+00
-7.756305e-01,9.567863e-01
3.432449e+00,9.031007e-01
2.882917e+00,1.235075e+00
-1.176724e+00,-3.187155e-01
2.361181e+00,4.306627e+00
4.552226e+00,3.975195e+00
3.144254e+00,2.379066e+00
2.789079e+00,-2.471416e+00
1.052789e+00,8.999429e-01
1.196570e+00,7.143120e-01
-1.213715e+00,-1.562302e+00
-6.478381e-01,1.294601e+00
3.577064e+00,1.492453e+00
4.929722e+00,3.180485e-01
5.549396e+00,1.954097e+00
3.444853e+00,1.165154e+00
6.270823e+00,1.853449e+00
2.707681e+00,3.956664e+00
2.198020e+00,1.069923e+00
1.615879e+00,-4.795761e-01
2.274184e+00,2.712984e+00
3.898336e+00,1.258725e+00
1.213445e+00,4.185922e-01
-3.324281e+00,1.095106e+00
2.679410e+00,2.174439e+00
1.551358e+00,-8.144150e-01
9.632139e-01,-6.212606e-01
1.784428e+00,2.318857e+00
6.625150e-02,-5.330465e-01
2.185138e+00,3.447058e+00
-1.697591e-01,-4.584032e-01
2.454940e-01,-1.147481e+00
4.279294e+00,1.552941e+00
1.778352e+00,6.200132e-01
2.205246e+00,3.843527e+00
-1.320066e+00,-4.842069e-02
1.342490e+00,9.912719e-01
3.876118e+00,2.609224e+00
-4.171941e-01,1.533144e+00
4.367190e+00,6.175754e-01
3.479950e+00,6.563206e-01
3.073362e+00,1.806907e+00
-9.785538e-02,1.849218e+00
4.220308e+00,2.121247e+00
1.744948e-02,9.929546e-01
-1.919943e-01,8.774462e-01
1.547555e+00,4.207344e+00
4.712768e+00,2.714036e+00
2.554800e+00,2.800550e+00
2.795467e+00,1.782609e+00
