1.972960e+00,-4.529030e-01
6.392321e+00,1.713085e-01
4.611597e+00,1.140816e+00
1.433624e+00,4.045613e-01
6.983101e+00,2.491196e+00
7.057460e+00,4.603516e+00
2.561501e+00,1.974152e+00
6.043159e+00,2.006463e+00
6.372861e+00,3.064994e+00
4.542196e+00,2.088839e+00
-5.749411e-01,-1.697247e+00
8.039883e+00,4.390830e+00
8.763479e+00,3.350733e-01
1.037992e+00,-8.723418e-01
5.738739e+00,7.594586e-01
2.268456e+00,-1.699181e-01
2.468808e+00,2.440238e+00
5.941151e+00,1.699732e+00
3.776116e+00,2.038448e+00
-2.107852e+00,1.100389e+00
7.880321e+00,1.547984e+00
5.025530e+00,1.098790e+00
1.626154e+00,1.300779e+00
3.263008e+00,2.866317e+00
1.079463e+01,4.538814e+00
-2.297197e-01,4.964027e-01
-1.809538e-01,6.125293e-01
-4.407943e-01,1.148167e+00
2.754191e+00,-3.470722e-01
8.522808e+00,3.540908e+00
5.859711e+00,7.814051e-01
6.455383e-01,5.392241e-01
5.159738e+00,2.987008e+00
5.776231e+00,2.118702e+00
5.488892e+00,1.974850e+00
5.459238e+00,2.088285e+00
7.008092e+00,3.970927e+00
1.821732e+00,-4.611394e-01
7.063714e+00,8.228874e-01
8.951336e-01,1.014182e+00
8.439671e+00,-1.394079e+00
7.845993e+00,3.738338e+00
4.234451e+00,5.530748e-01
6.185858e+00,1.011724e+00
3.302886e+00,1.836572e+00
3.603274e+00,3.847964e-02
3.117466e+00,1.531430e+00
8.935914e+00,5.067587e+00
7.379519e+00,4.842667e-02
1.159304e-01,-6.214877e-01
5.864588e+00,2.063484e+00
-9.289527e-01,-4.077866e-01
9.724906e+00,2.552574e+00
6.094457e+00,1.448085e+00
4.206799e+00,2.029293e+00
4.761621e+00,8.216634e-01
7.095657e+00,2.232092e+00
1.886697e+00,-2.194983e-02
1.671270e+00,2.690225e+00
2.966888e+00,5.006906e-02
3.685828e-01,-3.268435e+00
7.656760e+00,1.990663e+00
8.112145e+00,-7.355636e-01
1.321535e+00,2.137558e+00
2.595871e+00,1.212553e+00
2.727314e+00,7.937567e-01
7.868707e+00,8.550141e-01
5.232993e+00,1.146909e-01
4.269795e+00,3.355620e-01
3.480009e+00,3.896399e+00
6.988284e+00,2.892753e+00
5.296146e+00,-1.338768e+00
5.591013e+00,2.540334e+00
6.106656e+00,3.516509e+00
2.781073e+00,1.247205e-01
4.149385e+00,4.232065e+00
6.905126e+00,2.069761e+00
5.719469e+00,2.023845e+00
4.919890e+00,3.637774e+00
2.398200e+00,1.329293e-01
4.352069e+00,7.505465e-03
5.843898e+00,2.149305e+00
7.200850e+00,1.945373e+00
7.444257e+00,4.200313e+00
8.842404e+00,3.771362e+00
3.252650e+00,2.016499e+00
7.152671e-01,9.753561e-01
-1.130383e+00,6.341973e-01
2.375254e+00,1.161318e+00
-5.711719e-01,-1.051574e+00
4.614812e+00,3.222315e+00
3.088627e+00,1.185557e-01
3.040236e+00,1.582084e+00
6.475489e+00,-2.568661e-02
6.417452e+00,3.272925e+00
2.171653e+00,1.669811e+00
1.407392e+00,3.417032e-01
4.497890e+00,2.479745e+00
2.363047e+00,1.678328e-01
6.719241e+00,3.419994e+00
3.112346e+00,1.083187e+00
5.428526e+00,3.810442e-01
7.531836e+00,2.118710e+00
5.451720e+00,3.313239e+00
4.893163e+00,6.667575e-01
1.590137e-01,-9.237974e-01
6.611550e+00,3.560125e+00
3.115041e+00,2.329306e+00
-1.110973e+00,3.286971e-01
-3.287709e-01,8.863156e-01
3.397335e+00,1.321155e+00
-3.067519e-01,5.947243e-01
1.543206e+00,2.465596e-01
-1.273575e-01,-4.957124e-01
6.236826e+00,2.055628e+00
2.460726e+00,-7.594787e-01
9.085659e-01,-1.425539e+00
6.755698e+00,1.838218e+00
1.239983e+00,-1.695637e+00
8.860979e+00,2.105494e+00
8.515970e+00,2.079258e+00
4.892493e+00,-4.725475e-01
1.345174e+00,4.730772e-01
8.382758e+00,3.176972e+00
1.964459e-01,2.541569e+00
4.424354e+00,-3.623324e-01
7.111923e+00,1.116423e+00
4.000358e-01,6.057281e-01
6.154713e+00,2.722600e+00
4.607677e+00,9.498806e-01
5.527844e+00,4.044786e+00
5.322176e+00,2.578093e+00
2.793932e+00,2.892538e-01
4.159158e+00,-1.046566e+00
5.951422e-01,2.070433e-01
8.499116e-01,3.211171e-01
3.330143e+00,3.502222e+00
7.503561e+00,2.577510e+00
4.348573e+00,-6.123430e-01
1.415426e+00,-6.360297e-02
3.759278e+00,-4.223419e-01
9.710875e-02,-1.857661e-02
7.145938e+00,9.434851e-01
9.198240e-01,2.444330e+00
2.414647e-01,-2.771820e-01
-1.666232e-01,1.442171e+00
-1.749738e+00,-7.440934e-01
6.196251e+00,1.821559e+00
2.701603e+00,1.714131e+00
9.886668e-01,1.205390e+00
6.273368e+00,2.720445e+00
-1.972792e+00,-1.143492e+00
3.647602e+00,3.978638e+00
-1.853336e-01,-5.406152e-01
6.924193e+00,-3.873077e-02
8.452722e+00,5.550331e-01
6.189513e+00,3.082931e+00
1.651431e+00,3.269358e+00
2.853112e-01,-4.994716e-01
-2.311435e+00,-5.116942e-01
6.366404e+00,-3.134409e-01
4.030888e+00,2.346444e+00
-6.981705e-01,-1.712354e+00
3.952009e+00,1.325376e+00
4.093843e+00,-5.078054e-01
6.970427e+00,-2.874444e-01
-1.439596e+00,-1.559015e+00
6.082737e+00,1.354493e+00
4.710707e+00,3.056815e+00
5.512101e+00,1.377922e+00
8.228393e+00,2.749484e+00
5.975215e+00,1.808690e+00
6.088663e+00,3.600886e+00
-1.327715e+00,1.379507e+00
7.587671e+00,2.310670e+00
8.246654e+00,-9.683210e-02
-8.387304e-01,2.353930e+00
3.255610e+00,4.435200e-01
1.921480e+00,1.669305e-01
4.446833e+00,2.267575e+00
4.931788e+00,-3.806460e-01
2.665018e+00,1.544717e+00
7.233904e+00,3.641115e+00
4.415356e+00,1.315226e-01
-1.569614e+00,2.821699e+00
3.489418e+00,1.305010e+00
6.730825e+00,3.451963e+00
4.547997e+00,3.904308e-02
1.063914e+01,2.931418e+00
2.314706e+00,2.560155e+00
7.432544e+00,5.143482e+00
3.547665e+00,2.561778e+00
4.657657e+00,-1.969831e+00
1.688880e+00,1.129888e+00
2.789381e-01,3.725722e-01
6.856169e+00,3.705993e+00
7.876305e+00,3.887695e+00
6.802251e+00,1.216010e+00
3.245680e+00,-5.007249e-01
-9.596078e-01,1.917179e+00
4.358525e+00,2.375403e+00
4.976285e+00,2.106119e+00
6.773584e+00,3.033855e+00
8.572066e+00,3.655643e+00
2.977807e-02,3.730576e-01
8.240250e+00,1.794380e+00
-2.680618e+00,1.216483e+00
9.079786e-01,8.527575e-01
3.761771e+00,1.853928e+00
4.413722e+00,-4.546521e-01
6.053764e+00,2.056027e+00
4.348050e+00,3.808722e+00
1.290253e+00,-9.430167e-01
1.330232e-01,3.102636e-01
3.513575e+00,2.327837e+00
1.592030e+00,1.364459e+00
1.018547e+01,1.552096e+00
4.138776e+00,-1.069862e+00
-3.683432e-01,9.717583e-01
2.847921e+00,2.127468e+00
8.388226e+00,4.283039e+00
4.794773e-01,6.753998e-01
5.547657e+00,2.848310e+00
-5.130515e-01,2.912552e-01
2.702160e+00,-8.472257e-01
3.230365e-01,2.657193e+00
2.088892e+00,3.951575e-01
4.298627e+00,2.881520e+00
9.806873e+00,1.009912e+00
2.752215e+00,1.472172e+00
1.411719e+00,6.786632e-01
5.192636e+00,1.307292e+00
2.156267e+00,2.385347e+00
7.894748e+00,6.437880e-01
6.936107e+00,4.758498e+00
1.093703e+00,1.808040e+00
4.254353e-01,-1.397973e+00
4.204745e+00,7.104908e-01
7.348375e+00,2.877553e+00
3.898501e+00,3.091362e+00
7.841766e+00,4.489642e+00
6.077392e+00,1.053598e+00
-2.483914e-02,-1.080278e+00
5.831915e-01,5.266126e-01
1.079163e+00,-2.402107e+00
1.330662e+00,-1.723655e+00
4.462404e+00,2.187019e+00
1.945773e+00,-1.474922e+00
1.062167e-01,9.515446e-01
3.810562e-01,1.460627e+00
4.575754e+00,1.357067e+00
6.880079e+00,1.263272e+00
2.920453e+00,4.452642e+00
2.824254e+00,1.290114e+00
5.782133e+00,2.963563e-01
-9.892466e-01,7.219705e-01
4.226617e+00,1.352057e+00
6.932204e+00,3.623738e+00
6.928546e+00,5.019010e-01
5.353109e+00,5.314936e+00
3.696955e+00,4.016715e+00
4.026822e+00,1.586385e+00
5.044995e+00,4.954357e+00
9.384586e+00,1.242468e+00
-9.669208e-02,2.879427e-01
7.942465e+00,3.946685e+00
6.858743e+00,4.984530e-01
-3.866452e-01,-2.797043e-01
7.781300e+00,2.343793e+00
8.299548e-01,4.030876e-01
6.556526e+00,2.329737e+00
7.625971e+00,1.935878e+00
7.166769e+00,2.179913e+00
4.788227e+00,1.185016e-01
7.252251e+00,7.214531e-01
2.403414e+00,4.976721e-02
9.666473e-01,7.882685e-01
3.917030e+00,1.350906e+00
1.736730e+00,1.356066e+00
3.236240e+00,3.307380e-01
7.283736e+00,2.106355e+00
6.553162e+00,3.061730e+00
2.042367e+00,1.726603e+00
-1.897478e+00,-3.837247e-01
4.981044e+00,3.095777e+00
-7.339531e-01,-7.301187e-01
9.874174e+00,2.081868e+00
1.893416e+00,1.522719e+00
5.901303e+00,2.024164e+00
5.290287e+00,2.605927e+00
6.662978e+00,4.727586e-01
7.544711e+00,9.608526e-01
-1.203358e+00,-3.250600e-01
7.417719e+00,2.429085e+00
9.047181e+00,4.078935e+00
6.153098e+00,1.766519e+00
3.396801e+00,2.790849e+00
1.918455e+00,8.186051e-01
6.012446e+00,-1.433734e+00
1.882966e+00,-3.976206e-02
-2.666723e-01,-4.170162e-01
2.471120e+00,2.264346e+00
6.605106e+00,4.622491e-01
7.579142e+00,3.498757e+00
1.643266e+00,1.221600e+00
5.958504e+00,9.046732e-01
7.332653e+00,3.242109e+00
8.538317e+00,2.221968e+00
6.534038e+00,2.250336e-01
6.503960e+00,3.620897e+00
2.590184e+00,2.895919e+00
5.665279e+00,1.207358e+00
1.318633e+00,-3.746157e-01
1.981636e+00,-3.203189e+00
7.083601e+00,1.782118e+00
1.430673e-01,-1.229752e-01
3.330106e+00,6.624380e-01
1.868211e+00,-8.103866e-02
6.273215e+00,1.678776e-01
6.439483e-01,1.108713e+00
1.024226e+00,1.124895e+00
8.979545e+00,3.096233e+00
4.794777e+00,1.429576e+00
8.168796e+00,3.091754e+00
9.166574e+00,3.796538e+00
2.222185e+00,1.493040e+00
8.133820e+00,1.885675e+00
4.399559e+00,2.203593e+00
1.255006e+00,-7.186046e-01
-1.369439e-01,-1.544011e+00
-2.519365e+00,2.500121e+00
8.821638e+00,4.120449e+00
5.242567e+00,1.772693e+00
2.359816e+00,1.650041e+00
9.409298e-01,-6.034354e-01
5.339619e+00,3.657933e+00
8.529106e+00,1.703285e+00
6.382097e+00,4.350065e+00
7.800744e+00,3.743476e+00
1.802171e+00,5.805765e-01
5.518031e+00,4.645924e+00
5.661115e+00,2.684588e+00
8.469953e+00,8.896728e-01
3.877236e+00,6.006149e-01
7.240214e+00,1.429216e+00
7.846569e+00,3.921877e+00
5.700613e+00,-6.797998e-01
-1.280709e+00,2.016342e+00
4.935526e+00,9.716771e-01
5.667491e+00,2.441978e+00
7.268014e+00,3.552535e+00
7.681718e+00,7.699545e-01
4.028547e-01,-1.358382e+00
7.231549e+00,3.260991e+00
6.226939e+00,1.408858e+00
5.768955e+00,2.294421e+00
2.116537e+00,-1.067567e+00
5.760438e+00,1.410919e+00
1.555180e+00,5.750088e-02
1.014800e+01,4.107734e+00
3.664106e+00,1.153366e+00
1.065292e+01,4.563676e+00
7.637293e+00,2.058446e+00
7.363383e+00,3.018401e+00
2.225831e+00,-5.869028e-02
8.682512e+00,2.241587e+00
7.110465e+00,1.585546e+00
5.132501e+00,4.494563e+00
3.865472e+00,2.165529e+00
2.629382e+00,-4.345734e-01
8.183412e+00,3.014906e+00
3.736928e+00,3.874220e-02
4.223438e-02,1.546570e+00
7.433123e+00,3.240633e+00
1.664344e-01,-1.680936e+00
1.714013e+00,4.569703e+00
1.589977e+00,1.677851e+00
2.342110e+00,-2.847526e+00
2.376857e-01,4.650225e-01
1.036061e+00,3.684862e-01
6.966144e+00,8.877790e-01
8.308255e+00,-6.795831e-01
2.482645e+00,2.447952e+00
2.463645e+00,6.654987e-01
3.722346e+00,1.630015e-01
3.625777e+00,-1.721481e+00
6.895483e-01,-1.538320e+00
7.984485e+00,2.835909e+00
4.046864e+00,-3.073442e+00
1.354084e+00,1.970744e+00
6.156718e+00,3.573830e+00
6.255438e+00,2.550209e+00
6.633605e+00,1.958093e+00
2.798464e+00,2.000383e+00
6.889701e+00,2.362153e+00
4.983192e+00,2.100087e+00
4.416787e+00,1.021202e+00
3.988816e-01,8.527605e-01
3.275612e+00,2.325251e+00
3.003586e+00,2.417580e+00
