3.210684e+00,-3.366309e+00
1.540752e-01,2.329254e+00
-6.818455e-01,5.219841e-01
1.919495e+00,7.504966e+00
7.187414e+00,4.893056e+00
1.352978e+00,4.929971e+00
7.683696e+00,2.930830e+00
2.884119e+00,3.266209e+00
5.304192e+00,2.720959e+00
3.195447e+00,-1.117460e+00
7.633329e+00,8.564877e+00
-3.335294e+00,2.675032e+00
8.772505e+00,7.662780e+00
5.377772e+00,9.226235e+00
3.634123e+00,1.433241e+00
1.521077e+00,4.930315e+00
5.212971e+00,1.066404e+01
1.613333e+00,6.667761e+00
2.508497e+00,2.346890e+00
9.557195e-01,-7.197810e+00
8.355146e+00,-2.007270e-02
1.187076e+00,1.834029e+00
4.987039e+00,8.611154e+00
5.553292e+00,7.630071e+00
5.634765e-01,-7.568635e-01
2.630156e+00,4.785389e+00
7.413815e+00,3.110404e+00
1.583175e+00,5.819610e+00
4.852877e+00,-8.718168e-02
6.444125e+00,7.103752e+00
-1.749387e-01,3.391537e+00
4.726342e+00,-5.506338e+00
7.404711e+00,2.917383e+00
-5.352761e+00,8.556403e+00
1.360283e+00,2.717259e+00
6.444684e+00,4.828951e+00
3.166133e+00,7.640243e+00
5.356678e+00,7.841316e+00
3.113628e+00,9.435081e-01
5.455859e+00,8.221879e-03
4.193948e+00,3.282691e-01
-6.790425e+00,1.446857e+00
2.767145e+00,-1.251708e-01
2.415755e+00,5.878929e+00
1.526922e+00,2.106035e+00
-3.617356e+00,5.674802e+00
-3.051478e-01,8.886997e-01
-2.381734e+00,1.027296e+01
-3.086437e+00,-5.020014e+00
9.801827e+00,5.306934e+00
9.143548e+00,7.302464e+00
7.943970e+00,4.982245e+00
6.616180e+00,1.618911e+00
5.766870e+00,8.514464e+00
6.372477e+00,8.621085e+00
9.907486e+00,4.103078e+00
8.142310e-01,-2.000810e+00
3.778101e+00,4.496481e+00
6.204720e+00,4.905957e+00
2.347249e+00,4.643150e+00
4.866084e+00,5.920875e+00
1.387954e+01,4.348391e+00
4.661945e+00,4.635880e+00
1.958738e+00,6.189719e+00
-7.167163e-01,-4.040979e-01
9.091190e+00,1.987965e+00
6.647977e-01,1.503640e+01
5.012456e+00,4.662593e+00
2.402441e+00,3.025472e+00
5.600520e+00,-1.177943e+00
1.123205e+01,5.948063e+00
4.754068e+00,-5.724986e+00
4.981080e+00,1.372400e-01
8.380074e+00,1.126786e+01
5.506185e+00,7.839067e+00
-1.056652e-01,6.831319e+00
7.145744e+00,7.301010e+00
1.004899e+00,6.758400e-01
1.226475e+01,8.131447e+00
8.546765e+00,1.013035e+01
7.761196e+00,6.198348e+00
5.287221e+00,3.755124e+00
4.662584e+00,-1.024462e+00
-2.573999e+00,8.741181e+00
6.221827e+00,4.007291e+00
5.527617e+00,-8.938336e-01
-9.462652e-03,2.454724e+00
7.300118e+00,5.723353e+00
2.642827e+00,2.416462e+00
9.268391e+00,8.850532e+00
8.364237e-01,1.646589e+00
7.361471e+00,1.100045e+01
-6.652912e-03,1.948162e+00
7.818626e+00,4.088451e+00
3.672239e+00,5.814286e+00
9.537480e+00,1.038381e+00
-2.449622e+00,6.048549e+00
1.666621e+00,1.021545e+01
8.815441e+00,1.393245e+00
3.963657e+00,9.338860e-02
6.988841e+00,1.496502e+01
9.463875e-01,3.716053e+00
1.515138e+00,-4.304582e+00
3.032185e+00,6.555518e+00
-2.433310e+00,-1.789301e+00
7.312958e+00,8.319008e+00
2.714148e+00,2.200113e+00
-1.659470e+00,6.179669e+00
7.065300e+00,8.380834e+00
4.991530e+00,3.022549e+00
1.749729e+00,7.628089e+00
2.980390e+00,4.048302e+00
6.652039e+00,7.291719e+00
1.243793e+01,6.397943e+00
5.212248e+00,9.914240e+00
6.487299e+00,3.595569e+00
2.151835e+00,9.358000e-01
3.182741e+00,-3.327206e+00
4.649687e+00,-8.671350e-01
4.825770e+00,7.846323e+00
6.718268e-01,2.603074e+00
4.781955e+00,8.420913e+00
3.485382e+00,1.134554e+00
1.342950e+00,-3.107708e+00
5.880485e+00,-1.197929e+00
1.064660e+01,5.993433e+00
2.304107e-01,7.147245e+00
-2.912918e+00,3.713864e+00
3.334429e+00,8.079405e+00
3.966010e+00,7.207642e+00
8.718415e+00,4.301530e+00
5.836316e-01,2.263265e+00
2.439993e+00,7.355944e+00
2.440039e-01,3.947137e+00
3.630011e+00,1.043847e+01
-4.677069e+00,5.882925e+00
-5.435344e-01,3.328307e+00
1.118083e+00,6.728528e-01
2.390957e+00,6.084572e+00
-5.104113e-01,-1.272353e+00
4.533431e+00,3.553504e+00
9.601064e-01,3.939124e+00
7.605682e+00,3.989051e+00
6.104607e+00,3.322745e+00
-2.959462e-02,-4.844483e+00
7.458890e+00,3.460558e+00
4.987481e+00,3.568840e+00
1.904112e+00,7.908866e+00
6.881683e+00,6.458473e+00
4.775605e+00,2.357758e+00
9.086369e+00,8.714978e+00
2.431171e+00,6.667295e+00
-3.914773e+00,1.432774e-01
-2.798510e-01,-1.643291e+00
3.224669e+00,7.399583e-01
1.253240e+01,4.125595e+00
1.715374e+00,4.514908e+00
5.250653e+00,-3.461162e+00
8.490811e+00,5.409867e+00
9.907838e-01,2.565359e+00
6.171004e+00,7.501376e+00
2.982637e+00,3.662092e+00
9.854446e+00,3.807188e+00
9.685147e+00,8.276331e+00
1.214920e+01,8.732184e+00
7.415960e+00,4.934304e+00
4.262878e+00,5.087037e+00
1.014077e+01,6.584250e+00
1.530261e+00,2.419199e+00
1.041807e+00,1.756193e+00
8.592856e+00,1.980372e+00
6.008289e+00,-1.951286e-01
-6.611764e+00,2.859976e+00
6.686393e+00,2.124439e+00
3.965495e+00,-2.304002e+00
9.602492e-01,7.754842e+00
6.940394e+00,6.557629e+00
3.566292e+00,8.620275e+00
7.423159e+00,5.677273e+00
3.501090e+00,4.148853e+00
4.729278e+00,8.867924e+00
3.774325e+00,-4.652132e+00
2.574079e+00,-2.876017e-01
6.830730e+00,-2.447446e+00
3.473372e+00,2.937242e+00
1.724258e+00,1.256309e+01
1.488080e+01,7.943362e+00
-1.937976e+00,2.047052e+00
5.916420e+00,2.955864e+00
7.689274e+00,5.454254e+00
6.449901e+00,5.253910e-01
2.474612e+00,-1.117315e+00
5.616091e+00,5.164845e+00
7.426971e+00,8.070561e+00
6.040859e+00,6.519645e+00
-3.480006e-01,6.112382e+00
5.236342e+00,7.042841e+00
2.609591e+00,-4.587908e-01
1.571577e-01,6.409040e+00
1.348347e+00,9.514324e+00
1.165711e+01,7.959669e+00
5.079124e+00,2.070032e+00
4.809491e+00,2.826674e+00
-4.507570e+00,3.472617e+00
3.960504e+00,8.345442e-01
9.863344e+00,5.525132e+00
4.714183e+00,2.970025e+00
7.367073e+00,6.161272e+00
-8.956442e+00,9.518230e+00
-2.033130e+00,2.908651e+00
4.593244e+00,6.181851e+00
-2.245097e+00,1.678605e+00
8.128183e+00,5.374987e+00
4.827497e+00,5.430311e+00
1.015202e+01,9.108554e+00
-2.346643e+00,1.003926e+01
8.239927e+00,3.306032e+00
4.203290e+00,5.443783e+00
6.650629e+00,3.080363e+00
3.039752e+00,1.167933e+00
2.442848e+00,7.916672e-01
-9.151992e-02,3.264827e+00
8.733740e+00,3.914618e+00
7.060343e+00,8.836706e+00
7.278317e+00,2.802963e+00
7.220983e+00,6.834603e+00
1.118160e+01,2.072331e+00
8.025100e+00,-1.377534e+00
5.440805e+00,-4.883134e+00
1.232508e+00,5.252439e-01
1.173635e+01,3.492986e+00
2.042253e+00,-3.330915e+00
4.357535e+00,1.565892e+00
8.091434e+00,6.269244e+00
3.929841e-01,-3.375119e+00
-3.314656e-01,2.942334e+00
1.176454e+01,-3.298735e+00
4.205391e-01,5.603367e+00
1.067951e+01,2.380928e+00
-2.307986e-01,4.856229e+00
1.340002e+00,9.556396e+00
3.234133e+00,7.004291e+00
1.176179e-01,-1.087282e+00
2.116286e+00,2.335715e+00
1.793612e+00,1.735790e+00
1.075567e+01,5.156274e+00
3.963439e+00,1.095606e+01
5.581652e+00,5.419625e+00
1.078049e+00,-1.344935e+00
4.662672e+00,-1.876646e+00
1.202443e+01,8.428037e+00
2.864637e+00,7.400206e+00
-6.224642e+00,8.647575e+00
-6.803342e-01,1.049433e+01
2.014970e+00,-1.094824e+00
7.615697e+00,9.054908e+00
3.585181e+00,2.268501e+00
4.207431e+00,1.101561e+01
8.343996e+00,1.072997e+01
7.301764e+00,1.845398e+00
4.338989e+00,-3.022381e+00
1.147088e+01,4.943817e-01
2.275214e+00,1.055876e+01
2.122289e+00,4.606261e+00
4.129372e+00,9.202728e+00
-4.903248e+00,3.015849e+00
3.278249e-01,3.824986e+00
6.959035e+00,7.030002e+00
1.024075e+01,5.145853e+00
2.470223e+00,3.728004e-01
8.188957e+00,1.900891e+00
-7.110655e-01,3.826122e-01
2.830932e+00,3.381442e+00
8.536161e+00,-6.770686e-02
4.537770e+00,2.503649e+00
2.421856e+00,1.150783e+01
4.808572e+00,1.038610e+00
2.945871e+00,2.397115e-03
6.803231e+00,1.169057e+00
-7.264871e-01,6.255653e+00
6.795265e+00,1.413287e+01
2.884246e-01,6.600929e+00
4.131916e+00,5.606415e+00
1.427988e+01,3.774978e+00
-1.765469e+00,5.260571e+00
7.503076e+00,6.099791e+00
2.937101e+00,7.322891e+00
1.426023e+00,5.915426e+00
-9.674147e-01,7.091545e+00
2.767179e+00,2.970232e+00
6.695704e+00,-5.554498e+00
1.070311e+01,-2.291070e+00
2.899320e+00,2.708755e+00
6.209821e+00,3.180275e+00
2.835597e+00,3.927492e+00
3.948938e+00,4.262219e+00
8.125807e-01,4.658610e+00
7.661595e+00,2.874234e+00
4.308773e+00,9.137865e-01
6.817283e+00,5.385858e+00
3.549157e-01,7.248557e+00
2.780111e+00,3.104634e+00
6.441523e+00,1.528477e+00
3.390019e-01,8.286765e+00
7.256749e+00,4.342641e+00
9.583077e-02,2.047350e+00
6.605194e+00,-2.741708e+00
2.303678e+00,-3.964616e+00
9.609758e+00,5.695842e+00
5.660265e+00,6.155727e+00
1.927553e+00,3.717291e+00
6.266845e+00,9.386386e+00
6.456013e+00,9.016370e+00
1.051816e+01,2.610313e+00
4.598939e+00,-1.740974e+00
4.626068e+00,5.330491e+00
-2.447724e+00,2.237865e+00
9.945956e+00,1.002620e+01
6.762967e+00,-6.690944e+00
5.213115e+00,4.496478e+00
-1.003784e+00,3.993792e+00
1.419895e+00,3.383701e-01
2.478702e+00,5.177717e+00
1.800678e+00,1.066601e+00
7.801540e-01,4.561496e+00
3.558023e+00,4.470600e-02
9.253375e-01,2.685184e+00
8.884566e+00,1.088489e+01
6.836871e+00,2.292316e+00
1.264843e+01,1.017705e+01
5.259619e-01,-5.823732e+00
5.624275e+00,3.442749e+00
6.880642e+00,3.923611e+00
-3.283747e+00,1.060427e+01
1.500196e+00,1.026818e+01
6.719432e+00,1.236789e+00
3.338333e+00,8.718543e+00
1.471996e+01,-7.599602e+00
1.205273e+01,6.560138e+00
3.297204e+00,9.794462e+00
7.676913e+00,8.756957e+00
7.595173e+00,5.497479e+00
4.008605e+00,9.980989e+00
1.481681e+01,6.071780e+00
1.267806e+01,3.297748e-01
4.351612e-01,6.896369e+00
-3.096337e+00,1.120547e+01
3.513284e+00,2.946149e+00
1.342911e+00,7.468232e+00
6.503837e+00,-1.881731e+00
4.312246e+00,2.770563e+00
4.380080e+00,3.502051e+00
6.192024e+00,5.318798e+00
-2.928984e+00,-4.089890e+00
3.418485e-01,8.443883e+00
7.618475e+00,-9.076317e-01
1.252094e+01,-2.968195e+00
3.439880e+00,8.517637e+00
3.714686e+00,7.577240e-01
5.756851e+00,1.094053e+00
6.118824e+00,6.499280e+00
5.376780e+00,-1.317199e+00
5.880424e+00,7.458215e+00
4.610525e+00,8.425160e+00
5.436480e+00,2.841655e+00
9.514297e+00,7.681315e+00
5.131506e+00,3.685743e+00
5.689538e+00,2.974842e+00
3.888562e+00,1.324941e+01
1.029020e+01,4.103071e+00
1.038226e+01,-2.488323e+00
3.700288e+00,7.833803e+00
4.635996e+00,1.324944e+01
-1.398630e+00,2.577018e+00
2.610298e+00,3.513765e+00
1.112004e+01,-4.581164e-01
7.912683e+00,7.132764e+00
8.222247e+00,4.761757e+00
2.694668e+00,9.760915e+00
-2.258527e+00,4.740514e+00
5.313901e+00,-1.688262e+00
2.459614e+00,9.938686e-01
7.112916e+00,7.507417e+00
6.065412e+00,7.109767e+00
3.660953e+00,5.196524e+00
2.770299e+00,4.294731e+00
-2.604638e+00,9.524860e+00
6.559556e+00,8.593914e+00
5.671217e+00,-4.977408e+00
1.923419e+00,9.555424e+00
5.379280e+00,1.436764e+00
7.978172e+00,5.228524e+00
3.938631e+00,1.344903e+00
1.091902e+00,1.963581e+00
8.639388e+00,9.811710e+00
7.436115e+00,1.240605e+01
9.170248e+00,6.275035e+00
6.134821e+00,6.024911e+00
4.922185e+00,4.676917e+00
7.714460e+00,1.056580e+00
9.139515e-01,2.985402e+00
4.481972e+00,1.821494e+00
7.091913e+00,-2.223385e+00
3.108614e-02,3.741608e+00
-6.549353e-02,6.583109e+00
5.700065e+00,1.315714e+00
1.181832e+01,3.138558e+00
4.350257e+00,5.909823e+00
7.479136e+00,1.493564e+00
9.690233e+00,4.653766e-01
-5.729472e-01,-4.835857e-01
-3.720414e+00,4.448931e+00
4.083434e-01,7.644177e+00
1.075527e+01,-4.245190e+00
3.993199e+00,-1.561383e+00
9.630519e+00,5.129185e+00
5.637860e+00,3.462976e+00
-4.462018e-01,3.366241e+00
-1.290837e-01,-1.141636e+00
7.524539e+00,6.121143e+00
7.793005e+00,1.249566e-01
9.215482e+00,-2.892960e+00
-6.491828e+00,1.847905e+00
3.172306e+00,1.828622e+00
4.829556e+00,6.453067e+00
1.388867e+01,5.460382e+00
4.167652e-01,8.266882e-01
2.854780e+00,2.443373e+00
5.464071e+00,-6.703288e+00
1.019636e+01,1.091182e+01
8.562244e+00,3.231806e+00
7.131933e+00,-3.496747e-01
3.395895e+00,8.023172e+00
5.080752e+00,6.205713e+00
3.621377e+00,2.085435e+00
5.094244e+00,4.329501e+00
7.358514e-02,-2.794792e+00
9.004002e+00,1.957695e+00
3.588719e+00,-1.778085e+00
7.036882e+00,4.414402e+00
7.143571e+00,3.471627e+00
2.667566e+00,3.515607e+00
-1.868824e+00,3.549475e+00
7.274018e+00,-2.091769e+00
-1.503050e+00,4.855326e+00
9.240554e+00,5.000638e+00
4.879164e+00,2.402874e+00
3.749998e+00,7.573032e+00
-3.717969e+00,4.476139e+00
-6.140434e-01,-1.957210e+00
1.400328e+01,-1.088360e-01
8.291085e+00,1.350128e+00
6.550156e+00,9.836900e-01
6.870563e+00,1.622059e+00
1.044485e+01,1.942289e+00
-2.690127e+00,9.604254e-01
2.471220e+00,8.032551e+00
2.764417e+00,6.096842e+00
9.439264e+00,4.423667e+00
1.219787e+00,6.412974e+00
1.198263e+01,3.422147e+00
9.645834e+00,9.802803e+00
8.650163e-01,9.060483e+00
1.371766e+00,1.026641e+01
3.487036e+00,4.694381e+00
1.380963e+01,3.594275e+00
-6.046396e+00,4.426713e+00
1.250143e+01,3.807640e+00
5.951659e+00,3.944094e+00
4.463655e+00,4.247243e+00
6.101491e+00,8.302392e+00
3.549210e+00,-1.692807e-01
7.121767e+00,2.133042e+00
8.982847e+00,-7.318418e-01
-3.226536e+00,3.713139e+00
