2.904114e+00,2.451078e+00
1.347726e+01,2.778982e+00
8.260020e+00,-9.213273e-01
2.926887e+00,3.642565e+00
5.008951e+00,6.676643e+00
3.553676e+00,5.474981e+00
1.077802e+01,2.991098e+00
8.825348e+00,1.669272e-01
9.038827e+00,3.190062e+00
7.145074e+00,4.173575e-01
4.175083e+00,6.057525e+00
5.262086e+00,1.604511e+00
3.380161e+00,2.280679e+00
3.269239e+00,3.056035e+00
4.282227e+00,2.135192e+00
7.829851e+00,6.545914e+00
8.226598e+00,5.665945e+00
1.089833e+01,8.258154e+00
1.902719e+00,1.852079e-01
4.917459e+00,2.114709e+00
2.871428e+00,-4.747747e+00
5.595214e+00,2.003938e+00
3.295037e+00,2.862790e+00
1.259354e+00,3.375507e+00
3.172021e+00,5.872808e+00
-1.060929e-01,5.226722e+00
5.491328e+00,7.812593e+00
5.378798e+00,-2.618018e+00
4.346486e+00,3.849632e+00
9.079158e+00,7.008194e+00
4.420950e+00,4.689443e+00
5.834759e-01,-2.969081e+00
4.921316e+00,1.034262e+01
2.438052e+00,3.938270e+00
4.647508e+00,7.740044e+00
6.669731e+00,3.992188e+00
2.600969e+00,6.427092e+00
-1.344699e+00,6.618669e+00
6.414250e+00,1.594416e-02
7.638250e+00,1.993757e+00
2.544706e+00,1.783487e+00
1.086238e+01,1.125678e+01
1.807607e+00,-3.858554e+00
7.575085e+00,2.186532e+00
3.957719e+00,4.151099e+00
4.690568e+00,3.207795e+00
4.481377e+00,1.131250e+01
4.740211e+00,1.497860e+00
5.430531e+00,1.983044e-01
1.511906e+00,1.352608e+01
-1.453954e+00,3.601231e+00
-1.313277e+00,7.569064e+00
5.129722e+00,-1.745686e+00
6.706483e-01,-2.096756e+00
3.928785e+00,4.131932e-02
4.278619e+00,-3.245320e+00
-2.919972e-02,-4.825673e-01
2.305396e+00,5.256601e+00
-5.031144e-01,3.453275e-01
4.610134e+00,4.543928e+00
2.849956e+00,2.237425e+00
-1.994667e+00,-1.624242e+00
6.645943e+00,3.584026e+00
2.832916e-01,4.475337e+00
4.203142e+00,6.096925e+00
1.484614e+00,1.822760e+00
3.899694e+00,3.575082e+00
9.561141e+00,3.777917e+00
6.090742e+00,3.295045e+00
3.090535e+00,3.391886e+00
4.565524e+00,5.209975e-01
2.814224e+00,5.417062e+00
6.931652e+00,8.449401e+00
7.187735e+00,3.678007e+00
3.557685e+00,4.499119e+00
5.800969e+00,-7.066333e-02
4.906696e+00,3.519970e+00
6.082564e+00,3.587972e+00
2.804133e+00,5.545877e+00
6.490143e+00,6.191889e+00
8.079902e+00,1.644613e+00
2.366616e+00,-2.054658e+00
5.441898e+00,3.426801e+00
-1.174729e+00,3.467170e+00
4.857313e+00,-8.789655e-01
1.612261e+00,2.141131e+00
5.933907e-01,-2.293273e+00
5.833288e+00,2.533801e+00
1.067615e-01,-1.359628e+00
3.650608e+00,9.164615e-01
7.517148e+00,5.928311e+00
2.084029e+00,1.278312e+00
-2.558549e+00,2.305747e+00
7.414157e+00,2.580422e+00
5.143397e+00,-1.067978e+00
2.671637e+00,1.901172e+00
7.056662e+00,6.107661e+00
7.982330e+00,-1.371357e+00
7.235763e+00,4.515817e+00
2.149153e+00,5.649584e+00
2.367385e+00,1.118907e+00
2.578853e-01,7.548838e-01
1.469795e+00,-2.723846e+00
1.510783e+00,-1.212525e+00
1.680519e+00,-6.279136e-01
3.047725e+00,-1.991675e+00
5.567624e+00,3.207460e+00
4.670009e+00,1.631483e+00
4.980625e+00,3.832122e+00
2.207007e+00,2.783223e+00
3.786011e+00,3.552164e+00
5.518838e+00,2.982555e+00
2.887850e+00,2.632044e+00
5.269613e+00,6.569921e+00
5.507998e+00,-4.606929e+00
5.519173e+00,1.009849e+01
2.738293e+00,2.439352e-01
6.277876e+00,3.949563e+00
2.513437e+00,6.290647e+00
1.527637e+00,-1.748966e+00
4.691539e+00,5.779432e+00
4.500585e+00,9.119775e+00
2.403976e+00,1.538319e+00
6.757509e+00,1.742272e+00
5.976042e+00,-1.215048e+00
-2.170639e+00,8.124637e-01
5.370977e+00,-1.180131e+00
3.192449e+00,2.170741e+00
7.461254e+00,9.085781e+00
-1.278445e+00,2.482946e+00
5.794092e+00,6.966153e+00
3.179041e+00,-3.082859e+00
5.077784e+00,3.265596e+00
7.667153e+00,2.238692e+00
5.672450e+00,7.686914e+00
4.888936e+00,5.942177e+00
3.867768e+00,-1.749965e+00
6.385724e-01,5.545676e-01
7.618290e-01,-4.567994e+00
6.465560e+00,1.331797e+00
6.006944e+00,3.559936e+00
2.785438e+00,-2.801944e+00
2.179101e+00,1.051572e+01
2.646243e+00,6.594933e+00
5.159095e-01,2.136679e+00
4.038696e+00,2.320551e+00
6.635747e+00,8.463199e-01
5.121680e+00,4.377987e+00
5.644350e+00,8.029543e+00
4.498499e+00,3.788746e-01
4.497889e+00,3.729973e+00
3.788671e+00,9.711986e+00
5.286157e+00,7.930554e+00
7.102704e+00,-8.874840e-01
4.587628e+00,4.564091e+00
4.250307e+00,7.180958e+00
6.415388e+00,3.946579e+00
4.950345e+00,2.735630e+00
8.794924e+00,7.077633e+00
3.470828e+00,4.146286e+00
8.791973e+00,3.397177e-01
2.897874e+00,6.607350e+00
2.793911e+00,4.540360e+00
6.084259e+00,5.046612e+00
2.489402e+00,4.279408e-01
2.095520e+00,9.418684e+00
1.930838e+00,1.265223e+00
1.132889e+00,-1.275403e-01
6.243274e+00,-1.708190e-03
2.070353e+00,4.601166e+00
1.204937e+00,2.873205e+00
3.595853e+00,1.940048e+00
3.852787e+00,3.619878e+00
9.335440e+00,8.604923e-01
8.274228e+00,3.957385e+00
3.292885e+00,3.169541e+00
2.568723e+00,2.272930e-01
5.869059e+00,2.352305e+00
-9.897922e-01,7.455711e+00
9.826868e+00,-5.982019e-01
3.455291e+00,7.589950e+00
5.397640e+00,8.350083e+00
5.204163e+00,5.707412e+00
5.937053e+00,3.115811e+00
4.989792e+00,2.544880e+00
8.681337e+00,-1.524835e+00
8.530550e+00,5.248299e+00
6.772142e+00,-1.760402e+00
3.821023e+00,-2.241046e+00
8.380547e+00,1.926812e+00
5.291143e+00,2.039404e+00
5.042339e+00,3.054100e+00
4.648866e+00,3.758874e+00
5.951105e+00,2.861332e+00
1.905553e+00,-5.412542e-01
5.690749e+00,2.280329e+00
1.174656e+00,7.172033e+00
2.663992e+00,2.336566e+00
5.036096e+00,3.994521e+00
1.020969e+01,4.921331e+00
4.780256e+00,3.564102e+00
-6.754547e-01,5.695123e-01
1.281565e+01,5.704749e+00
3.190288e+00,3.997622e+00
4.540819e+00,3.257782e+00
5.516737e+00,1.043031e+00
8.577135e+00,4.732455e+00
5.273369e+00,4.031432e+00
6.622673e+00,7.790811e-01
8.642232e+00,1.403305e-01
8.049881e+00,4.068519e+00
5.590547e+00,1.678448e+00
2.767240e-01,7.432920e+00
3.891853e+00,2.808606e-01
4.688511e-01,5.583570e+00
9.100248e+00,7.652941e+00
6.799322e+00,8.531571e+00
4.694914e+00,-7.585501e-01
3.441489e-01,2.116752e+00
7.108383e+00,5.763041e+00
4.426981e+00,-1.526598e+00
6.387296e+00,1.221686e+00
5.193320e+00,-4.261120e+00
8.018931e+00,6.873508e-01
5.577268e+00,1.510091e+00
1.070376e+00,3.050893e+00
3.700213e+00,3.575659e+00
2.738517e+00,6.622099e+00
5.002830e+00,2.695624e+00
3.285365e+00,5.891203e+00
9.493492e-03,3.137578e+00
4.881379e+00,2.926020e+00
3.466977e+00,3.605998e+00
4.634687e+00,4.885206e+00
4.184193e+00,2.153209e+00
1.918025e+00,8.206256e+00
1.489232e+00,2.409125e+00
4.904073e+00,2.338414e+00
9.964749e-01,3.321983e+00
-6.623564e-03,6.846996e-01
1.110175e+01,3.113335e+00
3.621360e+00,-1.088215e+00
4.757701e+00,2.062730e-01
4.305660e+00,-2.007033e-02
7.212176e+00,3.843402e+00
6.171946e+00,4.262541e+00
5.126132e+00,4.101542e+00
1.822888e-01,-3.754489e-01
1.163963e+00,1.230220e+00
4.024854e+00,-1.462827e+00
4.903333e+00,2.806365e+00
4.264562e+00,2.853533e+00
2.564626e+00,1.090974e+00
8.164302e+00,7.783912e-01
-1.553994e+00,2.567072e+00
8.022673e-01,2.554950e+00
-3.043257e+00,2.171477e+00
-6.585470e-01,9.128417e+00
-3.721948e+00,4.714659e+00
7.557877e+00,3.591165e+00
1.369527e+00,6.539818e+00
4.160398e+00,-1.598723e+00
1.019540e+01,3.081042e+00
3.405825e+00,8.220496e+00
4.870718e+00,4.220197e+00
-7.637898e-01,4.546402e+00
5.524134e+00,1.343762e-01
2.912483e+00,6.594795e+00
5.354972e+00,3.865001e-01
7.051047e+00,-3.103170e+00
4.502618e+00,-1.740826e+00
2.763507e+00,7.380498e+00
3.070621e+00,1.165844e+00
5.809983e+00,-4.761226e+00
6.751241e+00,4.699926e+00
4.516754e+00,1.572260e+00
5.754617e+00,-1.622121e-01
2.590084e+00,2.727247e+00
1.856235e+00,4.686539e+00
5.189376e+00,4.906238e+00
2.569523e+00,1.278260e+00
3.934951e+00,9.252611e+00
1.091667e+01,-1.021998e+00
2.529458e+00,7.492337e+00
2.437351e+00,2.605515e+00
4.586102e+00,-7.162768e-01
5.632913e+00,3.672267e+00
1.049278e+01,6.280363e+00
7.862642e+00,1.235320e+00
4.285267e+00,3.575518e+00
2.108671e+00,3.904233e+00
-2.358873e+00,5.910702e-01
7.453036e+00,1.526945e+00
1.843567e+00,1.135785e+00
9.455879e+00,7.123806e+00
1.946272e+00,4.996834e+00
-1.648366e+00,1.647569e+00
5.663561e+00,4.415490e+00
4.602567e+00,-6.377046e+00
-2.022179e+00,3.610586e+00
3.461401e+00,4.110934e+00
3.954592e+00,9.379021e-01
7.940307e+00,2.568390e+00
3.367726e+00,3.461960e+00
6.818339e+00,4.467225e+00
6.518681e+00,9.387864e+00
2.625672e+00,4.347106e+00
9.152577e+00,3.531491e-01
5.840338e+00,4.748582e+00
1.110365e+01,3.032417e+00
1.161575e+00,5.512552e+00
3.276078e+00,5.403073e+00
6.076561e+00,1.090263e+00
8.490423e+00,9.865893e+00
-2.210626e+00,7.054752e+00
2.688467e+00,5.508331e+00
7.538355e+00,7.230608e-01
1.112754e+01,5.966269e+00
7.959479e+00,5.589250e+00
7.740761e+00,5.732451e+00
4.058001e+00,3.066865e+00
6.064671e+00,7.167756e-01
7.632138e+00,-1.325127e+00
6.687838e+00,1.236095e+00
5.830677e+00,1.503538e+00
