4.644210e+00,2.452524e+00
7.148593e+00,3.972710e+00
2.137252e+00,1.471926e+00
2.459898e+00,4.587951e+00
1.582136e+00,2.696011e+00
2.650021e+00,3.174058e+00
5.925633e+00,2.366287e+00
4.618491e+00,-2.034337e+00
6.274528e+00,4.002901e+00
5.422077e+00,3.090421e+00
3.353760e+00,3.249033e+00
3.448844e+00,2.051040e-01
3.843377e+00,3.680691e+00
4.400019e+00,3.432894e+00
4.678839e+00,3.927085e+00
1.549892e+00,5.010204e+00
1.255159e+00,8.146169e-01
4.323535e+00,-1.303997e+00
3.748687e+00,1.438339e+00
3.283038e+00,4.362925e+00
4.259455e+00,3.382822e+00
7.208413e+00,2.601257e+00
4.249788e+00,1.737971e+00
4.687957e+00,3.639906e+00
7.302051e+00,6.507812e-01
2.558731e+00,2.079965e+00
4.246038e+00,7.260345e-01
4.721203e+00,2.498892e+00
3.766188e+00,2.429493e+00
2.140601e+00,-5.624106e-01
6.443562e+00,3.062180e+00
7.130893e+00,3.199943e+00
1.331987e+00,2.559224e+00
2.520350e+00,3.713611e+00
4.126777e+00,1.677356e+00
3.462428e+00,6.908434e-01
5.416388e+00,4.087937e+00
7.056867e+00,1.765360e+00
4.040048e-01,-9.938958e-01
4.620641e+00,-1.540185e+00
2.924909e+00,-4.254334e-02
3.198123e+00,2.218950e+00
1.994448e+00,3.470776e+00
1.556073e+00,3.592883e+00
4.218325e+00,2.128872e+00
2.914419e-01,2.398176e+00
3.710950e+00,4.959650e-01
5.135824e+00,2.755504e+00
4.909769e+00,3.361884e+00
3.046833e+00,1.101080e+00
5.607470e+00,1.776061e-01
4.538018e+00,4.250643e+00
1.148215e+00,1.548929e+00
3.302861e+00,2.274717e+00
3.900331e+00,3.648334e+00
2.297335e+00,3.576108e+00
1.798424e+00,2.551608e+00
5.136676e+00,2.905778e+00
3.352801e+00,2.394092e+00
1.691559e+00,3.365939e+00
2.569769e+00,2.860676e+00
1.414261e+00,2.662504e+00
6.680337e-01,2.733404e+00
1.266828e+00,2.596427e-01
4.858336e+00,4.619407e+00
5.152215e+00,-8.448381e-01
4.267725e+00,9.202549e-01
2.002807e+00,1.231273e-01
4.157112e+00,1.782230e+00
3.417326e+00,2.132928e+00
4.115571e+00,2.197373e+00
4.342875e+00,2.618742e+00
5.702387e+00,1.473010e+00
9.594939e-01,5.334750e-01
3.437273e+00,1.511345e+00
7.750894e+00,-1.969029e-01
3.583871e+00,1.913763e+00
7.690711e+00,4.190036e+00
3.484048e+00,3.154192e+00
3.197040e+00,3.947495e+00
6.739005e+00,-1.352934e+00
4.827228e+00,2.890682e+00
4.444900e+00,4.028227e-01
4.465613e+00,2.315165e+00
4.030145e+00,1.476440e+00
5.814143e+00,4.054037e+00
5.612760e+00,1.611937e+00
3.591097e+00,3.838974e+00
-3.226372e+00,4.492250e-01
5.348932e+00,3.059729e+00
4.503256e+00,1.923177e-01
2.871107e+00,2.609243e+00
3.977778e+00,2.635925e+00
2.944870e+00,5.078567e+00
4.318129e+00,-8.373429e-01
2.236020e+00,7.644023e-01
2.349378e+00,1.978960e-01
3.493534e+00,4.129952e+00
7.729257e+00,2.186141e+00
4.319507e-01,4.259598e+00
3.829042e+00,4.295058e+00
4.484861e+00,2.300739e+00
5.595989e+00,3.750504e+00
6.872565e+00,1.247282e+00
4.033439e+00,-2.950985e-01
2.939911e+00,4.306745e+00
3.548484e+00,4.092133e+00
3.740797e+00,1.710395e+00
3.038374e+00,1.540717e+00
3.924880e+00,1.637842e+00
4.349076e+00,3.629064e+00
6.148487e+00,7.004898e+00
1.774839e+00,-3.529266e-01
5.383264e+00,1.769605e+00
3.308938e+00,4.026797e-01
3.621224e+00,2.574971e+00
2.120826e+00,1.759711e+00
2.871628e+00,6.968459e+00
6.992203e+00,1.041848e+00
4.938626e+00,1.728967e-01
-1.461409e+00,2.409176e+00
4.342262e+00,1.740780e+00
-2.308250e-01,-1.198834e+00
3.656546e+00,2.759350e+00
-2.261730e+00,-1.737489e+00
-6.471092e-01,2.258231e+00
5.961597e+00,9.465733e-01
7.613332e+00,-7.546327e-01
3.379244e+00,3.555152e+00
2.347733e+00,3.375105e+00
4.668534e+00,8.815898e-01
4.905928e+00,-1.585886e-02
5.833993e+00,5.116778e+00
6.017484e+00,4.050754e+00
4.129661e+00,2.278429e+00
4.256128e+00,1.941289e+00
6.580782e+00,-4.284275e-01
1.179158e+00,1.417683e+00
1.902565e+00,5.769290e-01
6.253024e+00,8.109984e-01
4.899701e+00,4.502226e+00
3.146575e+00,-1.993346e-01
3.948466e+00,1.456019e-01
3.619732e+00,4.225274e+00
4.792938e+00,4.025536e-01
3.342214e+00,1.209755e+00
4.130219e+00,1.536160e+00
5.238864e+00,2.637188e+00
2.994733e+00,8.118738e-01
1.998838e+00,3.261707e+00
2.904107e+00,2.879176e+00
1.008381e+00,-4.554972e-01
3.438323e+00,9.050100e-01
4.164307e-01,1.287539e+00
7.575135e+00,4.002497e-01
7.084908e+00,4.087256e+00
3.028053e+00,-2.488481e+00
3.833207e+00,2.845338e+00
-2.130463e-01,2.188709e+00
4.468911e+00,2.852131e+00
5.904574e+00,2.639184e+00
3.367829e+00,2.882347e+00
8.849365e+00,7.161991e-01
-2.407849e-01,6.808957e+00
2.116173e+00,4.250957e+00
3.421481e+00,3.720581e+00
4.605944e+00,1.735630e+00
4.172019e+00,4.381779e+00
3.309103e+00,2.271735e+00
4.227252e+00,-8.719516e-01
-2.398179e-01,3.288641e+00
5.560862e+00,1.233382e+00
1.551006e+00,1.561999e+00
6.986334e+00,5.617778e+00
7.075855e+00,1.007436e+00
2.907962e+00,6.218036e-01
5.307882e+00,1.510553e+00
1.345110e+00,3.171362e+00
6.528799e+00,1.880399e-01
4.179692e+00,2.975986e+00
3.912791e+00,-1.390945e+00
3.170089e+00,5.234097e-01
2.895215e+00,-8.684180e-01
3.761016e+00,3.287480e+00
5.259908e+00,1.827583e+00
7.007437e+00,2.710430e+00
4.841830e+00,1.770981e+00
3.827635e+00,-6.861105e-01
4.950146e+00,1.021819e+00
2.844262e+00,4.726844e+00
5.104442e+00,3.847691e+00
4.029867e+00,2.234338e+00
3.218712e+00,6.373476e-01
5.167825e+00,-1.200236e-01
2.215132e+00,1.469835e+00
1.038125e+01,2.023064e+00
3.626434e+00,-8.752142e-01
8.297808e+00,2.531931e+00
4.625243e+00,3.225326e-01
5.099267e+00,3.984393e+00
7.498261e+00,5.245593e-01
6.692286e+00,2.595532e+00
2.715355e+00,3.719081e+00
4.403049e+00,5.408093e+00
4.246695e+00,1.165082e+00
5.407020e+00,5.395469e+00
1.520011e+00,5.161740e-02
5.129571e+00,2.153301e+00
2.691597e+00,4.297279e+00
4.729649e+00,1.067898e+00
2.851942e+00,3.774115e+00
3.121435e+00,1.953461e+00
1.060916e+00,4.465633e+00
2.628379e+00,1.323707e+00
4.987568e+00,2.524591e+00
4.373652e+00,2.079539e+00
5.927925e+00,3.458069e+00
1.138273e+00,3.084823e+00
6.626790e+00,1.396170e+00
5.386136e+00,-5.823027e-01
4.049031e+00,-2.959685e-01
3.933036e+00,1.955435e+00
3.049190e+00,4.483342e+00
2.275789e+00,-3.940756e-01
2.695737e+00,6.019726e+00
5.154538e+00,2.359276e+00
4.154864e+00,4.517906e+00
4.410280e+00,3.773827e+00
-4.698984e-01,3.114885e-01
3.905231e+00,1.011396e+00
1.730949e+00,4.348972e+00
1.868181e-01,4.840917e-01
2.010677e+00,1.198391e+00
2.656736e+00,8.672922e-01
1.780215e+00,-6.078926e-01
3.908834e+00,-3.765408e-02
1.494261e+00,4.788507e+00
2.473879e+00,-5.053625e-01
4.211669e+00,-1.360908e-01
2.684826e+00,-1.359383e-01
6.848269e+00,7.207354e-01
3.642109e+00,6.448617e-01
4.099746e+00,-6.249600e-01
2.384730e+00,2.358191e+00
7.100236e+00,2.967871e-01
5.306955e+00,1.744938e+00
4.261672e+00,2.690576e+00
-6.206859e-01,3.500035e+00
5.801746e+00,6.474341e+00
4.274084e+00,5.156201e+00
5.176893e+00,2.266012e+00
9.593912e-01,7.486941e-01
6.166280e-01,-4.777784e-01
2.049920e+00,6.323410e+00
1.666221e+00,1.146600e+00
5.726351e+00,9.777667e-01
3.802246e+00,7.128112e-01
4.441831e+00,2.181331e+00
1.486662e+00,4.643593e-01
5.231644e+00,1.431104e+00
6.286157e+00,5.769498e-01
5.794449e+00,1.943948e+00
3.044912e+00,2.849255e+00
3.480446e+00,2.277765e+00
2.112576e+00,2.832661e+00
3.260836e+00,-3.735633e-01
1.216244e+00,3.525778e+00
6.496854e+00,2.212961e+00
3.477394e+00,-8.827121e-01
6.238292e+00,1.264694e+00
5.491037e+00,2.915220e+00
4.270556e+00,-3.579843e-01
5.028741e+00,3.055051e+00
4.614026e+00,1.466790e+00
2.103179e+00,2.030829e+00
3.534902e+00,4.469423e+00
2.337358e+00,-3.666333e+00
4.708424e+00,2.978184e+00
-5.950360e-01,2.435634e+00
2.691443e-01,1.760010e+00
5.528413e+00,3.787233e+00
4.381890e+00,-2.349144e+00
5.879423e+00,7.147269e+00
4.173096e+00,-9.471496e-01
3.069282e+00,2.948006e-01
1.560088e+00,3.392989e+00
3.157146e+00,-1.046661e+00
6.705893e-01,2.815233e+00
4.669921e+00,-1.826905e+00
5.405669e+00,-1.457908e+00
6.139803e+00,9.727918e-01
6.618028e-02,3.262826e+00
1.926224e+00,5.196424e+00
1.058723e+00,2.527852e+00
3.044024e+00,3.250666e+00
4.214378e+00,1.810546e+00
3.246790e+00,-3.373739e-01
1.930599e+00,1.002010e+00
3.695079e+00,2.733685e-01
7.266738e+00,9.661156e-01
5.973157e+00,3.807210e+00
1.329584e+00,1.085197e+00
2.745524e+00,3.652929e+00
3.916211e+00,2.828558e+00
2.634912e+00,6.962469e+00
4.298701e+00,2.058770e+00
4.493383e+00,2.891721e+00
7.633078e-01,5.452263e+00
6.526790e+00,1.001720e+00
2.923019e+00,1.629132e+00
2.397040e+00,1.689286e+00
3.683267e+00,1.213550e+00
2.730290e+00,1.234752e+00
3.252760e+00,2.102824e+00
3.940961e+00,2.145442e+00
7.082577e+00,8.983618e-01
4.441718e+00,7.195571e+00
1.686340e+00,3.941090e-01
4.671637e+00,-9.659478e-01
3.986304e+00,3.249660e+00
3.490207e+00,2.164295e+00
3.078376e+00,3.148489e-01
-9.327620e-01,-5.958103e-01
6.445124e+00,1.234558e+00
1.722304e-01,2.748921e+00
4.863163e+00,-7.110974e-02
4.741211e+00,1.654071e+00
2.962319e+00,3.525379e-01
3.968686e+00,1.435144e-01
2.562902e+00,2.861792e+00
4.192706e+00,5.215080e-01
8.509051e+00,2.804405e+00
6.480061e+00,2.230125e+00
5.675404e+00,2.089983e+00
2.890076e+00,-2.501981e+00
1.784059e+00,4.400261e+00
5.514387e+00,2.884104e+00
7.595038e+00,2.329508e+00
2.554091e+00,6.826786e-01
5.278828e+00,2.385546e+00
1.340998e+00,2.431062e+00
3.090382e+00,2.076381e+00
6.613218e+00,3.027812e+00
2.693394e+00,2.545852e+00
5.564250e+00,3.458416e+00
9.298107e-01,1.384659e+00
4.930662e+00,4.863509e+00
2.867517e+00,4.033176e+00
7.974709e-01,2.146358e+00
3.650446e+00,-8.029477e-01
6.964274e+00,-2.011372e+00
5.841744e+00,-8.988279e-01
2.978234e+00,7.622599e-01
5.848884e+00,4.215085e+00
1.471336e+00,-2.505114e+00
3.382651e+00,-3.929730e-01
4.043034e+00,3.484299e+00
4.169892e+00,3.149757e-01
4.349965e+00,1.545202e+00
3.366077e+00,4.842150e+00
4.256887e+00,2.901769e-01
1.149432e+00,1.897314e+00
3.061833e+00,5.172731e+00
2.920898e+00,3.282310e+00
1.607266e+00,2.690048e+00
2.158062e+00,1.875555e+00
4.911401e+00,2.828394e+00
4.366385e+00,2.135637e+00
6.561491e+00,4.176588e-01
5.297910e+00,3.669230e-01
3.010899e+00,1.520869e+00
-6.561253e-01,4.696343e+00
4.534501e+00,2.856992e+00
6.804152e+00,3.004726e+00
7.743598e+00,2.338618e+00
2.710688e+00,3.853690e+00
1.487308e+00,2.491379e+00
2.293350e-01,2.699277e+00
2.161168e+00,2.204457e+00
1.357289e+00,2.747472e+00
5.339424e+00,2.188705e+00
1.729299e+00,2.719273e+00
4.368038e+00,4.533133e-01
4.807847e+00,4.502839e+00
2.510090e+00,8.428732e-01
4.128808e+00,2.334186e+00
2.685406e+00,2.467292e+00
3.653716e+00,-7.945946e-01
8.105929e+00,3.070249e+00
6.231811e+00,2.606057e+00
5.057861e+00,7.231052e-01
7.482670e+00,1.423734e-01
1.964774e+00,6.437859e+00
1.577355e+00,4.095348e+00
9.919829e-01,7.682722e-01
6.095440e+00,-7.525550e-01
1.776786e+00,9.245481e-02
4.543437e+00,2.936540e+00
6.320732e+00,3.267819e+00
3.868669e+00,2.412118e+00
2.107058e+00,1.551126e-01
6.472102e+00,3.468541e+00
1.527358e-01,2.123052e+00
9.698445e-01,-7.438511e-03
3.857634e+00,-1.818367e+00
1.131903e+00,4.386080e+00
4.106108e+00,4.790417e+00
8.765920e-01,2.602807e+00
1.717696e+00,3.770313e+00
3.529200e+00,1.314253e-01
2.277017e+00,3.935937e+00
3.662486e+00,1.706009e+00
4.557711e+00,-1.211219e+00
5.745573e+00,-7.192370e-01
5.085120e+00,5.244528e-01
1.289955e+00,5.110719e-01
1.747558e+00,6.722953e-01
1.554646e+00,5.282153e+00
9.717672e-01,1.015347e-01
4.958758e+00,-2.416351e+00
6.309911e+00,3.367248e+00
2.907811e+00,3.125506e+00
-6.754685e-01,2.787160e+00
6.644573e+00,3.601235e+00
5.035833e+00,1.509545e+00
5.272567e+00,1.875419e+00
1.002034e+00,-2.211926e-02
5.306575e+00,3.926364e+00
4.811241e+00,-2.013863e+00
3.996853e+00,2.313403e+00
5.024747e+00,2.269934e+00
4.134935e+00,-2.113151e-01
2.638614e+00,3.359503e+00
4.107142e+00,2.855465e+00
4.561696e-01,2.701625e+00
2.276640e+00,4.208678e+00
4.806920e+00,-2.231467e+00
3.623924e+00,3.605402e+00
4.151284e+00,1.741771e+00
3.379107e+00,1.394879e+00
3.073292e+00,4.059882e+00
5.181336e+00,1.025244e+00
6.634855e-01,2.912019e+00
3.761514e+00,4.331210e+00
4.750372e+00,3.262162e+00
4.729881e+00,1.617211e+00
6.681496e+00,2.970585e+00
5.812691e+00,1.292671e+00
3.916461e+00,2.260495e+00
1.249335e+00,-7.563111e-01
4.352578e+00,4.676003e-01
1.473213e+00,3.658839e+00
1.417306e+00,5.451361e+00
4.436650e+00,4.000675e+00
2.715475e+00,1.312350e+00
5.310988e+00,7.965017e-01
3.470162e+00,4.603874e+00
3.231388e+00,5.098880e+00
6.911986e+00,-7.968027e-01
2.417768e+00,1.660112e+00
4.183593e+00,2.363736e+00
2.736261e+00,4.163548e+00
3.070486e+00,3.337551e+00
3.297952e+00,2.895581e+00
5.479530e+00,2.347852e+00
4.870089e+00,-1.444147e-01
1.391412e+00,4.865909e+00
3.365757e+00,-4.658454e-01
3.946195e+00,6.912146e-01
4.191151e+00,9.869161e-01
4.857621e+00,4.859516e+00
2.650595e+00,5.449038e+00
7.350340e+00,-1.165242e-01
1.277848e+00,4.076638e+00
4.139602e+00,-8.501549e-01
