7.982857e+00,4.783237e+00
7.531734e+00,1.601998e+00
8.219191e+00,5.452491e+00
2.643422e+00,1.243375e+00
1.056629e+01,1.640091e-01
4.766591e+00,1.866244e+00
1.899808e+00,2.124807e+00
5.735037e+00,-6.015809e-01
7.372610e+00,1.286044e+00
3.671907e+00,-4.531093e-01
9.255101e+00,3.610958e+00
6.648971e+00,-5.581632e-01
4.968752e+00,1.282888e+00
8.213105e+00,1.039490e+00
2.555274e+00,-1.095773e+00
3.787582e+00,1.665140e+00
5.111932e+00,-1.119814e+00
3.958474e+00,2.446670e+00
5.524609e+00,1.428876e+00
3.713187e+00,1.759075e+00
7.084026e+00,2.352312e+00
6.329973e+00,1.864828e+00
3.378448e+00,1.931134e+00
3.746032e+00,2.624702e+00
9.099758e+00,1.873922e+00
5.053434e+00,2.228810e+00
5.410347e+00,3.254499e+00
3.549935e+00,2.702613e+00
9.042025e+00,-2.210029e+00
3.252990e+00,-1.067979e+00
5.888128e+00,7.801872e-01
6.239457e+00,3.964207e-01
2.003646e+00,4.059399e+00
3.789098e+00,1.087083e+00
1.164678e+00,1.967076e+00
1.067344e+00,2.018065e+00
4.254229e+00,3.393276e+00
1.089413e+01,9.440906e-01
1.542889e-01,1.479761e+00
7.904646e+00,3.245087e+00
6.400332e+00,8.801129e-01
5.467670e+00,1.759699e+00
2.969137e+00,-6.291988e-01
2.540355e+00,1.005630e+00
7.768765e+00,1.635485e+00
6.476697e+00,-5.729968e-01
4.904125e+00,6.720179e+00
4.242290e+00,2.524963e+00
6.699940e+00,8.492008e-01
6.935405e+00,1.081882e+00
5.225724e+00,-1.404753e+00
2.070364e+00,7.530491e-03
2.700166e+00,-9.382215e-01
8.109679e+00,2.732996e+00
4.589290e+00,1.855813e+00
9.421697e+00,-5.722550e-01
7.321902e+00,1.552519e+00
4.326405e+00,8.668757e-02
3.164932e+00,2.553155e+00
4.558239e+00,3.717288e+00
5.727220e+00,4.796375e+00
1.134654e+00,-4.242357e-01
5.954620e+00,3.525218e+00
5.933167e+00,1.031426e+00
4.493611e+00,2.737519e-01
4.589594e+00,4.655474e+00
1.205361e+00,-8.799060e-01
8.052584e+00,6.720123e-01
6.413635e+00,1.038776e+00
6.625948e+00,4.098403e-01
3.358880e+00,7.786307e-01
3.827862e+00,2.556354e+00
7.899112e+00,2.201921e+00
5.350195e+00,-9.856620e-01
9.000762e+00,1.085792e+00
1.078666e+00,8.301264e-01
4.349970e+00,1.028432e+00
7.091728e+00,3.181623e+00
7.313264e+00,-7.205870e-01
5.053915e+00,1.167809e-01
6.031850e+00,-8.353158e-01
4.914714e+00,1.398623e+00
2.445086e+00,1.863651e+00
3.082713e+00,1.660262e-01
7.395287e+00,1.143059e+00
6.512212e+00,-1.091459e+00
4.679715e+00,1.201523e+00
4.308550e+00,1.288842e+00
3.484088e-01,1.038947e+00
1.699571e+00,7.827955e-01
6.030603e+00,-1.832152e+00
7.154544e+00,1.543216e+00
3.178410e+00,1.865548e+00
1.503586e+00,-1.459080e+00
3.821241e+00,6.169901e-01
3.945561e+00,3.228295e+00
1.981425e+00,3.088694e+00
5.725398e+00,-7.845970e-02
1.021879e+01,5.801222e-01
5.019996e+00,6.931597e+00
2.869127e+00,5.243937e-01
-1.201585e-01,2.453962e+00
3.071187e+00,3.514325e+00
5.279472e+00,1.398711e+00
6.394465e+00,2.600133e+00
5.402405e+00,-9.605746e-02
9.436877e+00,9.468061e-01
8.850983e+00,2.137852e+00
4.910429e+00,2.344801e+00
5.354419e+00,3.054504e+00
2.183015e+00,1.928045e+00
5.244648e+00,1.333232e+00
9.238182e+00,3.844759e+00
5.561045e+00,3.110309e+00
8.988894e+00,1.194775e+00
4.150907e+00,2.476515e+00
1.956960e+00,2.362538e-01
8.019874e+00,1.885169e+00
4.678313e+00,1.393178e+00
8.126474e-01,2.945934e+00
8.524896e+00,1.166973e+00
6.715951e+00,4.906351e-02
1.009141e+01,2.121139e+00
5.859232e+00,3.620812e+00
1.072339e+01,1.071550e+00
5.282680e+00,2.846384e+00
6.376349e+00,7.431264e-01
5.726665e+00,3.232634e+00
2.795630e+00,1.676279e+00
9.639124e+00,6.289382e-01
-5.273405e-01,1.638353e+00
4.026940e+00,5.835250e-02
3.757623e+00,1.469524e+00
5.168330e+00,1.216110e+00
5.606414e+00,3.181741e+00
1.273591e+00,4.166672e+00
8.923150e+00,2.737057e+00
4.983922e+00,2.465349e+00
3.283366e+00,3.469249e+00
9.414463e+00,5.208756e+00
1.156589e+01,1.103803e+00
7.434479e+00,4.372940e+00
6.751764e+00,2.542253e+00
-9.992656e-01,3.680144e-01
1.591016e+00,-1.964640e+00
1.899928e+00,2.873619e-01
4.461759e+00,-5.028370e-01
5.615725e+00,4.282982e-01
1.817786e+00,-5.830435e-01
8.649470e+00,-2.599434e-02
4.683829e+00,2.609191e+00
3.215124e+00,-1.753194e+00
5.055926e-01,1.855337e+00
3.598008e+00,4.078556e+00
4.668479e+00,8.937546e-01
6.613474e+00,7.638341e-01
6.153061e+00,3.048991e+00
7.355632e+00,2.200651e+00
2.518134e+00,2.206066e+00
4.784333e+00,4.351313e+00
7.895192e+00,2.279109e+00
1.083598e+01,1.033984e-01
3.304584e+00,-2.242723e+00
2.612046e+00,1.110986e+00
5.354628e+00,1.722082e+00
1.650490e-01,6.669194e-01
4.082086e+00,3.349453e+00
8.682903e+00,2.634905e+00
5.383911e+00,2.034408e+00
7.316697e+00,-5.129962e-01
8.624940e-01,2.283336e+00
6.988262e+00,2.311188e+00
7.179461e-01,1.061579e+00
7.556495e+00,3.778746e-01
2.589658e+00,4.314673e+00
9.214636e+00,3.395070e+00
3.764444e+00,6.533258e-02
8.004125e+00,1.085413e+00
1.011265e+00,-1.831102e+00
6.150615e+00,5.660503e+00
4.957461e+00,1.530072e+00
7.827944e+00,2.685973e-01
1.046159e+00,-1.342374e+00
7.890203e+00,2.228546e+00
2.268450e+00,-2.134787e+00
5.425622e+00,2.611816e+00
8.772040e+00,3.000234e+00
8.404950e+00,-1.934202e+00
6.518522e+00,1.487498e+00
7.757470e+00,1.854657e+00
8.435555e+00,3.508012e-01
5.693765e+00,4.762659e+00
6.054771e+00,-2.849517e-01
4.709244e+00,3.309061e+00
1.532703e+00,1.653892e+00
3.540806e+00,3.031557e-01
8.530850e+00,6.934387e-01
3.937175e+00,-4.101535e-01
6.147261e+00,6.013634e-01
8.802197e+00,2.147251e+00
2.055440e+00,1.998428e+00
7.703530e+00,9.426884e-01
2.292493e+00,2.711423e-01
7.162932e+00,8.862720e-01
2.153956e+00,5.476837e+00
5.060016e+00,3.187488e+00
7.775638e+00,2.577907e+00
6.353309e+00,3.813468e+00
8.596282e+00,-5.344323e-01
5.777231e+00,3.563598e-02
5.044997e+00,-1.387796e-01
1.526223e+00,5.708825e-01
7.029744e+00,8.484250e-01
3.135435e+00,3.236674e+00
6.062462e+00,3.943343e-01
6.169397e+00,1.622453e+00
5.771369e+00,4.516907e-01
2.205658e+00,-2.941203e+00
8.816868e+00,1.235376e+00
7.604149e+00,-1.814893e+00
5.388016e+00,1.653353e+00
8.604053e+00,1.953728e+00
7.060822e+00,1.026849e+00
8.783612e+00,2.210216e+00
1.191550e+01,4.244256e+00
4.564704e+00,3.516748e+00
2.311303e+00,-1.443923e+00
9.520807e+00,3.319885e+00
5.740702e+00,5.947814e-01
3.650445e+00,1.861526e+00
5.070591e+00,1.137407e+00
6.947889e+00,2.434176e+00
5.995625e+00,3.345874e+00
6.422630e+00,1.993284e+00
7.179499e+00,2.346961e+00
2.982179e+00,3.283128e+00
5.439361e+00,2.759728e+00
6.362195e+00,1.784721e+00
6.681987e+00,4.068953e+00
8.775308e+00,1.843084e+00
9.139436e-01,-5.325438e-01
3.077896e+00,-2.064048e-01
1.272615e+00,1.346481e+00
9.330733e+00,4.336375e-01
7.886442e-01,3.346633e-01
3.839364e+00,1.656703e+00
4.003036e+00,-2.102601e+00
6.410555e+00,3.219432e+00
2.437838e+00,9.668106e-01
9.122518e+00,4.352032e+00
5.222000e+00,2.386326e+00
1.029972e+01,2.203266e-01
2.765710e-02,-5.090349e-01
4.324182e+00,3.308078e-01
7.979489e+00,1.604057e+00
3.422787e+00,1.675823e+00
3.922957e+00,-3.969159e-01
5.756659e+00,1.813237e+00
3.320463e+00,2.881465e+00
1.032604e+01,2.882613e+00
3.185233e+00,1.531991e+00
1.101343e+01,1.009529e+00
1.023012e+00,3.191822e+00
2.864847e+00,1.923297e+00
1.823267e+00,1.985857e+00
1.283463e+00,2.444599e+00
2.052610e+00,-1.126211e+00
5.136708e+00,2.748406e+00
4.415006e+00,2.692871e+00
4.449587e+00,3.285515e+00
1.817873e-01,2.971929e+00
3.455429e+00,-4.343013e-01
4.251189e+00,2.097160e-01
5.729581e+00,2.059859e+00
3.052871e+00,6.211026e-01
3.462255e+00,-3.650337e+00
4.019826e+00,4.292828e+00
7.548171e+00,4.068347e-01
7.286481e+00,2.877891e+00
3.942177e+00,1.114129e+00
5.408157e+00,4.022146e+00
3.340368e+00,3.658777e+00
6.698845e+00,-2.436739e+00
7.292520e+00,1.904975e+00
5.005652e+00,-1.518963e+00
5.491072e+00,3.105057e+00
-3.523724e-01,1.130491e+00
9.688808e+00,1.079043e+00
1.449772e+00,2.644391e+00
6.568723e+00,1.615573e-01
6.845445e+00,1.467592e+00
6.650913e+00,7.247742e-01
1.328938e+00,3.644231e+00
5.659373e+00,2.798794e+00
7.588761e+00,9.017123e-01
7.867280e+00,3.477084e+00
7.625808e+00,1.181459e+00
8.318937e+00,2.151261e+00
3.183596e+00,1.437738e-01
4.322034e+00,3.384578e+00
1.774903e+00,6.300646e-01
2.305689e+00,3.163773e+00
4.941532e+00,2.640277e+00
1.025834e+01,9.414625e-01
3.940273e+00,3.027141e+00
3.574418e+00,-7.794374e-01
6.901521e+00,9.117127e-01
3.142817e+00,3.715870e+00
3.412710e+00,1.616371e+00
1.595234e+00,-3.307395e+00
1.569060e+00,2.290778e+00
6.535913e+00,-5.452483e-02
8.357632e+00,1.518527e+00
6.480161e+00,1.444233e+00
4.765350e+00,1.393387e+00
3.788467e+00,-9.909125e-01
-6.573311e-01,-1.160108e+00
9.727117e+00,2.995402e+00
4.025011e+00,3.679562e+00
4.136465e+00,1.453452e+00
6.867229e+00,2.997430e+00
7.896143e+00,5.239550e+00
6.613515e+00,-1.688211e+00
4.530965e+00,2.444718e+00
4.142369e+00,3.571091e+00
3.583966e+00,-1.128180e+00
3.193297e+00,-8.712066e-01
4.238732e+00,1.999691e+00
2.049923e+00,1.839115e+00
4.450865e-01,2.556875e+00
4.887426e+00,3.112323e+00
3.013063e+00,2.060245e+00
2.375989e+00,5.214948e-01
5.509031e+00,2.790194e-01
7.193831e+00,-1.162330e+00
7.467653e+00,-9.773806e-02
4.952213e+00,1.774711e+00
6.251689e+00,8.837933e-01
7.204707e+00,-3.410395e-01
6.582186e+00,7.864614e-01
3.101368e+00,1.603376e-01
8.995264e+00,-1.225628e+00
3.483753e+00,1.215563e+00
2.409763e+00,3.220212e+00
1.183589e+00,1.258250e+00
5.794066e+00,2.330208e+00
1.162149e+01,-4.726451e-01
8.058611e+00,1.684707e-01
5.337084e+00,5.963046e-01
3.317197e+00,3.717295e+00
7.458570e+00,1.058130e+00
5.792800e+00,2.495662e-01
7.911834e+00,2.427999e+00
6.213155e+00,6.465891e-03
1.588329e+00,2.515651e+00
-1.639411e-01,6.829094e-01
4.831783e+00,-1.937150e+00
6.705604e+00,2.135471e+00
2.676359e+00,6.694050e-02
8.012865e+00,1.830114e+00
-1.335293e+00,3.832412e+00
3.906133e+00,2.002612e+00
-8.458510e-01,3.323212e+00
2.129263e+00,-3.633729e+00
4.055719e+00,7.765401e-01
1.024391e+00,-1.604755e+00
4.957038e+00,2.151226e-01
3.980596e+00,4.127475e+00
7.232664e+00,3.300000e+00
4.444724e+00,1.944278e+00
3.530715e+00,2.422043e+00
4.694105e+00,1.510820e+00
5.354571e+00,6.037181e+00
2.213053e+00,3.140824e+00
1.424742e+00,2.223252e+00
7.816078e+00,1.274201e+00
2.315598e+00,2.483037e+00
4.025777e+00,-1.205742e-01
7.863017e+00,1.733610e+00
5.909110e+00,1.833393e+00
4.871065e+00,4.048628e+00
4.844546e+00,1.990161e+00
-1.466645e-02,1.568781e+00
2.574314e+00,-2.759742e-01
1.798489e+00,2.342862e+00
2.007228e+00,-2.772770e+00
9.161542e+00,3.201140e+00
9.563783e-01,2.062991e+00
5.540461e+00,2.167722e+00
7.392870e+00,3.306028e+00
2.904053e+00,4.339597e+00
3.025517e+00,3.605050e+00
5.155198e+00,1.374966e+00
3.195598e+00,7.216841e-01
2.985219e+00,2.138216e+00
6.593422e+00,7.178890e-01
6.784715e+00,2.183704e+00
1.186522e+00,1.385098e+00
-2.350911e-01,3.625393e+00
2.361057e+00,-1.630450e+00
