2.778153e+00,1.269959e+00
3.242505e+00,5.481699e-01
3.376664e+00,1.285832e+00
5.561531e+00,8.793328e-01
5.618136e+00,1.697847e+00
5.313456e+00,1.081740e+00
3.163713e-01,6.410807e-02
9.418301e+00,1.039241e+00
2.747856e+00,9.818553e-01
8.761481e+00,8.480813e-01
2.347687e+00,-6.036172e-01
3.598497e+00,3.908889e-01
6.412714e+00,9.973778e-01
4.046007e+00,1.350623e+00
5.032231e+00,6.176421e-02
3.731326e+00,4.864733e-02
1.424096e+00,6.999744e-01
2.309545e+00,1.363328e+00
1.104063e+00,5.328663e-01
1.267123e+00,-1.252274e+00
3.595779e+00,7.130922e-01
5.926488e+00,4.774464e-01
4.833206e+00,1.322743e+00
7.875854e+00,1.242864e+00
9.230817e+00,1.376186e+00
1.982052e+00,2.324488e-01
4.156694e+00,1.316130e+00
4.845245e+00,5.920140e-01
1.573117e+00,4.763197e-01
7.706958e+00,1.706139e+00
4.840673e+00,1.033573e+00
4.265707e+00,1.159452e+00
1.017401e+00,-1.844308e+00
5.404921e+00,1.618844e+00
5.613076e+00,1.807039e-01
7.888416e+00,2.744408e+00
1.195657e+00,-1.970280e-01
3.772676e+00,2.716066e-01
6.693413e-01,1.805026e-04
7.050609e+00,9.771773e-01
1.638285e+00,-4.683938e-02
3.941835e+00,-3.835555e-01
7.176123e+00,5.897218e-01
5.211390e+00,4.259320e-01
3.430620e+00,1.080767e+00
4.961008e+00,5.983005e-01
8.701040e+00,7.840659e-01
8.855618e+00,1.307880e+00
6.373104e+00,5.884595e-01
1.113793e+00,-9.030138e-02
4.411999e+00,8.589795e-01
5.422985e+00,5.328910e-01
6.888859e+00,1.391938e+00
1.441856e+00,2.907033e-01
1.071660e+00,9.509221e-01
2.466155e+00,1.625583e+00
8.303694e+00,1.731286e+00
3.622543e+00,-1.033678e+00
1.905013e+00,8.007017e-01
3.688696e+00,1.889944e-01
2.616784e+00,4.000502e-01
4.962903e+00,2.470230e+00
7.121614e+00,2.125784e+00
1.010858e+01,1.499270e+00
1.332699e+00,2.508295e-01
6.126030e+00,1.255613e+00
8.319198e+00,1.944480e+00
7.469410e+00,-1.081404e-01
3.953055e+00,-1.907232e-01
6.792334e+00,1.323043e+00
4.828680e+00,1.850113e+00
2.338998e+00,3.510716e-01
1.704169e+00,6.844663e-01
4.972301e+00,3.923199e-01
7.751688e+00,2.219624e+00
1.357731e+00,-3.628976e-02
2.137674e+00,1.226586e+00
4.426011e+00,4.682025e-01
6.117131e+00,1.364983e+00
5.461851e+00,2.606665e-01
3.917692e+00,-1.296299e-01
3.581577e+00,7.612152e-01
8.625003e+00,3.234934e-01
5.097472e+00,1.379142e+00
5.268947e-01,3.600065e-01
2.118901e+00,3.039741e-01
9.327276e+00,8.983867e-01
3.104116e+00,7.601559e-01
3.630370e+00,-1.292202e+00
1.010369e+01,5.887006e-01
3.850867e+00,2.167293e+00
4.555622e+00,8.536229e-01
4.445788e-01,7.463877e-01
6.211084e+00,1.451078e+00
9.049260e-01,7.532360e-01
3.117311e+00,1.893804e+00
1.534988e+00,7.316306e-01
2.665696e+00,2.149398e-01
6.377756e+00,-6.959158e-02
2.834066e+00,-3.543069e-01
1.466929e+00,4.427683e-01
5.982658e+00,2.340277e+00
8.613198e-01,8.692522e-01
6.354089e+00,7.371752e-01
6.999226e+00,8.664744e-01
6.897065e+00,1.276379e+00
6.056410e+00,8.335317e-01
5.407596e+00,1.452814e+00
3.980880e+00,1.243305e+00
4.271920e+00,-5.443747e-02
1.388064e+00,2.880088e-02
6.377153e+00,3.356080e-01
4.096904e+00,1.365361e+00
2.754323e+00,9.173327e-01
8.881926e+00,1.560925e+00
1.487936e+00,2.587638e-01
7.569242e+00,1.983121e+00
4.897267e+00,6.107967e-01
2.891338e+00,3.752298e-01
1.621985e+00,-3.007160e-01
5.548687e+00,1.378929e+00
5.319085e+00,1.396235e+00
5.453771e+00,3.791431e-01
8.330732e+00,1.494185e+00
7.459527e+00,1.983886e+00
3.349234e+00,1.886138e+00
3.251027e+00,3.351122e-01
2.485669e+00,-4.393314e-01
7.768455e+00,6.359446e-01
9.473101e-01,1.649300e+00
6.815829e+00,8.494537e-01
2.060740e+00,2.018520e+00
5.221191e+00,6.632752e-01
2.378721e+00,1.021260e+00
3.111318e+00,1.562590e+00
2.434314e+00,-3.998427e-01
6.237590e+00,9.783744e-01
8.580424e-01,1.205997e-01
5.271929e+00,5.957642e-01
7.355517e+00,4.165600e-02
5.036580e+00,1.553188e+00
1.228752e+00,-1.920224e-01
8.668818e+00,1.731429e+00
4.353582e-01,-6.282055e-01
1.929826e+00,1.136720e+00
2.875607e+00,8.966537e-01
5.094466e+00,1.110203e+00
6.057061e+00,9.964372e-01
5.023912e+00,6.059974e-01
2.708847e+00,5.066036e-01
3.776049e+00,-2.468777e-02
4.162512e+00,1.586619e-01
7.011244e+00,9.644402e-01
8.315510e+00,1.267551e+00
2.435042e+00,-1.825322e-01
7.419609e+00,1.334150e+00
4.620093e+00,6.621071e-01
5.285765e+00,1.533508e+00
7.806375e+00,1.406745e+00
6.283289e+00,-1.805633e-01
5.636005e+00,6.441743e-01
2.597122e+00,7.847875e-01
3.354015e-01,-1.302462e+00
7.625956e+00,8.432488e-01
6.736744e+00,8.376725e-01
8.216297e+00,1.451833e+00
7.025992e+00,2.660319e-03
2.139537e+00,1.279323e+00
4.344446e+00,2.478036e-01
3.809183e+00,-7.112616e-02
8.003179e+00,1.910196e+00
4.706489e-01,1.386627e-01
5.115587e+00,7.729883e-01
6.122474e+00,1.170606e+00
6.656517e+00,7.717799e-01
3.208525e+00,1.705978e+00
1.856307e+00,4.331460e-01
2.547358e+00,-3.522739e-02
6.774254e+00,-3.162440e-01
4.750697e+00,1.421537e+00
2.987671e+00,8.376369e-02
1.443220e+00,-3.675667e-01
3.166299e+00,1.157281e+00
3.452296e+00,-1.836936e-01
5.952157e+00,7.438980e-01
2.768522e+00,2.744976e+00
6.125462e+00,1.970521e+00
5.945943e+00,2.062653e+00
1.582600e+00,5.597869e-01
6.107758e+00,1.666342e+00
4.790135e+00,3.115453e-01
2.660544e+00,1.055930e+00
2.996939e+00,8.814468e-01
4.952520e+00,-5.020179e-02
6.233096e+00,1.127606e+00
-8.279574e-02,2.198562e-02
1.365002e+00,6.928361e-01
1.021034e+00,3.120346e-01
5.339763e+00,8.494912e-01
1.746319e+00,8.526890e-03
4.268941e+00,1.350208e-01
6.944528e+00,1.536011e+00
7.613565e+00,1.169248e-01
4.177379e+00,3.724821e-01
5.731522e+00,1.068420e+00
2.142593e+00,1.532411e+00
4.659272e+00,5.217758e-01
5.073085e+00,2.021205e+00
7.918842e+00,1.071904e+00
6.369432e+00,2.521200e+00
5.781271e+00,1.167121e+00
1.874407e+00,-2.024311e-01
2.385886e+00,7.757325e-01
1.585118e+00,4.624157e-02
4.241719e+00,3.990496e-01
8.507199e+00,-1.743130e-01
5.252667e+00,8.339547e-01
6.550947e+00,9.526566e-01
5.957423e+00,-1.720178e-01
1.632737e+00,5.954951e-01
1.886592e+00,2.507126e-01
2.498194e+00,-6.603276e-01
4.938210e+00,1.427611e+00
1.577828e+00,-1.470656e-01
7.271611e+00,-1.566056e-01
6.460949e+00,2.353618e-01
1.972179e+00,-2.721355e-01
7.976875e+00,1.766622e+00
9.211160e+00,1.062749e+00
4.775418e+00,3.643377e-01
4.754197e+00,6.286199e-02
7.755896e+00,4.003017e-01
6.849919e+00,1.275841e+00
1.666596e+00,2.543173e-02
2.763866e+00,7.033225e-01
3.020469e+00,2.215642e-01
9.042290e+00,2.349976e-01
5.973640e+00,1.162532e+00
1.623249e+00,-1.880771e-01
1.774683e+00,3.250298e-01
4.317838e+00,7.230057e-01
4.613424e+00,7.854622e-01
8.692959e+00,3.854176e-01
7.224732e+00,3.063640e-01
2.799188e+00,9.573884e-01
6.505136e+00,4.626175e-01
3.468614e+00,3.781200e-03
5.093854e+00,1.145230e+00
5.328668e+00,3.546818e-01
5.841876e+00,1.463794e-02
6.903430e+00,3.548171e-01
6.644360e+00,1.620875e+00
1.969809e+00,2.017067e+00
4.318802e+00,1.610214e+00
5.842616e+00,2.951027e-01
4.290132e+00,6.513802e-01
7.917748e+00,9.512942e-02
8.978053e-01,1.176743e+00
2.287340e+00,5.649307e-02
1.485114e+00,-2.987202e-01
1.446299e+00,1.064494e+00
2.344770e+00,1.194655e-01
7.873950e+00,5.017666e-02
8.199380e-01,3.288338e-01
8.029219e+00,1.101858e+00
2.445465e+00,4.021852e-01
7.511569e+00,-6.655029e-01
3.966868e+00,-2.454714e-01
4.065669e+00,1.268249e+00
4.648481e+00,-6.907401e-02
3.742106e+00,5.160980e-01
2.108355e+00,-8.307363e-01
3.841274e+00,2.218417e-02
2.472291e-01,4.103233e-01
7.920899e+00,5.587211e-01
4.270953e+00,1.634759e+00
9.596968e-01,-3.868753e-01
3.658908e+00,3.184199e-01
7.207238e+00,2.694974e-01
6.289040e+00,6.729166e-01
5.111057e+00,1.141860e+00
2.711829e+00,5.096520e-01
7.937198e+00,6.929153e-01
3.873006e+00,5.503654e-01
3.766433e+00,1.314500e+00
3.301791e+00,-2.945257e-01
3.657023e+00,8.341586e-01
6.667079e+00,1.605300e+00
3.599518e+00,-3.153601e-01
1.579193e+00,3.192698e-01
1.642031e+00,1.449185e+00
7.249003e+00,1.256661e+00
3.505343e+00,1.767146e+00
-2.699309e-01,-1.274011e+00
4.594124e+00,-6.855783e-02
6.078737e+00,2.016471e-01
5.109449e+00,1.238593e+00
1.720195e+00,-6.786026e-01
2.995857e+00,6.688367e-01
3.652505e+00,1.515096e+00
6.621155e+00,4.223532e-01
2.844696e+00,4.089798e-01
7.506602e+00,1.611972e+00
4.312134e+00,1.259031e+00
4.614553e+00,1.013161e+00
7.758484e+00,8.632925e-01
5.102883e+00,1.309715e+00
3.574923e+00,-1.361698e-01
1.266063e+00,-7.433076e-01
7.505101e+00,2.421904e-01
5.098363e+00,1.457132e+00
4.525068e+00,6.842442e-01
8.277973e+00,1.122883e+00
1.527184e+00,1.175915e+00
1.931882e+00,-2.428950e-01
8.357687e+00,1.010217e+00
5.952784e+00,1.399963e+00
5.840874e+00,6.597220e-01
5.304662e+00,4.258986e-02
3.362096e+00,4.020385e-01
6.676609e+00,9.783085e-01
1.084175e+00,2.105153e-01
8.037631e+00,5.156786e-01
6.022332e+00,-5.964652e-01
3.108257e+00,9.227922e-01
5.528213e+00,1.209211e+00
3.735175e+00,-2.176188e-03
6.753097e+00,1.236022e+00
4.951841e+00,4.402721e-01
7.789941e+00,2.796068e-01
2.838976e+00,1.144916e+00
4.271418e+00,1.239851e+00
2.208786e+00,-5.856950e-01
7.124304e+00,1.550773e+00
3.659258e+00,2.230541e-01
5.445604e+00,9.481558e-01
3.383120e+00,1.008681e+00
5.860435e+00,1.048298e+00
5.898148e-01,4.660596e-01
2.729133e+00,-1.240872e-01
7.715713e+00,1.346706e+00
6.557452e+00,4.764656e-01
6.736067e+00,1.067529e+00
6.812407e+00,4.778042e-01
7.594522e+00,7.843267e-01
1.405627e+00,5.907789e-01
7.739584e+00,4.892978e-01
3.897280e+00,9.738790e-01
7.868523e+00,2.208193e+00
2.953467e+00,1.691222e-01
5.989213e+00,-3.091989e-01
5.528084e+00,1.575198e+00
4.287425e+00,1.683641e+00
4.429190e+00,9.144314e-01
2.685534e+00,2.440301e-01
5.445045e+00,1.416817e+00
3.911335e+00,4.431777e-01
3.201198e+00,8.443574e-01
1.668483e+00,1.897263e-01
8.602505e+00,1.229435e+00
4.769980e+00,3.577788e-01
9.052440e+00,-1.332638e+00
4.419393e+00,1.337805e-02
8.712157e+00,1.032951e+00
7.268710e+00,2.044103e+00
9.641708e-01,9.776249e-01
4.149796e+00,9.365314e-01
1.963530e+00,6.262108e-01
2.466122e+00,8.164865e-01
1.290024e+00,-2.884097e-01
8.190721e+00,-2.467804e-01
7.310560e+00,1.577530e+00
7.164782e+00,1.044655e+00
6.907492e+00,7.704434e-01
1.159328e+00,3.298363e-01
3.743101e+00,1.023433e+00
3.933453e+00,-4.995274e-01
3.111807e+00,9.803127e-01
2.282942e+00,1.247042e-01
1.943800e+00,1.598781e+00
4.663710e+00,4.829040e-01
7.184989e+00,6.589747e-02
2.009946e+00,-2.695014e-01
5.952192e+00,-3.987202e-01
-7.319141e-01,5.040354e-02
4.316248e+00,1.677206e-01
3.387702e+00,3.767770e-01
7.240196e+00,1.094490e+00
4.777335e+00,-3.333799e-02
7.632333e+00,6.775297e-01
5.470479e+00,5.144711e-01
6.407157e+00,1.380373e-01
7.515615e+00,5.722521e-01
3.314332e+00,9.664337e-01
3.849359e+00,6.764233e-01
3.704306e+00,-3.683795e-01
1.077601e+00,-2.507138e-01
8.886105e+00,1.037429e+00
5.942848e+00,7.300400e-01
3.992029e+00,8.042230e-02
4.881876e+00,3.513893e-01
2.357343e+00,5.703233e-02
8.097297e+00,3.694513e-01
3.289139e+00,-4.774831e-01
6.759095e+00,1.650230e+00
4.043251e+00,-1.243559e+00
3.201800e+00,-5.063749e-02
5.887300e+00,2.886630e-01
5.346812e+00,1.507432e+00
-1.291984e-01,3.236266e-01
6.324008e+00,1.336422e+00
7.839689e+00,1.883567e+00
5.655226e+00,6.985690e-01
5.281506e+00,8.533338e-01
2.775759e-01,1.529329e+00
7.022607e+00,7.167343e-01
3.658482e+00,1.832335e+00
4.374898e+00,-7.529679e-02
2.197644e+00,-5.040374e-01
4.068506e+00,9.788314e-01
2.099333e+00,6.721598e-01
1.414568e+00,8.202725e-01
7.362598e+00,2.994181e-01
8.826791e+00,-3.929890e-01
3.242020e+00,6.159803e-01
1.129986e+00,-6.279715e-02
4.894150e+00,7.912708e-01
8.036191e+00,4.132411e-01
6.167181e+00,7.211220e-01
5.920149e+00,6.500618e-01
6.612362e+00,3.599965e-01
4.992349e+00,-1.584755e-01
8.201936e+00,8.849821e-01
5.653727e+00,-4.516560e-01
5.697440e+00,6.765832e-01
5.242706e+00,-1.650883e-01
1.538466e+00,7.010650e-01
3.331636e+00,1.059265e+00
4.256513e+00,-2.010216e-01
3.330127e+00,2.731988e-01
3.213747e+00,1.216583e+00
3.297590e+00,1.113005e+00
1.345483e+00,6.766398e-01
5.257264e+00,8.987245e-01
6.241724e+00,9.932382e-01
3.356739e+00,2.510991e-01
5.703473e+00,8.174146e-01
6.289291e+00,1.114412e+00
6.496459e+00,2.070704e+00
8.515005e+00,7.166314e-01
