3.182375e+00,-2.377529e-01
8.430631e-01,-7.518245e-01
4.016253e+00,2.648475e+00
-2.823573e+00,1.463061e+00
3.968269e+00,5.643431e+00
-2.058143e+00,9.508782e-01
1.753843e-01,6.576751e-01
3.351647e+00,1.086898e+00
-2.593216e+00,2.798076e-01
4.731700e+00,4.931278e+00
8.248422e+00,-2.474290e+00
2.208543e+00,7.893683e-02
3.757515e+00,1.224201e+00
3.791134e+00,3.854942e+00
3.578612e+00,2.431727e+00
4.295439e+00,1.920486e+00
2.143870e+00,-5.117265e-01
7.058141e-01,1.001832e+00
6.488700e+00,1.573269e+00
4.365846e+00,2.669506e+00
4.830340e+00,4.675403e-01
1.429849e+00,3.459501e+00
4.849606e+00,2.108211e+00
4.633880e+00,2.086320e+00
3.271049e+00,3.673266e+00
1.619127e-01,5.888339e+00
-2.562189e+00,1.612891e+00
1.487724e+00,-2.807223e+00
-1.199098e+00,5.364448e-01
1.712774e+00,5.869957e+00
3.360755e+00,-8.201936e-01
9.185055e-01,-4.406081e+00
-3.892958e-01,-1.185111e+00
2.767509e+00,-4.817481e-01
-2.880376e+00,-1.720858e-01
3.091443e+00,4.819551e+00
3.959064e+00,4.632301e+00
2.948758e+00,1.551003e+00
-3.076897e-01,-4.959631e-01
5.056953e+00,2.513361e+00
-5.665451e-01,2.609799e+00
3.145653e+00,5.166824e+00
3.334656e+00,4.025441e+00
6.685886e+00,1.597082e+00
4.388540e+00,1.981783e+00
4.390433e+00,2.133966e+00
-2.584893e+00,-3.270695e-01
8.279195e-01,4.755813e+00
4.513006e+00,2.233757e+00
-2.403947e-01,-8.309714e-01
4.881777e+00,5.846665e+00
4.054712e+00,2.022322e+00
1.131948e+00,2.226688e+00
1.709117e+00,-5.283283e+00
2.314470e+00,2.465368e-01
2.668681e+00,2.043046e+00
2.376090e+00,2.892952e+00
-1.202687e+00,6.042772e-01
2.760775e+00,1.474176e+00
5.972719e+00,9.810510e-01
4.611832e+00,1.047086e+00
3.325299e-01,3.234148e+00
6.193502e-01,2.262509e+00
3.620397e+00,2.800609e+00
5.868062e+00,1.682885e+00
-1.779008e-01,1.530008e+00
-1.940547e-01,-1.219790e+00
-9.173935e-03,3.941583e+00
-9.375698e-01,4.350671e+00
4.817386e-01,2.845909e+00
-6.853029e-02,2.058401e+00
4.903576e+00,3.465705e+00
2.379885e+00,-2.207450e+00
2.728118e+00,1.309462e+00
2.951293e+00,3.825175e+00
3.178898e+00,-3.389252e-01
-8.506577e-01,2.015561e+00
-1.418399e+00,2.053769e+00
5.400869e+00,4.349685e-01
1.379884e+00,4.944879e+00
3.041189e+00,2.418608e+00
4.490830e+00,3.807831e+00
3.510773e+00,-1.021969e+00
3.505747e+00,-1.707263e+00
1.426092e+00,-1.839627e-01
3.059768e+00,5.593298e-01
-2.048218e+00,8.674510e-01
1.175602e+00,8.601628e+00
-5.562443e-01,2.329909e+00
2.100194e+00,1.031060e+00
-1.616942e+00,4.975737e+00
-2.599734e-01,4.967549e+00
8.527404e-01,6.043232e+00
3.058408e-01,1.586539e-01
3.774107e+00,5.059425e+00
2.659831e-02,-1.639076e+00
-2.212739e-01,-1.001009e+00
9.965147e-01,9.332475e-01
-1.224224e+00,2.514320e+00
2.778639e+00,1.930141e+00
-1.527694e+00,1.249103e+00
6.309319e+00,2.053006e+00
-1.515403e+00,4.718146e+00
2.007782e+00,1.532057e+00
4.581096e+00,4.387424e+00
-1.006570e+00,-7.815081e-01
3.078977e+00,4.128168e+00
-1.468312e-01,-8.267433e-01
5.853673e+00,4.590212e+00
5.200963e+00,3.786268e+00
4.634754e+00,3.526524e+00
2.156422e-01,2.882771e+00
4.968211e+00,4.195429e+00
2.043110e-01,2.674543e+00
4.332263e+00,2.629533e+00
3.447899e+00,4.062188e+00
3.214212e+00,2.652104e+00
2.060892e+00,2.315414e+00
1.346935e+00,2.045582e+00
1.912113e+00,9.179040e-01
2.340076e-01,-2.428939e+00
8.054534e-01,2.981247e+00
6.765456e+00,4.476284e+00
2.399014e+00,3.863250e+00
-3.185323e+00,-7.810179e-01
-1.653249e+00,-2.177589e+00
4.998511e+00,3.123700e+00
1.801042e+00,1.187463e+00
3.571010e+00,3.558077e+00
-3.898939e-01,2.345345e+00
4.589294e+00,2.282947e+00
1.792467e+00,6.161770e-02
4.153706e-01,-1.149246e+00
2.919996e+00,7.883169e+00
-2.128616e-01,-1.379715e+00
3.719092e+00,4.128332e+00
-1.007604e+00,3.088916e+00
2.230066e+00,1.504883e+00
4.297962e+00,3.066633e+00
4.321346e+00,2.578905e-01
2.019301e+00,4.509108e+00
2.470991e+00,-3.312803e-01
4.960080e-01,1.212780e+00
1.144144e+00,3.291240e+00
-8.226512e-01,-1.828624e+00
2.179721e+00,2.065281e-01
4.801362e-01,-5.705155e-01
3.910168e-01,3.977928e+00
6.123690e-01,1.117835e+00
2.185881e+00,-4.876916e-01
1.694726e+00,1.788378e+00
3.235472e-01,3.311323e+00
7.039130e+00,2.634148e+00
6.204146e+00,4.439324e+00
3.522539e+00,3.366957e+00
-3.571569e+00,1.667580e+00
2.319908e+00,1.823457e+00
1.878650e+00,-1.081648e+00
1.793347e+00,-8.896634e-01
3.641280e+00,3.857253e+00
1.590806e+00,1.089734e+00
-2.676212e+00,1.112622e+00
-1.660879e+00,-2.136192e-01
4.090191e+00,4.071408e+00
-5.142107e-01,3.425483e+00
3.255436e+00,1.572077e-01
8.741259e-01,3.749648e+00
-2.387290e-01,1.865391e+00
5.877262e+00,3.039641e+00
4.886963e+00,3.863811e+00
2.752058e-01,-1.137924e-02
6.695681e+00,5.190791e+00
3.858649e-01,6.080094e+00
-1.879890e-01,5.898217e+00
3.091187e-01,3.603087e+00
1.825094e+00,-8.719381e-01
1.824264e+00,4.336538e+00
1.266353e+00,1.140424e+00
-1.140122e+00,-1.852517e+00
1.472596e+00,2.477889e+00
-4.221993e-01,1.484528e+00
-1.648706e+00,-6.368031e-01
2.547196e+00,5.412168e+00
4.340301e+00,3.627613e+00
-4.360611e-03,6.049963e+00
3.285916e+00,2.440848e+00
1.845130e+00,9.210921e-01
-2.697876e+00,-1.478984e+00
4.405464e-01,3.166217e+00
1.486450e+00,4.526172e+00
1.048668e+00,1.431267e+00
5.845997e-01,2.695211e+00
2.972442e+00,-2.056055e-01
1.920338e+00,7.765331e+00
5.353157e-01,-9.029495e-01
6.631553e+00,1.718885e+00
2.155423e+00,3.893257e+00
3.703165e-01,2.037679e+00
-5.823865e-01,3.069798e+00
3.850154e+00,4.744276e+00
1.858569e-01,2.703371e+00
2.324250e+00,2.133198e+00
2.624312e+00,5.386962e+00
2.912128e+00,6.592816e+00
3.290640e-01,-1.969216e-01
1.327769e+00,-2.327408e-01
-2.496697e-01,-2.021084e-01
-1.538093e-01,-1.554103e+00
2.139214e+00,-4.760947e-01
1.400725e-01,2.920177e+00
2.452328e+00,3.658469e+00
-4.532691e-02,-3.151603e-01
5.253823e+00,4.352610e+00
2.699687e+00,-8.778020e-01
5.132620e-01,3.098345e+00
3.319042e+00,1.574937e+00
1.863957e-02,6.294173e-01
3.739659e-01,6.306496e+00
1.059703e+00,1.639102e+00
-4.215366e-02,-1.617811e+00
2.942881e+00,-4.477277e-01
1.791846e+00,2.263125e+00
4.246296e+00,-3.315968e+00
2.943097e+00,2.549179e+00
7.053992e+00,5.070247e+00
3.220236e+00,-5.060716e-02
1.531028e+00,3.968072e+00
5.354018e+00,-6.423312e-01
4.156690e+00,1.890192e+00
2.957763e+00,2.268336e+00
1.463707e+00,1.835772e+00
3.425776e+00,1.636491e+00
2.817772e+00,2.415367e+00
5.034368e-01,4.665340e+00
1.570201e+00,2.987583e+00
9.087820e-01,3.543087e+00
2.071108e+00,6.058465e-02
1.870242e+00,-1.507399e-01
2.531290e+00,1.069077e+00
6.494781e+00,5.155016e+00
-9.437475e-01,3.551518e+00
5.405507e+00,4.301713e+00
3.696960e+00,4.132979e+00
3.649043e+00,5.148269e+00
1.804584e+00,5.476492e+00
-1.329656e+00,-1.815166e+00
2.413038e+00,3.263823e+00
5.366970e+00,2.527363e+00
5.106569e+00,1.783901e+00
-2.277845e+00,-1.440209e+00
2.044760e+00,5.016527e-01
5.946434e-01,2.032795e+00
3.385529e+00,1.408759e+00
3.827738e+00,3.008707e+00
5.108264e+00,3.412130e+00
2.915348e+00,1.651270e+00
-1.552578e+00,1.146951e+00
5.340791e+00,4.302587e+00
3.167315e+00,5.821669e+00
1.980495e-01,3.155759e+00
3.317418e+00,2.284339e+00
-2.130997e+00,4.558119e+00
9.425964e-01,-4.385974e-01
2.179466e+00,-1.274830e-01
4.732169e+00,2.706680e+00
1.387444e+00,3.684600e+00
2.724841e+00,2.547540e+00
3.352586e+00,2.900655e+00
-2.325007e+00,7.783245e-01
-5.374832e+00,1.853963e-01
3.430832e+00,1.790024e+00
-1.039316e+00,3.059034e+00
3.544458e+00,1.897904e+00
-2.472911e-01,1.263638e+00
1.316775e+00,2.308691e+00
