-9.168591e-01,1.197481e+00
1.183225e+00,6.239274e+00
8.937205e+00,6.457667e+00
1.814896e+01,9.290118e+00
6.602732e+00,7.066945e+00
2.790698e+00,5.018174e+00
1.019651e+01,9.126034e+00
-2.585368e+00,-3.706636e+00
-2.975582e+00,9.934839e+00
1.003288e+01,8.200202e+00
-4.603163e+00,1.741554e+01
8.250932e+00,-5.395593e-01
-1.074781e+01,-8.869740e+00
1.250799e+01,3.788057e+00
5.840042e+00,-6.146348e+00
1.183894e+01,1.781193e+01
-2.277036e-01,4.513739e+00
3.086036e+00,7.447605e+00
1.211972e+00,3.487645e+00
-3.114360e+00,6.700620e+00
1.918220e+01,9.476999e+00
9.267601e+00,8.673611e+00
-5.431205e+00,9.090475e+00
-5.773172e+00,5.894164e+00
-5.728530e+00,-7.425479e+00
1.714031e+01,8.124273e+00
5.142239e+00,9.074875e+00
1.122640e+01,1.284283e+01
1.448131e+00,1.421117e+01
3.225734e+00,1.180444e+00
1.078301e+01,-2.093142e+00
5.297884e+00,1.243001e+01
-2.245702e+00,3.194132e+00
3.725488e+00,3.299882e+00
9.801954e+00,-3.264135e+00
8.087391e+00,-1.811254e+00
5.830887e+00,1.381103e+01
-1.593848e+00,2.719656e+00
5.479497e+00,-2.183977e+00
4.617158e+00,2.970480e+00
1.183726e+01,1.527328e+01
5.939966e+00,1.045848e+01
1.278292e+01,-9.104339e-01
7.214638e+00,9.072440e+00
-1.888662e+00,5.525127e+00
-8.662469e-01,2.375987e+00
1.669895e+01,7.401700e-01
-7.151819e+00,1.084491e+01
1.025186e+01,4.203149e+00
1.351616e+01,3.771924e+00
-2.350910e-01,5.371979e+00
3.163923e+00,2.865098e+00
1.136128e+01,4.109409e+00
5.228037e-01,5.964791e+00
5.690104e+00,3.171551e+00
1.010619e+01,-1.857068e+00
9.021496e+00,8.398576e+00
-3.472855e+00,2.721092e+00
-2.069804e+00,2.642773e+00
-9.910530e-01,3.345702e+00
-2.200867e+00,7.075080e-01
5.360372e+00,9.080018e+00
1.278014e+00,1.228161e+00
1.098521e+01,1.098929e+01
6.317191e+00,9.026807e+00
5.192980e+00,1.020055e+01
3.002406e+00,3.774827e+00
4.739439e+00,3.290686e-01
1.027216e+01,1.455100e+00
1.907019e-01,3.162290e+00
-1.679921e+00,1.856696e+01
1.662551e+01,1.253647e+00
9.040023e+00,1.241257e+01
1.473772e+01,5.381934e+00
6.583684e-01,2.030245e+00
-9.305323e+00,5.185904e+00
8.330235e+00,5.623502e+00
3.345706e+00,7.416419e-01
3.363085e+00,5.504930e+00
3.407923e+00,6.712478e+00
5.486491e+00,1.451423e+01
-3.815998e+00,1.351548e+01
-5.913026e+00,8.123591e+00
-2.358836e+00,1.665531e+01
-2.346059e+00,1.364738e+01
1.471940e+01,1.490322e+00
-1.398446e+00,9.033995e+00
2.184753e+00,8.732809e+00
5.306795e+00,1.115701e+01
1.052407e+01,9.380981e-03
5.908802e+00,6.144278e+00
-1.798303e+00,8.056637e+00
3.224675e+00,-1.202222e+01
2.762684e+00,5.356825e+00
2.653170e+00,4.956295e+00
2.948007e-01,4.712397e+00
4.394950e+00,6.094550e-01
-4.095655e-02,4.680906e+00
-4.727254e+00,6.624275e+00
1.087541e+01,1.184010e+01
-4.804482e-01,8.240139e+00
1.192005e+01,3.713310e+00
2.005323e+00,6.775679e+00
5.138186e+00,3.910131e+00
1.181870e+01,1.449672e+01
1.157686e+01,-5.018896e+00
-1.568659e+00,9.442344e-01
1.519169e+01,2.212899e+00
8.618568e+00,-4.914451e+00
1.370494e+01,8.665673e+00
1.027913e+01,8.993687e+00
5.023782e+00,5.514456e+00
1.443721e+01,1.068546e+01
-1.224567e-01,3.302001e+00
1.312214e+00,6.507363e-01
-4.649748e+00,2.230617e+00
1.269758e+00,1.122409e+00
6.102114e+00,1.451711e+01
1.210169e+01,2.614100e+00
1.228148e+01,9.559736e+00
-3.999774e+00,7.474148e-01
5.920028e+00,-2.810469e+00
-8.857747e+00,9.929086e-01
-1.327542e+00,-2.434473e+00
1.849864e-01,8.802093e+00
6.771658e+00,6.403052e+00
1.221341e+01,1.195730e+01
3.874739e+00,1.949901e+00
-2.490060e+00,8.545929e+00
1.109316e+01,-3.559314e-01
3.832420e+00,7.950277e+00
1.436990e+01,1.471159e+01
7.161086e+00,2.967944e+00
-1.210690e+01,1.046571e+01
7.497203e+00,7.215682e+00
6.519841e+00,1.079598e+01
8.489823e+00,3.104208e+00
7.206824e+00,3.763113e+00
4.005591e+00,2.205575e+00
4.771719e+00,-1.242031e+00
7.817189e+00,-8.931049e-01
9.388207e+00,1.556289e+01
4.120473e+00,-1.798390e+00
8.046750e+00,3.064320e+00
4.468619e-01,5.790568e+00
-2.903910e-01,7.002526e+00
-2.918156e+00,1.247461e+01
6.983671e+00,-1.671596e+00
7.722722e+00,-4.037594e+00
-7.368347e+00,4.765879e+00
1.604932e+00,1.413678e+01
-2.302529e+00,8.355575e+00
-4.404925e+00,-5.078356e-01
-1.297158e+00,1.145457e+01
6.640048e+00,7.441136e+00
5.751057e+00,1.767935e+00
6.393290e+00,-3.360730e+00
1.102169e+01,7.051057e+00
-3.896156e+00,2.788140e+00
1.640259e+01,1.641900e+01
9.736144e-01,6.283307e+00
1.167704e+01,1.197229e+01
9.150431e+00,2.336688e+00
-2.565583e+00,-6.337810e+00
4.590052e+00,1.141920e+01
8.893981e+00,1.188640e+01
2.586294e-01,9.030353e-01
5.793679e+00,-1.472670e+00
1.423661e+01,1.424064e+01
1.698665e+01,-3.550545e+00
3.899628e+00,2.688065e+00
-5.017643e-01,1.552956e+01
5.990565e+00,9.234842e+00
1.618727e+00,1.950253e+01
1.206726e+00,1.061323e+00
5.519788e+00,1.190853e+01
1.542928e+01,-2.332906e+00
8.809910e+00,1.334291e+01
1.140228e+01,1.793504e+01
1.198447e+01,8.081917e+00
1.639733e+01,1.195610e+00
7.540672e+00,8.500149e+00
5.638752e+00,6.378995e+00
1.988538e+00,-1.835597e+00
-2.952813e+00,1.442885e+01
6.314058e+00,6.527336e+00
-1.283473e+00,7.222072e+00
8.123078e+00,1.014455e+01
8.408689e+00,9.869105e+00
-1.177864e+00,1.532276e+01
1.201112e+01,2.799433e+00
-3.785709e-01,-6.138161e-02
5.273500e-01,-1.348052e+01
-5.960276e+00,2.574073e+00
3.949711e+00,1.490024e+01
6.523973e+00,-6.406505e+00
-4.697130e+00,-1.344948e+00
4.983813e+00,5.182718e+00
7.267047e+00,1.638523e+00
-2.921369e-01,1.135441e+01
1.177998e+01,6.661250e+00
6.763364e-01,2.789742e+00
1.683545e+01,5.838386e+00
2.754123e+00,4.827351e+00
-2.299883e+00,7.526833e+00
8.516437e+00,1.135953e+00
-1.010938e+01,1.532624e+00
-1.444537e+00,6.940586e+00
2.220555e+00,1.138345e+00
1.484170e+01,7.456658e+00
1.773842e+01,1.567845e+01
8.483150e+00,5.293328e+00
9.959254e-01,-7.498527e+00
7.717227e+00,1.830022e+01
5.721573e+00,7.946361e+00
1.430801e+00,-1.048646e+00
1.474661e+01,1.457632e+01
-1.128248e+01,1.359019e+01
8.776147e+00,2.179507e+00
4.953787e+00,1.579841e+01
-4.601099e+00,6.920457e+00
1.334590e+01,6.949339e+00
-4.509028e-01,-1.272378e+00
4.667774e+00,-2.212051e+00
5.174059e+00,1.283114e+01
1.852957e+01,5.034373e+00
6.716833e+00,5.918677e+00
7.418780e+00,5.126021e+00
1.326319e+01,-4.644431e+00
5.594449e+00,5.591940e+00
1.216075e+01,6.574550e+00
5.357579e+00,5.649173e+00
-1.919617e+00,8.256455e+00
8.401853e+00,9.031269e+00
5.359278e+00,4.893533e+00
1.189241e+01,9.783381e+00
4.838549e+00,-2.919960e+00
7.653201e+00,1.136450e+01
5.947503e+00,3.205383e+00
1.162654e+01,7.589596e+00
3.302205e+00,-4.111638e+00
8.409641e+00,5.043554e+00
5.513991e+00,8.183599e+00
9.703036e+00,1.054821e+01
9.870258e+00,1.092588e+01
6.995910e+00,1.058626e+01
9.298692e+00,-2.632868e+00
5.642446e+00,8.518659e+00
1.066510e+01,1.892477e+00
9.983232e+00,8.407371e+00
3.324556e+00,4.725051e+00
-1.163886e-02,2.089978e+01
1.677494e+01,4.673616e+00
9.255559e+00,1.342373e+01
8.089232e+00,1.152260e+01
8.222900e+00,4.087800e+00
5.551043e+00,-2.570438e+00
2.506912e+00,9.558665e+00
1.043437e+01,2.552077e+00
-3.098895e+00,3.031300e+00
1.027666e+01,7.199398e+00
1.009961e+01,1.997884e+00
1.979761e+01,3.059594e+00
1.475442e+01,1.619104e+01
3.876661e+00,1.480144e+01
9.697134e+00,6.238117e+00
3.679942e+00,-8.188666e+00
9.104742e+00,8.922180e+00
1.175243e+01,3.434478e+00
2.458727e-02,5.040301e+00
8.202581e-01,-2.744020e+00
4.603044e+00,5.031613e+00
5.783042e+00,6.079125e+00
2.978712e-01,9.134603e+00
8.354132e+00,1.006026e+01
1.443400e+00,4.635474e+00
1.711198e+00,8.151960e+00
1.316670e+00,3.104241e+00
-1.746712e+00,-7.052322e-01
2.297621e+00,1.019244e+01
9.151154e+00,1.333302e+01
6.030256e+00,-2.343918e+00
1.390023e+01,1.600657e+00
9.886462e+00,8.160872e+00
8.399875e+00,1.036653e+01
1.612578e+01,4.453072e+00
5.268582e+00,5.167889e+00
8.559044e-01,6.967960e+00
1.168423e+01,-3.723524e-01
6.131137e+00,1.033943e+01
9.761927e+00,2.724920e+00
1.125493e+01,9.963647e+00
5.632729e+00,6.945458e+00
1.209816e+01,1.429868e+00
-1.323376e+00,1.092722e+01
2.304543e+01,1.492431e+00
1.848500e+01,4.942549e+00
1.254809e+01,3.317037e+00
-3.320931e+00,8.572253e+00
-1.442883e+00,1.180276e+01
1.106582e+00,5.649323e+00
-3.773526e+00,1.040140e+01
2.286707e+01,1.243059e+01
2.361471e+00,5.140160e+00
9.995606e-01,7.350749e+00
-3.991782e-01,-2.826590e+00
-4.094372e-02,1.214865e+00
9.674555e+00,3.107975e+00
4.235320e+00,5.440188e+00
7.281840e+00,1.086863e+01
1.779609e+00,6.007252e+00
5.010558e+00,9.041167e+00
1.330040e+01,-2.485942e+00
4.433564e+00,8.752573e+00
1.843457e+00,4.899714e+00
-3.957029e+00,1.575080e+00
4.154151e+00,1.439354e+01
2.514668e+00,6.005310e+00
3.826231e+00,1.604038e+00
1.154294e+00,1.175598e+01
-7.578027e-01,1.099404e+01
5.310778e+00,6.827588e+00
-4.045707e+00,-6.046738e-01
4.185192e+00,4.714049e+00
1.346586e+01,3.118448e+00
1.432946e+00,1.334658e+01
8.955996e+00,1.360380e+01
2.810160e+00,-6.508731e-01
-8.271551e+00,-6.383012e-01
1.460969e+01,9.928505e+00
1.047130e+01,1.003591e+01
-1.275088e+01,3.164265e+00
1.985176e+00,6.119741e+00
9.664081e+00,1.823893e+00
-2.227375e+00,-2.745135e+00
9.902217e+00,1.104407e+01
-2.263540e+00,-2.683325e+00
2.524564e+00,1.359904e+01
-3.430899e+00,-3.921501e+00
4.276966e+00,4.695223e+00
3.034025e+00,8.718073e+00
5.334438e+00,5.397257e+00
1.245374e+01,8.609373e+00
8.755524e+00,-1.010899e+01
5.618260e+00,1.236076e+01
7.918042e+00,1.079209e+00
6.025163e+00,-6.979859e-01
6.666896e+00,8.605321e-01
-8.518738e+00,9.376086e+00
1.580358e+01,4.488849e+00
