4.080455e+00,3.472261e+00
2.349998e+00,2.292090e+00
5.037179e+00,-3.082234e+00
2.366107e+00,3.394610e+00
5.530614e+00,1.171484e+01
3.143661e+00,3.341269e+00
-5.244635e-01,5.221665e+00
6.413297e-01,5.675940e+00
4.315608e+00,1.443224e+00
6.148419e+00,4.612946e+00
5.332500e+00,4.817978e+00
3.830694e+00,3.378690e+00
4.463705e+00,1.453260e+00
6.694966e+00,8.168941e+00
4.308020e+00,6.582416e+00
4.204694e-01,2.504265e-01
4.717547e+00,1.650823e+00
7.116010e-01,2.037642e+00
1.012662e+01,3.122214e+00
6.756314e+00,6.010127e+00
1.477195e-01,7.770914e-01
5.697627e+00,4.804108e-01
3.383713e+00,6.708826e+00
3.289842e+00,8.188929e+00
5.753384e-01,6.133406e+00
7.390907e+00,3.314697e+00
1.032968e+01,2.217867e+00
1.552292e+00,7.647973e+00
8.972816e+00,5.495424e+00
5.260561e+00,2.828645e+00
6.285718e+00,2.621791e+00
8.424612e+00,6.402480e+00
8.387012e+00,9.858930e+00
4.075305e+00,4.556103e+00
4.520907e-01,-5.130117e+00
5.738163e+00,5.543843e+00
7.993684e+00,1.749320e+00
3.663016e+00,4.340236e+00
7.435578e+00,7.034017e+00
6.255359e+00,4.496298e+00
1.076646e-01,8.852340e+00
8.311651e+00,5.019652e+00
3.876009e+00,4.028441e+00
2.590976e+00,3.086150e+00
-8.789783e-01,-9.694202e-01
2.758662e+00,7.702653e+00
4.050973e+00,2.401108e+00
4.413725e+00,3.481140e+00
8.937321e+00,2.996319e+00
-1.283060e-01,3.477373e+00
6.695074e+00,3.998762e+00
2.068027e+00,1.063135e+00
3.583233e+00,6.173880e+00
-1.171193e+00,6.203919e+00
6.604068e+00,7.017018e-01
8.403803e-01,8.453160e+00
-1.988911e+00,3.688243e+00
4.610955e+00,-2.135374e+00
4.908688e+00,-3.397343e-01
-6.579715e-01,2.102460e+00
5.662320e+00,6.962605e+00
7.456085e+00,5.631101e+00
2.956657e+00,-6.558923e-01
1.863510e+00,-1.543607e-01
3.074016e+00,1.055047e+01
5.809278e+00,6.718687e+00
1.001209e+01,5.154153e-01
4.938840e+00,-3.885821e+00
3.078875e+00,3.283170e+00
9.308966e-01,3.345712e+00
3.160854e+00,5.313466e-01
4.980217e+00,-3.527728e+00
-1.401656e+00,-1.611929e+00
2.457312e+00,4.399678e+00
5.293129e-01,5.757780e+00
2.036825e+00,6.608691e+00
7.725002e+00,2.522273e+00
8.793776e+00,-8.481847e-01
5.022632e+00,2.935380e+00
4.069442e+00,2.461905e+00
2.205913e+00,5.124828e+00
2.842517e+00,6.914525e+00
9.250090e+00,7.997483e+00
7.761468e+00,7.751719e+00
6.030717e+00,4.141058e+00
7.168961e+00,1.694849e+00
1.108288e+01,2.608430e+00
2.908466e+00,6.545090e+00
1.249163e+00,-1.062436e+00
3.322071e+00,5.697434e+00
4.582790e+00,1.120132e+00
1.323293e+01,5.277857e+00
2.269373e+00,7.229388e+00
6.960938e-01,1.000279e+01
5.068153e+00,7.482684e+00
4.033215e+00,4.860453e+00
6.392132e+00,1.109547e+00
2.161378e+00,-1.662122e+00
-2.071914e-01,6.710703e-01
3.433923e+00,4.291507e+00
9.513707e+00,5.686839e+00
6.895524e+00,2.934158e+00
2.744381e+00,7.640085e+00
5.417520e+00,2.984262e+00
-1.740139e+00,7.845067e-01
2.406082e+00,3.091109e+00
6.900377e+00,5.057360e+00
9.541702e+00,4.607584e+00
6.184792e+00,6.538355e+00
5.378970e+00,1.693914e+00
-1.228559e+00,5.227326e+00
3.348043e+00,2.841525e+00
5.343596e+00,2.362955e+00
6.448294e+00,1.874841e+00
7.801486e+00,1.718546e+00
1.063063e+00,8.005071e+00
7.360308e+00,-2.301143e+00
8.791380e+00,9.775858e+00
3.719975e+00,3.621594e+00
4.132248e+00,-1.177900e+00
7.726932e+00,-4.485305e+00
4.548506e+00,7.601878e+00
4.308401e+00,-7.845356e-01
2.435576e+00,5.852294e+00
9.964022e+00,7.227931e+00
3.706774e+00,-4.072308e+00
8.063315e+00,4.244039e+00
7.173151e+00,3.311802e+00
4.292648e+00,3.795665e+00
-2.083137e+00,4.077283e+00
7.741296e+00,-2.012085e+00
5.611255e+00,3.747020e+00
-3.349435e-01,5.384549e+00
4.855389e+00,8.309497e+00
1.928443e+00,2.609163e+00
4.328671e+00,6.941363e+00
-1.389242e+00,-4.128668e-01
6.470778e+00,2.808361e+00
4.787151e+00,2.089023e+00
7.180277e+00,3.044476e+00
4.829313e+00,5.516236e+00
4.309318e+00,7.864262e+00
5.474269e+00,-8.453306e-01
9.859726e+00,6.725582e+00
2.157477e+00,2.008267e+00
4.914472e+00,8.606635e+00
3.414385e+00,1.142157e+00
9.172235e+00,2.506092e+00
5.193009e+00,-6.933907e+00
2.282284e+00,3.990152e+00
6.882134e+00,7.427062e+00
9.755713e+00,-4.649534e+00
4.398729e+00,4.073102e+00
9.294279e+00,2.212515e+00
1.381978e+01,4.596298e+00
5.156370e+00,-1.140852e+00
7.603991e+00,5.612831e+00
1.027921e+01,2.002029e-01
3.511887e+00,-1.010120e+00
7.095425e-01,2.968068e+00
6.727648e+00,7.101685e+00
9.359689e+00,1.207162e+01
5.741128e+00,4.128614e+00
5.091035e+00,-7.199445e-01
4.757692e+00,-7.468040e-02
3.784891e+00,3.465282e+00
7.977101e+00,-1.675398e+00
-5.145565e-01,1.746197e+00
3.767708e+00,6.661918e+00
8.977038e+00,-1.391685e-01
4.688504e+00,1.361958e+00
1.256760e+01,1.091230e+01
6.223870e+00,2.287567e+00
1.914498e+00,3.237525e+00
3.828007e+00,5.254651e+00
