6.668735e+00,2.818768e-01
7.350889e+00,-1.241009e-01
7.737440e+00,3.333925e+00
1.304186e+00,-1.427068e+00
4.368892e+00,4.477691e+00
7.456136e+00,3.922212e+00
5.828554e+00,3.206874e+00
5.256205e+00,5.710606e+00
8.215757e+00,5.384515e+00
2.398984e+00,6.569974e-02
3.715494e+00,4.702265e+00
1.148626e+01,4.004511e+00
7.020226e+00,8.523825e+00
8.225938e+00,-2.004111e+00
5.120849e+00,2.641306e+00
6.192237e+00,2.147834e+00
4.130748e+00,4.378171e-01
3.620652e+00,3.074372e+00
7.302991e+00,9.677354e-01
8.160302e+00,3.431687e+00
6.486062e+00,-5.011885e-01
4.156633e+00,2.997899e+00
9.061297e+00,8.559574e-01
4.047470e+00,3.418533e+00
6.356225e+00,-8.854258e-01
3.689350e+00,5.345138e+00
4.445795e+00,-1.042918e+00
4.440001e+00,5.425141e+00
1.017992e+00,-3.370458e-01
4.337133e+00,-3.849987e-01
5.219855e+00,3.656642e+00
5.037710e+00,1.052032e+00
5.613687e+00,5.042968e+00
4.878122e-01,1.525426e+00
1.525974e+00,1.236745e+00
4.490058e-01,2.364348e+00
2.484163e+00,3.677242e+00
7.221953e+00,4.135542e+00
4.755862e+00,-2.754735e+00
6.376276e+00,5.943281e-01
7.114048e+00,4.273394e+00
6.473795e+00,9.631207e-01
4.152438e+00,2.100656e+00
9.709099e+00,1.912099e+00
4.586223e+00,1.454908e+00
9.375791e+00,2.390997e-02
4.867006e+00,7.747552e-02
7.251079e-01,1.346392e+00
7.236173e+00,-6.744991e-01
5.270273e+00,1.679659e+00
5.693863e+00,4.860774e+00
2.929853e+00,4.151009e+00
5.597897e+00,-9.441154e-01
4.371240e+00,-1.502976e+00
5.688739e+00,2.588233e+00
4.109000e+00,9.882791e-01
3.327306e+00,-5.815494e-01
3.848873e+00,-2.397652e+00
7.463467e+00,1.588348e+00
1.927903e+00,2.285217e+00
3.721840e+00,9.323273e-01
4.017580e+00,2.321279e-01
3.560484e+00,4.375884e+00
4.703214e+00,7.126080e-01
9.125965e-01,1.927569e+00
8.833306e+00,-1.844691e+00
6.916087e-01,4.643819e+00
5.158751e+00,2.586328e-01
3.647915e+00,2.460197e+00
3.559698e+00,-2.860609e+00
5.826917e+00,2.243129e+00
3.544713e+00,3.589318e+00
4.357940e+00,6.777430e-01
4.929644e+00,1.316632e+00
2.118261e+00,3.997028e+00
6.632663e+00,2.589859e+00
5.965444e+00,2.061826e+00
6.252534e+00,2.888020e+00
7.729284e+00,3.939602e-01
8.755933e-03,-2.120430e+00
4.500338e+00,3.435505e+00
4.103994e+00,-4.165077e-01
3.682400e+00,3.389054e+00
2.886505e+00,2.188101e-02
3.967103e+00,-5.225871e-01
3.803351e+00,-1.057376e+00
5.549963e+00,3.098244e+00
4.564092e+00,-1.771564e+00
5.784721e+00,2.297745e+00
2.875696e+00,-2.373873e+00
5.923265e+00,3.082504e+00
3.713988e+00,2.087122e+00
3.670362e+00,-1.416127e+00
6.029913e+00,2.530324e+00
4.832850e+00,3.710482e+00
8.893837e+00,1.734737e+00
9.051251e+00,-2.098186e+00
1.112149e+00,4.270250e+00
1.388732e+00,2.085018e+00
6.641628e+00,1.746457e+00
-6.034924e-01,9.671448e-01
4.434391e+00,2.843671e+00
2.274562e+00,1.670451e+00
6.544242e+00,1.254522e+00
8.417028e+00,-3.252501e-01
1.831401e+00,2.404425e+00
5.675074e+00,1.571543e-01
3.829565e+00,-1.147631e+00
4.575727e+00,-1.668051e+00
4.158118e+00,3.195807e-01
6.963662e+00,4.545374e+00
6.929206e+00,8.772577e-01
1.580240e+00,1.229060e+00
6.652938e+00,2.408581e+00
1.598214e-02,2.011772e+00
4.818971e+00,5.035745e-01
4.162986e+00,1.504596e+00
5.042496e+00,5.836829e+00
5.186074e+00,-1.746884e+00
7.324683e+00,3.370029e+00
6.698697e-01,8.340235e-01
1.962430e+00,5.103213e+00
1.999640e+00,2.613332e+00
6.331297e+00,3.537754e+00
2.831050e+00,-2.316583e+00
3.363156e+00,3.590124e+00
-8.595072e-01,4.531760e+00
3.450657e+00,1.530228e-01
4.758220e+00,5.408475e+00
3.252877e+00,1.315870e+00
6.757637e+00,2.667566e-01
4.528907e+00,3.090606e+00
2.725976e+00,6.537308e-01
6.115103e+00,2.998399e+00
2.386703e+00,2.344948e+00
4.653689e+00,5.689487e+00
6.134532e+00,6.513521e-01
4.627065e+00,1.609273e+00
9.916687e+00,2.166215e+00
6.612769e+00,3.411833e+00
6.398999e+00,2.908435e-01
8.737117e+00,1.496969e+00
4.877596e+00,2.459307e+00
4.136709e+00,-7.743277e-01
1.337014e+00,7.869473e-01
7.493747e+00,6.714088e+00
5.033514e+00,5.539457e+00
1.564093e+00,-8.303480e-01
2.956834e+00,-1.148271e-01
4.119872e+00,-3.062198e-01
8.658499e+00,1.564727e+00
1.649549e+00,4.696293e+00
2.591567e+00,3.618645e+00
4.049556e+00,1.397820e+00
1.279532e-01,5.742052e-01
5.761341e+00,-6.820990e-01
4.138927e+00,4.555485e+00
4.533379e+00,-1.735302e+00
6.418003e+00,2.444619e+00
4.903897e+00,3.399772e+00
3.911668e+00,5.061856e+00
6.413890e+00,2.160771e+00
5.313984e+00,-2.315602e-01
7.137437e+00,3.788754e+00
6.931379e+00,4.337495e+00
6.585908e+00,1.594294e+00
6.553968e+00,2.044461e+00
3.417693e+00,2.582809e+00
3.748237e+00,3.206064e-02
6.397324e+00,2.032994e+00
1.113562e+01,3.675776e-01
3.321590e+00,-4.861604e-02
6.077046e+00,-1.085950e+00
4.637283e+00,5.161832e-01
2.156428e+00,-7.401335e-01
8.579899e+00,1.342911e+00
3.216768e+00,1.934072e+00
4.331779e+00,4.455582e+00
7.614782e+00,2.030122e+00
6.843411e+00,4.168488e+00
6.426496e+00,5.110821e+00
3.986589e+00,8.043331e-01
-2.226055e+00,3.900697e+00
3.543626e+00,3.546088e+00
4.785342e+00,3.595070e+00
3.792210e+00,-2.205422e-01
5.656291e+00,4.518442e+00
8.212202e+00,3.213449e+00
6.172735e+00,6.908472e-01
2.358236e+00,1.000120e+00
3.533515e+00,2.405182e+00
3.029911e-01,4.342444e+00
5.365956e+00,3.714032e+00
2.438627e+00,3.103957e+00
3.007544e+00,1.678159e+00
3.615450e+00,4.677990e+00
2.634011e-01,1.810498e+00
2.354301e+00,4.906355e+00
3.148645e+00,2.040991e+00
7.683757e+00,1.828135e+00
6.520980e+00,2.693243e+00
4.375738e+00,5.831018e+00
5.892406e+00,1.232779e+00
7.592611e+00,4.162408e+00
7.908618e+00,4.957865e+00
3.978603e+00,7.715409e-01
5.804239e+00,1.545733e+00
4.361068e+00,-4.571243e-01
1.604251e+00,-2.049738e+00
6.676043e+00,4.268276e+00
6.742704e+00,3.703708e+00
6.916174e+00,1.351614e+00
3.370405e+00,5.225504e+00
9.444951e+00,1.061170e+00
3.769528e+00,3.078506e+00
1.493267e+00,2.042906e+00
4.791052e+00,5.784320e+00
4.032382e+00,1.497447e+00
5.318278e+00,-2.137086e+00
1.945244e+00,3.966009e+00
3.933915e+00,1.097818e+00
4.855397e+00,1.952802e+00
6.580164e+00,2.341954e+00
7.440995e+00,-6.996747e-01
9.467852e+00,4.145943e+00
5.662793e+00,1.735418e+00
7.492970e+00,2.927867e+00
9.081440e+00,3.250118e+00
4.680625e+00,4.386095e-01
6.905139e+00,2.842678e+00
3.126020e+00,-2.443873e+00
8.955987e+00,5.113452e+00
7.686917e+00,4.278615e+00
5.384745e+00,9.699911e-01
3.694159e+00,4.958008e+00
7.565778e+00,6.081539e+00
8.261750e-01,5.026256e+00
2.042897e+00,3.407407e+00
7.313264e+00,5.634634e+00
4.159150e+00,2.659163e-01
7.877991e+00,3.129705e+00
6.287206e+00,1.812682e+00
7.848841e+00,4.902498e+00
1.793124e+00,2.162165e+00
1.149961e+01,4.593251e+00
7.059408e+00,2.494726e+00
6.482681e+00,2.853748e+00
1.173220e+00,-5.361820e-01
1.216941e+00,4.158404e+00
4.826590e+00,3.636507e+00
