9.156362e-01,2.161184e+00
3.356582e+00,2.283312e+00
2.859570e+00,1.107930e+00
4.085215e+00,2.121911e+00
7.791816e+00,-6.141047e-01
1.229651e+00,1.719491e+00
6.445017e-01,1.113199e+00
4.340538e+00,2.644545e+00
3.717044e+00,1.232931e+00
3.796697e+00,-3.056501e-01
7.205395e+00,-1.029522e+00
4.768755e+00,2.792307e+00
6.122861e-01,1.015093e+00
7.256676e+00,1.164217e+00
6.191736e+00,-1.165238e-01
2.045496e+00,-5.963038e-01
5.110921e+00,4.045922e+00
3.426767e+00,1.279556e+00
4.901749e+00,4.555867e+00
7.754920e+00,8.886208e-01
2.560564e+00,-1.600054e-01
3.001322e+00,5.422305e-01
4.630283e+00,3.960914e-01
4.067803e+00,1.415314e+00
5.667980e+00,7.359326e-03
3.426712e+00,3.076005e+00
5.233166e+00,1.864016e+00
2.065913e+00,3.760513e-01
3.540843e+00,1.387215e+00
5.448569e+00,5.279705e-01
5.736695e+00,-1.618629e-01
6.044125e+00,5.937942e-01
3.315630e+00,-7.588178e-01
4.873551e+00,1.485306e+00
4.652826e+00,8.352704e-01
3.001878e+00,1.855331e+00
5.761078e+00,1.051244e+00
3.645697e+00,-1.058725e+00
4.753744e+00,2.700206e+00
3.901810e+00,2.113311e+00
5.674976e+00,2.503387e+00
3.586176e+00,8.545083e-01
4.540095e+00,2.453222e+00
4.088565e+00,1.214719e+00
4.449703e+00,-1.045954e-02
4.555313e+00,2.914957e+00
3.929578e+00,2.653379e+00
4.776206e+00,2.936566e+00
4.829782e+00,9.769028e-01
3.280927e+00,3.020712e-01
1.604447e+00,2.144228e+00
4.859996e+00,2.479420e+00
2.715900e+00,6.986795e-01
4.071079e+00,1.418314e+00
3.331162e+00,2.878009e+00
5.302635e+00,2.292873e-01
9.400666e-01,1.651805e+00
3.927703e+00,2.420788e+00
5.446519e+00,1.499619e+00
3.929976e+00,6.795080e-01
3.433390e+00,1.114494e+00
2.412588e+00,9.555476e-01
4.163553e+00,2.982961e+00
4.670149e+00,4.491013e-01
8.033776e+00,3.433746e-01
3.472518e+00,4.815177e-01
3.126665e+00,6.629926e-01
5.106065e+00,-1.171606e+00
2.820427e+00,-5.322057e-01
2.035441e+00,1.425357e+00
2.113701e+00,8.702255e-01
7.341657e+00,-8.450807e-01
5.303313e+00,3.697835e+00
3.032495e+00,2.161336e+00
4.443274e+00,2.038670e+00
5.331542e+00,3.632435e+00
3.407117e+00,2.088365e+00
2.449386e+00,1.210086e+00
3.044810e+00,4.405138e-01
2.367557e+00,7.467173e-01
4.748835e+00,1.313754e+00
4.662574e+00,-7.147587e-02
2.215986e+00,2.697305e+00
-7.940965e-01,4.247163e+00
3.583987e+00,1.609849e+00
3.389283e+00,2.661594e-01
4.057144e+00,1.029144e+00
4.294102e+00,-1.883398e+00
1.483799e+00,2.611946e+00
4.822240e+00,-2.515304e-02
5.700192e+00,1.271896e+00
4.548641e+00,3.116762e+00
3.852599e+00,1.280971e+00
2.350737e+00,2.541550e+00
2.080293e+00,2.593362e+00
4.625717e+00,5.893441e-01
3.036286e+00,-7.398328e-02
5.899769e+00,2.288820e+00
5.854991e+00,-1.401682e+00
5.186181e+00,8.253959e-01
1.553834e+00,1.415046e+00
1.936043e+00,1.853589e+00
4.075534e+00,1.935049e+00
2.517651e+00,1.358657e+00
6.086914e+00,5.873567e-01
3.135006e+00,2.697952e-01
5.807260e+00,-3.039529e-01
2.375856e+00,3.548066e+00
5.715958e+00,-1.686734e+00
2.879779e+00,1.849472e+00
4.390747e+00,3.260040e+00
3.551894e+00,2.089263e+00
6.207599e+00,4.009659e+00
1.140098e+00,2.154279e+00
3.955458e+00,4.297654e-01
5.871541e+00,1.083278e+00
3.756137e+00,2.124056e+00
3.363580e+00,-2.394342e-01
4.636174e+00,4.776177e-01
2.698246e+00,3.220082e-01
2.534034e+00,5.302001e-01
5.717463e+00,9.740184e-01
2.774690e+00,8.901122e-01
4.180863e+00,2.204643e+00
3.196073e+00,3.412055e-01
