181
195
356
205
357
160
193
195
60
140
28
258
195
193
205
195
193
258
17
17
195
91
205
298
195
193
60
7
357
310
150
195
140
132
258
195
191
140
356
8
195
250
28
258
132
91
191
205
356
91
195
343
357
205
330
150
195
193
60
7
357
310
150
195
140
132
258
195
191
140
356
8
195
181
193
160
150
195
140
195
356
258
213
132
258
150
150
7
205
357
8
195
250
28
258
132
91
191
205
356
91
160
150
195
205
298
193
195
205
18
195
330
205
132
343
195
205
132
195
150
152
140
132
258
356
195
205
18
195
17
205
150
7
357
310
195
193
60
258
7
132
195
322
205
191
8
195
284
60
258
195
356
205
17
17
140
132
195
191
298
91
150
195
140
195
357
7
152
343
258
17
160
150
195
330
205
132
193
60
342
195
191
140
357
343
150
195
140
132
258
195
310
205
7
357
310
195
191
298
150
193
342
195
150
60
205
213
343
258
258
213
258
132
150
195
343
258
258
213
195
140
195
310
298
357
195
298
357
356
258
132
195
193
60
258
195
152
205
298
357
193
258
132
8
195
78
298
357
343
150
195
140
132
258
195
132
298
357
357
7
357
310
195
330
7
17
356
195
7
357
195
193
60
258
195
150
193
132
258
258
193
195
140
357
356
195
193
60
258
132
258
160
150
195
357
205
191
205
356
91
195
140
357
91
330
60
258
132
258
195
330
60
205
195
150
258
258
266
150
195
193
205
195
343
357
205
330
195
330
60
140
193
195
193
205
195
356
205
342
195
140
357
356
195
193
60
258
132
258
160
150
195
357
205
195
258
357
356
195
193
205
195
7
193
8
195
135
258
195
343
357
205
330
195
193
60
258
195
140
7
132
195
7
150
195
298
357
18
7
193
195
193
205
195
191
132
258
140
193
60
258
195
140
357
356
195
205
298
132
195
18
205
205
356
195
7
150
195
298
357
18
7
193
195
193
205
195
258
140
193
342
195
140
357
356
195
330
258
195
150
7
193
195
330
140
193
152
60
7
357
310
195
205
298
132
195
284
303
150
195
330
60
7
17
258
195
150
205
266
258
195
17
205
152
140
17
195
357
258
330
150
152
140
150
193
258
132
195
193
258
17
17
150
195
298
150
195
193
60
140
193
195
193
205
356
140
91
195
330
258
195
60
140
356
195
18
7
18
193
258
258
357
195
60
205
266
7
152
7
356
258
150
195
140
357
356
195
150
7
52
193
91
261
193
60
132
258
258
195
28
7
205
17
258
357
193
195
152
132
7
266
258
150
342
195
140
150
195
7
18
195
193
60
140
193
160
150
195
193
60
258
195
330
140
91
195
7
193
160
150
195
150
298
213
213
205
150
258
356
195
193
205
195
191
258
8
195
135
258
195
343
357
205
330
195
193
60
7
357
310
150
195
140
132
258
195
191
140
356
195
261
195
330
205
132
150
258
195
193
60
140
357
195
191
140
356
8
195
284
60
258
91
160
132
258
195
152
132
140
364
91
8
195
181
193
160
150
195
17
7
343
258
195
258
28
258
132
91
193
60
7
357
310
195
258
28
258
132
91
330
60
258
132
258
195
7
150
195
310
205
7
357
310
195
152
132
140
364
91
342
195
150
205
195
330
258
195
356
205
357
160
193
195
310
205
195
205
298
193
195
140
357
91
266
205
132
258
8
195
135
258
195
150
7
193
195
7
357
195
193
60
258
195
60
205
298
150
258
342
195
140
357
356
195
150
17
205
330
17
91
195
193
60
258
195
330
205
132
17
356
195
330
258
195
140
132
258
195
17
7
28
7
357
310
195
7
357
195
7
150
195
310
258
193
193
7
357
310
195
150
266
140
17
17
258
132
342
195
140
357
356
195
140
17
17
195
330
258
195
150
140
91
195
7
150
19
195
160
78
17
258
140
150
258
342
195
140
193
195
17
258
140
150
193
195
17
258
140
28
258
195
298
150
195
140
17
205
357
258
195
7
357
195
205
298
132
195
17
7
28
7
357
310
195
132
205
205
266
150
8
195
198
258
193
195
266
258
195
60
140
28
258
195
266
91
195
193
205
140
150
193
258
132
195
140
357
356
195
266
91
195
284
303
195
140
357
356
195
266
91
195
150
193
258
258
17
261
191
258
17
193
258
356
195
132
140
356
7
140
17
150
195
140
357
356
195
181
195
330
205
357
160
193
195
150
140
91
195
140
357
91
193
60
7
357
310
8
195
124
298
150
193
195
17
258
140
28
258
195
298
150
195
140
17
205
357
258
8
160
195
135
258
17
17
342
195
181
160
266
195
357
205
193
195
310
205
357
357
140
195
17
258
140
28
258
195
91
205
298
195
140
17
205
357
258
8
195
181
195
330
140
357
193
195
91
205
298
195
193
205
195
310
258
193
195
143
96
27
89
195
181
195
356
205
357
160
193
195
330
140
283
205
17
298
193
7
205
195
258
150
193
15
120
15
347
34
15
130
357
193
195
91
205
298
195
193
205
195
213
132
205
193
258
150
193
8
195
181
195
356
205
357
160
193
195
330
140
357
193
195
91
205
298
195
193
205
195
132
7
205
193
195
261
195
181
195
356
205
357
160
193
195
330
140
357
193
195
91
205
298
195
193
205
195
330
132
7
193
258
195
193
205
195
91
205
298
132
195
152
205
357
310
132
258
150
150
266
140
357
342
195
191
258
152
140
298
150
258
195
181
195
330
205
298
17
356
357
160
193
195
343
357
205
330
195
330
60
140
193
195
193
205
195
193
258
17
17
195
91
205
298
195
193
205
195
330
132
7
193
258
8
195
181
195
356
205
357
160
193
195
343
357
205
330
195
330
60
140
193
195
193
205
195
356
205
195
140
191
205
298
193
195
193
60
258
195
356
258
213
132
258
150
150
7
205
357
195
140
357
356
195
193
60
258
195
7
357
18
17
140
193
7
205
357
195
140
357
356
195
193
60
258
195
94
298
150
150
7
140
357
150
195
140
357
356
195
193
60
258
195
152
132
7
266
258
195
7
357
195
193
60
258
195
150
193
132
258
258
193
8
195
96
17
17
195
181
195
343
357
205
330
195
7
150
195
193
60
140
193
195
18
7
132
150
193
195
91
205
298
160
28
258
195
310
205
193
195
193
205
195
310
258
193
195
266
140
356
8
195
156
150
60
205
298
193
7
357
310
188
195
33
205
298
160
28
258
195
310
205
193
195
193
205
195
150
140
91
19
195
160
181
160
266
195
140
195
60
298
266
140
357
195
191
258
7
357
310
342
195
310
205
356
261
356
140
266
266
7
193
89
195
143
91
195
17
7
18
258
195
60
140
150
195
28
140
17
298
258
89
160
195
283
205
342
195
181
195
330
140
357
193
195
91
205
298
195
193
205
195
310
258
193
195
298
213
195
357
205
330
8
195
181
195
330
140
357
193
195
140
17
17
195
205
18
195
91
205
298
195
193
205
195
310
258
193
195
298
213
195
205
298
193
195
205
18
195
91
205
298
132
195
152
60
140
7
132
150
8
195
181
195
330
140
357
193
195
91
205
298
195
193
205
195
310
258
193
195
298
213
195
132
7
310
60
193
195
357
205
330
195
140
357
356
195
310
205
195
193
205
195
193
60
258
195
330
7
357
356
205
330
8
195
223
213
258
357
195
7
193
342
195
140
357
356
195
150
193
7
152
343
195
91
205
298
132
195
60
258
140
356
195
205
298
193
342
195
140
357
356
195
91
258
17
17
19
195
181
160
266
195
140
150
195
266
140
356
195
140
150
195
60
258
17
17
342
195
140
357
356
195
181
160
266
195
357
205
193
195
310
205
357
357
140
195
193
140
343
258
195
193
60
7
150
195
140
357
91
266
205
132
258
89
