169
249
54
53
38
249
54
53
124
250
28
18
249
250
44
113
249
113
44
249
135
44
224
28
249
215
28
124
28
95
249
169
249
54
53
38
249
54
53
124
250
28
18
95
249
205
215
28
17
249
54
53
124
250
28
18
249
224
28
226
249
145
223
44
250
145
113
249
38
113
53
250
18
249
139
28
215
164
250
18
249
113
215
53
113
249
135
44
63
63
164
250
95
145
249
74
134
113
249
54
215
17
249
38
215
44
134
188
18
249
169
249
215
28
28
18
249
38
134
135
215
249
53
249
54
53
124
250
164
250
5
111
249
54
215
28
250
249
53
249
215
28
53
124
113
139
28
53
113
249
164
38
249
38
164
188
28
250
113
249
53
250
18
249
53
249
135
215
164
188
18
249
188
164
28
38
249
18
28
53
18
102
249
145
223
44
250
145
113
249
38
113
53
250
18
249
139
28
215
164
250
18
249
113
215
164
38
249
135
44
63
63
164
250
95
145
249
205
215
53
113
249
139
44
17
249
54
53
38
249
53
38
249
218
134
124
28
249
53
250
18
249
53
38
249
164
250
250
44
135
28
250
113
249
53
38
249
113
215
28
249
18
124
164
159
28
250
249
38
250
44
54
95
249
74
134
113
249
169
249
224
134
38
113
249
38
113
53
250
18
249
215
28
124
28
249
139
28
135
53
134
38
28
249
169
249
215
53
159
28
249
250
44
113
249
5
164
159
28
250
249
17
44
134
249
54
215
53
113
249
17
44
134
249
38
215
44
134
188
18
249
215
53
159
28
95
249
127
250
113
164
188
249
54
28
249
135
53
250
249
54
53
188
245
249
53
139
124
44
53
18
249
53
250
18
249
124
28
135
124
28
53
113
28
249
44
134
124
38
28
188
159
28
38
111
249
134
250
113
164
188
249
54
28
249
135
53
250
249
38
113
124
44
188
188
249
53
188
44
250
5
249
113
215
28
249
38
113
124
28
28
113
38
249
188
164
245
28
249
139
44
134
188
28
159
53
124
18
38
111
249
135
44
250
5
124
28
5
53
113
28
249
164
250
249
218
53
124
245
38
249
63
124
28
28
249
63
124
44
224
249
63
28
53
124
111
249
44
134
124
249
63
53
224
164
188
164
28
38
249
224
164
250
5
188
164
250
5
111
249
44
134
124
249
135
215
164
188
18
124
28
250
249
188
53
134
5
215
164
250
5
111
249
44
134
124
249
215
28
53
124
113
38
249
177
44
164
250
28
18
249
40
249
134
250
113
164
188
249
113
215
53
113
249
18
53
17
111
249
54
28
249
215
53
159
28
249
250
44
249
135
164
113
17
95
249
26
44
134
249
135
53
250
249
188
53
139
28
188
249
224
28
249
53
249
63
53
164
188
134
124
28
249
134
250
113
164
188
249
113
215
53
113
249
18
53
17
95
249
205
215
28
249
63
164
124
38
113
249
53
250
18
249
218
28
124
215
53
218
38
249
44
250
188
17
249
5
124
28
53
113
249
224
53
17
44
124
249
54
53
38
249
181
124
28
28
245
95
249
25
28
249
54
53
38
249
151
28
124
164
135
188
28
38
249
44
63
249
87
113
215
28
250
38
111
249
53
250
18
249
215
28
249
188
164
159
28
18
249
38
44
224
28
249
36
111
97
166
166
249
17
28
53
124
38
249
53
5
44
111
249
53
250
18
249
215
28
249
38
53
164
18
226
249
145
87
188
188
249
113
215
164
250
5
38
249
5
44
44
18
249
44
63
249
113
215
164
38
249
149
53
124
113
215
249
63
188
44
54
249
164
250
113
44
249
113
215
28
249
234
164
113
17
111
249
139
28
135
53
134
38
28
249
44
63
249
113
215
28
249
234
164
113
17
145
38
249
5
124
28
53
113
250
28
38
38
95
145
249
65
28
188
188
111
249
54
28
249
54
28
124
28
249
5
124
28
53
113
249
44
250
135
28
95
249
234
53
250
249
54
28
249
250
44
113
249
139
28
249
5
124
28
53
113
249
53
5
53
164
250
102
249
201
44
54
111
249
169
249
218
134
113
249
113
215
53
113
249
116
134
28
38
113
164
44
250
249
113
44
249
66
53
224
28
38
249
74
44
250
28
111
249
53
250
18
249
113
215
28
124
28
145
38
249
44
250
188
17
249
38
164
188
28
250
135
28
95
249
26
28
113
249
135
44
134
188
18
249
250
44
113
249
38
44
224
28
113
215
164
250
5
249
218
53
38
38
249
63
124
44
224
249
113
215
164
38
249
38
54
28
28
113
249
17
44
134
113
215
249
113
44
249
224
28
102
249
234
44
134
188
18
249
215
28
249
250
44
113
249
28
224
218
44
54
28
124
249
224
28
249
113
44
249
63
164
250
18
249
164
250
249
224
17
38
28
188
63
249
113
215
28
249
38
113
124
28
250
5
113
215
249
113
44
249
215
53
159
28
249
113
215
28
249
245
250
44
54
188
28
18
5
28
249
113
44
249
38
134
224
224
44
250
249
134
218
249
113
215
28
249
135
44
134
124
53
5
28
249
113
44
249
53
135
135
44
224
218
188
164
38
215
249
113
215
164
38
249
38
28
28
224
164
250
5
188
17
249
164
250
38
134
124
224
44
134
250
113
53
139
188
28
249
113
53
38
245
249
44
63
249
224
53
245
164
250
5
249
53
249
135
164
113
17
249
188
164
159
53
139
188
28
102
249
66
134
38
113
249
188
164
159
53
139
188
28
95
249
205
215
28
124
28
249
54
53
38
249
53
249
218
53
188
53
135
28
249
113
215
53
113
249
54
53
38
249
53
249
135
164
113
17
95
249
169
113
249
54
53
38
249
53
249
218
53
188
53
135
28
148
249
169
113
249
54
53
38
249
53
249
218
53
188
53
135
28
111
249
53
250
18
249
164
113
249
135
53
250
249
139
28
249
53
249
218
53
188
53
135
28
249
53
5
53
164
250
148
249
87
249
218
53
188
53
135
28
111
249
164
250
249
54
215
164
135
215
249
113
215
28
124
28
249
164
38
249
250
44
249
245
164
250
5
249
44
124
249
116
134
28
28
250
111
249
44
124
249
18
134
245
28
38
249
44
124
249
28
53
124
188
38
249
44
124
249
218
124
164
250
135
28
38
111
249
139
134
113
249
38
134
139
177
28
135
113
38
249
53
188
188
95
249
96
134
139
177
28
135
113
38
249
139
28
215
44
188
18
28
250
249
113
44
249
28
53
135
215
249
44
113
215
28
124
111
249
113
44
249
224
53
245
28
249
53
249
139
28
113
113
28
124
249
218
188
53
135
28
249
113
44
249
188
164
159
28
95
249
169
38
249
113
215
53
113
249
113
44
44
249
224
134
135
215
249
113
44
249
53
38
245
102
249
87
124
28
249
54
28
249
53
38
245
164
250
5
249
113
44
44
249
224
134
135
215
249
63
44
124
249
113
215
164
38
169
38
249
164
113
249
139
28
17
44
250
18
249
44
134
124
249
124
28
53
135
215
102
249
74
28
135
53
134
38
28
249
164
63
249
164
113
249
164
38
111
249
113
215
28
250
249
54
28
249
53
124
28
249
250
44
113
215
164
250
5
249
139
134
113
249
38
215
28
28
218
249
139
28
164
250
5
249
215
28
124
18
28
18
249
113
44
249
113
215
28
249
63
164
250
53
188
249
38
188
53
134
5
215
113
28
124
215
44
134
38
28
148
249
169
249
54
164
188
188
249
250
44
113
249
5
44
249
18
44
54
250
111
249
113
215
53
113
249
54
53
17
148
249
169
249
135
215
44
44
38
28
249
113
44
249
63
164
5
215
113
249
139
53
135
245
148
249
169
249
135
215
44
44
38
28
249
113
44
249
124
164
38
28
111
249
250
44
113
249
63
53
188
188
148
249
169
249
135
215
44
44
38
28
249
113
44
249
188
164
159
28
111
249
250
44
113
249
18
164
28
148
249
87
250
18
249
169
249
245
250
44
54
111
249
169
249
245
250
44
54
249
113
215
53
113
249
54
215
53
113
145
38
249
54
164
113
215
164
250
249
224
28
249
164
38
249
53
188
38
44
249
54
164
113
215
164
250
249
17
44
134
95
249
205
215
53
113
145
38
249
54
215
17
249
169
249
53
38
245
249
17
44
134
249
250
44
54
249
113
44
249
177
44
164
250
249
224
28
95
249
66
44
164
250
249
224
28
111
249
124
164
38
28
249
134
218
249
54
164
113
215
249
224
28
111
249
124
96
44
188
134
113
164
44
249
28
38
113
21
21
119
248
21
248
97
164
38
28
249
134
218
249
44
250
249
113
215
28
249
54
164
250
5
38
249
44
63
249
113
215
164
38
249
38
188
53
164
250
249
53
250
5
28
188
95
249
65
28
145
188
188
249
124
28
139
134
164
188
18
249
44
250
249
113
215
28
249
38
44
134
188
249
44
63
249
113
215
164
38
249
188
164
113
113
188
28
249
54
53
124
124
164
44
124
95
249
65
28
249
54
164
188
188
249
218
164
135
245
249
134
218
249
215
164
38
249
38
113
53
250
18
53
124
18
249
53
250
18
249
124
53
164
38
28
249
164
113
249
215
164
5
215
148
249
234
53
124
124
17
249
164
113
249
63
44
124
54
53
124
18
249
134
250
113
164
188
249
113
215
164
38
249
135
164
113
17
249
40
249
17
44
134
124
249
135
164
113
17
249
40
249
44
134
124
249
135
164
113
17
249
40
249
215
164
38
249
135
164
113
17
249
40
249
164
38
249
53
249
218
53
188
53
135
28
249
44
63
249
181
44
18
148
249
169
38
249
53
249
218
53
188
53
135
28
249
44
63
249
181
44
18
148
249
169
249
53
224
249
54
164
113
215
249
17
44
134
111
249
188
164
113
113
188
28
249
66
53
224
28
38
95
249
169
249
53
224
249
17
44
134
