105
351
86
25
15
25
400
388
15
318
152
166
135
15
400
15
167
82
351
152
166
458
15
152
400
25
15
351
82
15
25
278
166
400
385
15
351
152
166
15
318
82
458
388
25
15
351
152
400
351
15
150
82
135
388
166
167
135
15
152
166
458
15
82
318
135
15
25
82
135
98
15
44
348
351
15
105
15
150
82
348
377
388
135
86
351
15
400
377
377
82
318
15
351
152
166
167
15
351
82
15
44
166
377
73
166
410
166
15
351
152
400
351
15
105
15
318
82
348
377
388
15
150
82
167
167
73
351
15
167
348
458
388
166
458
302
15
211
152
166
384
86
377
377
15
278
348
351
15
152
73
167
15
400
318
400
384
15
135
82
318
98
15
400
25
15
105
15
25
152
82
348
377
388
15
152
400
410
166
98
15
384
166
400
458
25
15
400
386
82
302
15
326
166
15
318
400
25
15
400
377
318
400
384
25
15
44
400
388
15
400
135
388
15
73
135
15
351
152
166
15
166
135
388
98
15
152
166
15
73
135
351
166
135
388
166
388
15
351
82
15
351
166
377
377
15
351
152
166
167
15
105
15
385
73
377
377
166
388
15
351
152
82
25
166
15
386
73
458
377
25
15
400
135
388
15
351
152
400
351
15
167
400
135
302
15
339
25
15
73
371
15
105
15
150
82
348
377
388
15
388
82
15
400
135
384
351
152
73
135
386
15
166
4
150
166
278
351
15
357
348
25
351
15
25
73
351
15
400
135
388
15
25
351
400
458
166
98
15
377
73
385
166
15
82
135
166
15
82
371
15
152
73
25
15
25
351
348
371
371
166
388
15
44
73
458
388
25
302
15
382
152
98
15
351
152
166
384
15
385
135
82
318
15
105
15
150
400
135
86
351
15
166
410
166
135
15
167
82
410
166
15
400
15
371
73
135
386
166
458
15
400
135
388
15
105
15
318
82
135
86
351
302
15
105
86
377
377
15
357
348
25
351
15
25
73
351
15
152
166
458
166
15
400
135
388
15
44
166
15
195
348
73
166
351
98
15
357
348
25
351
15
73
135
15
150
400
25
166
15
351
152
166
384
15
388
82
15
25
348
25
278
166
150
351
15
167
166
302
15
211
152
166
384
86
458
166
15
278
458
82
44
400
44
377
384
15
318
400
351
150
152
73
135
386
15
167
166
302
15
468
166
377
377
98
15
377
166
351
15
351
152
166
167
302
15
208
166
351
15
351
152
166
167
15
25
166
166
15
318
152
400
351
15
385
73
135
388
15
82
371
15
400
15
278
166
458
25
82
135
15
105
15
400
167
302
15
105
86
167
15
135
82
351
15
166
410
166
135
15
386
82
135
135
400
15
25
318
400
351
15
351
152
400
351
15
371
377
384
302
15
105
15
152
82
278
166
15
351
152
202
82
377
348
351
73
82
15
166
25
351
88
297
437
77
275
10
270
166
384
15
400
458
166
15
318
400
351
150
152
73
135
386
302
15
211
152
166
384
86
377
377
15
25
166
166
302
15
211
152
166
384
86
377
377
15
25
166
166
15
400
135
388
15
351
152
166
384
86
377
377
15
385
135
82
318
15
400
135
388
15
351
152
166
384
86
377
377
15
25
400
384
98
15
86
468
152
384
98
15
25
152
166
15
318
82
348
377
388
135
86
351
15
166
410
166
135
15
152
400
458
167
15
400
15
371
377
384
