46
307
278
108
124
4
97
4
177
108
177
307
88
286
275
236
307
97
97
200
275
80
151
250
200
275
97
307
177
275
296
307
275
368
307
307
82
275
113
151
154
275
47
80
151
250
200
275
287
275
88
151
80
43
177
275
278
108
174
307
275
108
80
187
275
4
88
307
108
275
250
278
108
177
275
177
278
108
177
275
296
307
108
80
368
82
275
287
275
47
80
151
250
275
250
278
108
177
275
187
151
154
275
177
278
4
80
47
275
4
177
275
296
307
108
80
368
200
275
368
151
80
80
187
82
275
5
151
275
296
307
200
275
4
177
43
368
275
336
154
368
177
275
108
275
296
108
88
307
275
154
318
275
250
151
136
88
348
275
108
275
318
151
97
4
177
4
182
4
108
80
43
368
275
250
151
136
88
200
275
368
151
275
177
278
108
177
275
187
151
154
80
179
275
152
307
97
97
108
368
275
97
4
47
307
275
187
151
154
136
368
307
97
152
275
182
108
80
275
250
307
108
136
275
108
275
368
154
4
177
275
108
80
88
275
108
275
177
4
307
275
108
80
88
275
278
108
174
307
275
108
275
336
151
124
82
275
236
278
108
177
275
88
151
275
187
151
154
275
136
307
108
97
97
187
275
250
108
80
80
108
275
47
80
151
250
286
275
361
296
275
287
275
368
151
136
136
187
275
152
151
136
275
250
278
108
177
275
287
275
88
4
88
286
275
5
278
307
136
307
313
151
97
154
177
4
151
275
307
368
177
248
194
217
217
137
194
137
43
368
275
80
151
177
275
108
275
88
108
187
275
179
151
307
368
275
124
187
275
287
275
88
151
80
43
177
275
152
307
307
97
275
136
307
179
136
307
177
82
275
231
151
177
275
124
307
182
108
154
368
307
275
287
43
296
275
4
80
275
278
307
136
307
200
275
151
136
275
124
307
182
108
154
368
307
275
187
151
154
275
177
278
4
80
47
275
287
275
368
278
151
154
97
88
82
275
287
275
97
151
151
47
275
124
108
182
47
275
151
80
275
177
278
307
275
250
108
187
275
287
275
250
108
368
275
177
278
307
80
200
275
108
275
187
151
154
80
179
200
275
368
177
154
318
4
88
275
47
4
88
275
250
278
151
275
182
151
296
296
4
177
177
307
88
275
177
278
108
177
275
177
307
136
136
4
124
97
307
275
182
136
4
296
307
82
275
287
275
250
108
80
80
108
275
177
108
97
47
275
177
151
275
278
4
296
82
275
287
275
250
108
80
80
108
275
177
136
187
275
177
151
275
177
108
97
47
275
368
151
296
307
275
368
307
80
368
307
275
177
151
275
278
4
296
200
275
177
307
97
97
275
278
4
296
275
177
278
307
275
250
108
187
275
177
278
4
80
179
368
275
108
136
307
200
275
124
154
177
275
287
275
182
108
80
43
177
82
275
5
278
108
177
275
47
4
88
43
368
275
97
151
80
179
275
179
151
80
307
275
108
80
88
275
177
278
4
368
275
151
97
88
275
296
108
80
275
4
368
275
108
97
97
275
177
278
108
177
43
368
275
97
307
152
177
82
275
287
275
179
151
177
177
108
275
97
4
174
307
275
250
4
177
278
275
177
278
108
177
82
275
46
307
278
108
124
4
97
4
177
108
177
307
88
286
275
287
177
43
368
275
336
154
368
177
275
108
275
124
154
97
97
368
278
4
177
275
250
151
136
88
82
275
313
151
200
275
187
151
154
275
179
151
275
151
80
275
108
80
88
275
368
177
108
296
318
275
187
151
154
136
275
152
151
136
296
200
275
368
151
80
80
187
200
275
108
80
88
275
368
177
151
318
275
250
108
368
177
4
80
179
275
296
187
275
177
4
296
307
200
275
124
307
182
108
154
368
307
275
177
151
275
177
307
97
97
275
187
151
154
275
177
278
307
275
177
136
154
177
278
200
275
287
275
88
151
80
43
177
275
179
4
174
307
275
108
275
368
278
4
177
