34
291
147
232
155
484
316
291
64
128
232
466
291
312
64
232
394
535
147
144
232
484
64
232
461
147
312
462
232
312
462
394
232
24
291
147
566
147
232
394
535
147
144
232
484
64
232
323
535
461
147
232
28
566
535
461
426
232
123
462
232
240
144
144
312
420
128
232
230
535
461
535
144
312
311
484
147
462
360
232
123
232
461
312
462
360
232
230
147
232
484
144
232
312
534
535
462
147
232
484
462
232
64
291
147
232
449
462
484
421
147
566
144
147
360
232
123
232
311
449
462
555
147
566
360
232
172
64
484
534
534
232
312
232
461
312
462
360
232
230
147
232
484
144
232
312
534
535
462
147
232
484
462
232
64
291
147
232
449
462
484
421
147
566
144
147
13
232
437
449
64
232
291
147
232
323
535
462
462
147
323
64
144
360
232
230
535
24
426
232
34
291
147
420
232
291
484
64
232
147
312
323
291
232
535
64
291
147
566
360
232
412
535
291
398
232
388
535
232
323
534
147
312
566
147
566
232
24
312
420
232
64
535
232
147
421
312
534
449
312
64
147
232
24
291
147
64
291
147
566
232
535
566
232
462
535
64
232
420
535
449
205
566
147
232
312
534
484
421
147
360
232
388
535
24
13
232
323
535
461
311
534
484
323
312
64
484
535
462
144
360
232
123
232
566
147
312
144
535
462
232
64
535
232
28
484
316
291
64
360
232
172
535
461
147
437
535
394
420
232
394
484
28
28
147
566
147
462
64
360
232
42
484
28
28
147
566
147
462
323
147
232
323
566
147
312
64
147
144
232
394
484
144
311
449
64
147
360
232
42
484
144
311
449
64
147
232
484
144
232
312
232
566
147
312
144
535
462
232
64
535
232
28
484
316
291
64
360
232
34
535
232
28
484
316
291
64
232
484
144
232
312
232
566
147
312
144
535
462
232
64
535
232
28
147
147
534
232
311
312
172
535
534
449
64
484
535
232
147
144
64
303
303
345
217
353
56
497
484
462
360
232
278
484
28
147
232
484
144
232
311
312
484
462
360
232
172
535
232
64
535
232
28
484
316
291
64
232
24
484
64
291
232
566
147
312
144
535
462
232
484
144
232
64
535
232
437
147
232
312
534
484
421
147
232
24
484
64
291
232
566
147
312
144
535
462
360
232
155
484
462
312
534
232
312
462
312
534
420
144
484
144
128
232
34
535
232
28
484
316
291
64
13
232
312
232
566
147
312
144
535
462
232
64
535
232
534
484
421
147
360
232
207
566
535
437
534
147
461
144
232
312
462
394
232
375
535
462
64
566
312
394
484
323
64
484
535
462
144
128
232
352
232
312
461
232
312
462
232
312
462
312
566
323
291
484
144
64
360
232
352
232
437
147
534
484
147
421
147
232
64
291
312
64
232
64
291
147
566
147
232
144
291
535
449
534
394
232
437
147
232
462
535
232
566
449
534
147
144
13
232
535
462
534
420
232
323
291
312
535
144
360
232
155
484
316
291
64
484
462
316
232
312
311
311
147
312
566
144
232
64
535
232
437
147
232
323
291
312
535
144
232
312
462
394
232
24
291
147
462
232
24
147
232
144
534
312
461
232
484
462
232
64
291
147
232
311
484
64
232
312
232
144
291
535
24
232
484
64
232
484
144
360
232
199
449
64
232
24
291
147
462
232
24
147
232
28
484
316
291
64
232
28
535
566
232
312
232
566
147
312
144
535
462
13
232
534
484
555
147
232
566
147
394
462
147
323
555
144
13
232
64
291
147
566
147
205
144
232
312
232
144
420
144
64
147
461
360
232
466
147
232
28
484
316
291
64
232
28
535
566
232
24
291
312
64
232
24
147
232
144
64
312
462
394
232
28
535
566
13
232
323
291
312
535
144
13
232
437
449
64
232
28
484
316
291
64
484
462
316
232
484
144
232
312
232
144
64
566
449
323
64
449
566
147
13
232
64
535
232
147
144
64
312
437
534
484
144
291
232
311
535
24
147
566
13
232
311
535
24
147
566
232
484
144
232
316
535
421
147
566
462
461
147
462
64
232
312
462
394
232
316
535
421
147
566
462
461
147
462
64
232
484
144
232
462
535
64
232
312
462
312
566
323
291
420
360
232
378
535
421
147
566
462
461
147
462
64
232
484
144
232
24
312
566
232
312
462
394
232
24
312
566
232
484
144
232
28
484
316
291
64
484
462
316
360
232
34
291
147
232
323
484
566
323
534
147
232
316
535
147
144
232
534
484
555
147
232
64
291
484
144
128
232
535
449
566
232
566
147
394
462
147
323
555
232
144
555
484
566
461
484
144
291
147
144
232
312
566
147
232
323
291
147
312
311
232
311
147
566
421
147
566
144
484
535
462
144
232
535
28
232
323
535
462
421
147
462
64
484
535
462
312
534
232
24
312
566
28
312
566
147
360
232
466
312
566
232
484
461
311
534
484
147
144
232
147
138
64
566
147
461
147
232
316
535
421
147
566
462
461
147
462
64
232
437
147
323
312
449
144
147
232
24
312
566
144
232
312
566
147
232
28
535
449
316
291
64
232
64
535
232
147
462
28
535
566
323
147
232
566
449
534
147
144
232
535
566
232
484
394
147
312
534
144
13
232
147
421
147
462
232
28
566
147
147
394
535
461
360
232
199
449
64
232
535
64
291
147
566
232
311
147
535
311
534
147
205
144
232
484
394
147
312
534
144
232
28
535
566
323
147
394
232
535
462
232
144
535
461
147
535
462
147
232
147
534
144
147
13
232
147
421
147
462
232
484
28
232
484
64
232
484
144
232
144
535
461
147
64
291
484
462
316
232
534
484
555
147
232
28
566
147
147
394
535
461
13
232
484
144
232
144
64
484
534
534
232
312
232
566
449
534
147
271
232
462
535
64
232
312
462
312
566
323
291
420
360
232
34
291
484
144
232
323
535
462
64
566
312
394
484
323
64
484
535
462
232
24
312
144
232
437
147
323
535
461
484
462
316
232
323
534
147
312
566
232
64
535
232
461
147
232
484
462
232
64
291
147
232
28
312
534
534
232
535
28
232
205
51
334
360
232
240
421
147
462
232
312
144
232
147
312
566
534
420
232
312
144
232
461
420
232
28
484
566
144
64
232
311
312
566
64
420
13
232
205
466
291
420
232
394
484
394
232
352
232
534
535
421
147
232
64
535
232
28
484
316
291
64
426
205
232
352
232
28
566
312
461
147
394
232
484
64
13
232
437
449
64
232
144
64
484
534
534
13
232
352
232
394
535
462
205
64
232
449
462
394
147
566
144
64
312
462
394
232
484
64
360
232
352
64
232
316
535
147
144
232
312
316
312
484
462
144
64
232
461
420
232
437
147
534
484
147
28
144
232
312
144
232
312
232
64
566
449
147
232
312
462
312
566
323
291
484
144
64
360
232
199
449
64
232
64
291
147
566
147
232
484
64
232
24
312
144
360
232
375
535
461
311
147
64
484
64
484
535
462
13
232
28
484
316
291
64
484
462
316
13
232
323
312
311
484
64
312
534
484
144
461
13
232
316
535
421
147
566
462
461
147
462
64
13
232
34
230
240
232
172
77
172
34
240
89
360
232
34
291
312
64
205
144
232
24
291
312
64
232
24
147
232
394
484
394
360
232
352
64
205
144
232
24
291
312
64
232
24
147
232
312
534
24
312
420
144
232
394
484
394
360
232
383
147
394
462
147
323
555
144
232
555
484
323
555
147
394
232
64
291
147
232
144
291
484
64
232
535
449
64
232
535
28
232
311
449
462
555
144
13
232
311
449
462
555
144
232
555
484
323
555
147
394
232
64
291
147
232
144
291
484
64
232
535
449
64
232
535
28
232
461
535
394
144
13
232
461
535
394
144
232
555
484
323
555
147
394
232
64
291
147
232
144
291
484
64
232
535
449
64
232
535
28
232
144
555
484
462
291
147
312
394
144
13
232
144
555
484
462
291
147
312
394
144
232
64
535
535
555
232
535
449
64
232
64
291
147
232
291
147
312
421
420
232
461
147
64
312
534
232
316
449
420
144
13
232
312
462
394
232
64
291
147
232
291
147
312
421
420
232
461
147
64
312
534
232
316
449
420
144
232
437
147
312
64
232
64
291
147
232
534
484
421
484
462
316
232
144
291
484
64
232
535
449
64
232
535
28
232
462
147
24
232
24
312
421
147
566
144
232
312
462
394
232
64
291
147
232
462
147
24
232
24
312
421
147
566
144
232
394
484
394
462
205
64
232
394
535
232
312
462
420
64
291
484
462
316
360
232
34
291
147
420
232
24
147
566
147
232
64
291
147
232
462
147
24
232
291
484
311
311
484
147
144
360
232
172
535
232
24
291
312
64
232
24
312
144
232
64
291
147
232
311
535
484
462
64
426
232
155
484
462
312
534
232
144
449
461
461
312
64
484
535
462
426
232
388
535
462
147
360
