11
188
246
339
136
188
246
339
299
288
135
397
188
288
112
121
188
121
112
188
320
112
298
135
188
27
135
299
135
340
188
11
188
246
339
136
188
246
339
299
288
135
397
340
188
148
27
135
116
188
246
339
299
288
135
397
188
298
135
242
188
72
230
112
288
72
121
188
136
121
339
288
397
188
356
135
27
359
288
397
188
121
27
339
121
188
320
112
287
287
359
288
340
72
188
79
24
121
188
246
27
116
188
136
27
112
24
26
397
188
11
188
27
135
135
397
188
136
24
320
27
188
339
188
246
339
299
288
359
288
292
319
188
246
27
135
288
188
339
188
27
135
339
299
121
356
135
339
121
188
359
136
188
136
359
26
135
288
121
188
339
288
397
188
339
188
320
27
359
26
397
188
26
359
135
136
188
397
135
339
397
331
188
72
230
112
288
72
121
188
136
121
339
288
397
188
356
135
27
359
288
397
188
121
27
359
136
188
320
112
287
287
359
288
340
72
188
148
27
339
121
188
356
112
116
188
246
339
136
188
339
136
188
111
24
299
135
188
339
288
397
188
339
136
188
359
288
288
112
320
135
288
121
188
339
136
188
121
27
135
188
397
299
359
17
135
288
188
136
288
112
246
340
188
79
24
121
188
11
188
298
24
136
121
188
136
121
339
288
397
188
27
135
299
135
188
356
135
320
339
24
136
135
188
11
188
27
339
17
135
188
288
112
121
188
292
359
17
135
288
188
116
112
24
188
246
27
339
121
188
116
112
24
188
136
27
112
24
26
397
188
27
339
17
135
340
188
184
288
121
359
26
188
246
135
188
320
339
288
188
246
339
26
15
188
339
356
299
112
339
397
188
339
288
397
188
299
135
320
299
135
339
121
135
188
112
24
299
136
135
26
17
135
136
319
188
24
288
121
359
26
188
246
135
188
320
339
288
188
136
121
299
112
26
26
188
339
26
112
288
292
188
121
27
135
188
136
121
299
135
135
121
136
188
26
359
15
135
188
356
112
24
26
135
17
339
299
397
136
319
188
320
112
288
292
299
135
292
339
121
135
188
359
288
188
111
339
299
15
136
188
287
299
135
135
188
287
299
112
298
188
287
135
339
299
319
188
112
24
299
188
287
339
298
359
26
359
135
136
188
298
359
288
292
26
359
288
292
319
188
112
24
299
188
320
27
359
26
397
299
135
288
188
26
339
24
292
27
359
288
292
319
188
112
24
299
188
27
135
339
299
121
136
188
314
112
359
288
135
397
188
303
188
24
288
121
359
26
188
121
27
339
121
188
397
339
116
319
188
246
135
188
27
339
17
135
188
288
112
188
320
359
121
116
340
188
392
112
24
188
320
339
288
188
26
339
356
135
26
188
298
135
188
339
188
287
339
359
26
24
299
135
188
24
288
121
359
26
188
121
27
339
121
188
397
339
116
340
188
148
27
135
188
287
359
299
136
121
188
339
288
397
188
111
135
299
27
339
111
136
188
112
288
26
116
188
292
299
135
339
121
188
298
339
116
112
299
188
246
339
136
188
305
299
135
135
15
340
188
39
135
188
246
339
136
188
396
135
299
359
320
26
135
136
188
112
287
188
364
121
27
135
288
136
319
188
339
288
397
188
27
135
188
26
359
17
135
397
188
136
112
298
135
188
393
319
227
259
259
188
116
135
339
299
136
188
339
292
112
319
188
339
288
397
188
27
135
188
136
339
359
397
242
188
72
364
26
26
188
121
27
359
288
292
136
188
292
112
112
397
188
112
287
188
121
27
359
136
188
93
339
299
121
27
188
287
26
112
246
188
359
288
121
112
188
121
27
135
188
6
359
121
116
319
188
356
135
320
339
24
136
135
188
112
287
188
121
27
135
188
6
359
121
116
72
136
188
292
299
135
339
121
288
135
136
136
340
72
188
295
135
26
26
319
188
246
135
188
246
135
299
135
188
292
299
135
339
121
188
112
288
320
135
340
188
6
339
288
188
246
135
188
288
112
121
188
356
135
188
292
299
135
339
121
188
339
292
339
359
288
331
188
36
112
246
319
188
11
188
111
24
121
188
121
27
339
121
188
291
24
135
136
121
359
112
288
188
121
112
188
168
339
298
135
136
188
79
112
288
135
319
188
339
288
397
188
121
27
135
299
135
72
136
188
112
288
26
116
188
136
359
26
135
288
320
135
340
188
392
135
121
188
320
112
24
26
397
188
288
112
121
188
136
112
298
135
121
27
359
288
292
188
111
339
136
136
188
287
299
112
298
188
121
27
359
136
188
136
246
135
135
121
188
116
112
24
121
27
188
121
112
188
298
135
331
188
6
112
24
26
397
188
27
135
188
288
112
121
188
135
298
111
112
246
135
299
188
298
135
188
121
112
188
287
359
288
397
188
359
288
188
298
116
136
135
26
287
188
121
27
135
188
136
121
299
135
288
292
121
27
188
121
112
188
27
339
17
135
188
121
27
135
188
15
288
112
246
26
135
397
292
135
188
121
112
188
136
24
298
298
112
288
188
24
111
188
121
27
135
188
320
112
24
299
339
292
135
188
121
112
188
339
320
320
112
298
111
26
359
136
27
188
121
27
359
136
188
136
135
135
298
359
288
292
26
116
188
359
288
136
24
299
298
112
24
288
121
339
356
26
135
188
121
339
136
15
188
112
287
188
298
339
15
359
288
292
188
339
188
320
359
121
116
188
26
359
17
339
356
26
135
331
188
168
24
136
121
188
26
359
17
339
356
26
135
340
188
148
27
135
299
135
188
246
339
136
188
339
188
111
339
26
339
320
135
188
121
27
339
121
188
246
339
136
188
339
188
320
359
121
116
340
188
11
121
188
246
339
136
188
339
188
111
339
26
339
320
135
158
188
11
121
188
246
339
136
188
339
188
111
339
26
339
320
135
319
188
339
288
397
188
359
121
188
320
339
288
188
356
135
188
339
188
111
339
26
339
320
135
188
339
292
339
359
288
158
188
364
188
111
339
26
339
320
135
319
188
359
288
188
246
27
359
320
27
188
121
27
135
299
135
188
359
136
188
288
112
188
15
359
288
292
188
112
299
188
291
24
135
135
288
319
188
112
299
188
397
24
15
135
136
188
112
299
188
135
339
299
26
136
188
112
299
188
111
299
359
288
320
135
136
319
188
356
24
121
188
136
24
356
314
135
320
121
136
188
339
26
26
340
188
29
24
356
314
135
320
121
136
188
356
135
27
112
26
397
135
288
188
121
112
188
135
339
320
27
188
112
121
27
135
299
319
188
121
112
188
298
339
15
135
188
339
188
356
135
121
121
135
299
188
111
26
339
320
135
188
121
112
188
26
359
17
135
340
188
11
136
188
121
27
339
121
188
121
112
112
188
298
24
320
27
188
121
112
188
339
136
15
331
188
364
299
135
188
246
135
188
339
136
15
359
288
292
188
121
112
112
188
298
24
320
27
188
287
112
299
188
121
27
29
112
26
24
121
359
112
188
135
136
121
311
227
311
222
259
175
175
359
136
11
136
188
359
121
188
356
135
116
112
288
397
188
112
24
299
188
299
135
339
320
27
331
188
79
135
320
339
24
136
135
188
359
287
188
359
121
188
359
136
319
188
121
27
135
288
188
246
135
188
339
299
135
188
288
112
121
27
359
288
292
188
356
24
121
188
136
27
135
135
111
188
356
135
359
288
292
188
27
135
299
397
135
397
188
121
112
188
121
27
135
188
287
359
288
339
26
188
136
26
339
24
292
27
121
135
299
27
112
24
136
135
158
188
11
188
246
359
26
26
188
288
112
121
188
292
112
188
397
112
246
288
319
188
121
27
339
121
188
246
339
116
158
188
11
188
320
27
112
112
136
135
188
121
112
188
287
359
292
27
121
188
356
339
320
15
158
188
11
188
320
27
112
112
136
135
188
121
112
188
299
359
136
135
319
188
288
112
121
188
287
339
26
26
158
188
11
188
320
27
112
112
136
135
188
121
112
188
26
359
17
135
319
188
288
112
121
188
397
359
135
158
188
364
288
397
188
11
188
15
288
112
246
319
188
11
188
15
288
112
246
188
121
27
339
121
188
246
27
339
121
72
136
188
246
359
121
27
359
288
188
298
135
188
359
136
188
339
26
136
112
188
246
359
121
27
359
288
188
116
112
24
340
188
148
27
339
121
72
136
188
246
27
116
188
11
188
339
136
15
188
116
112
24
188
288
112
246
188
121
112
188
314
112
359
288
188
298
135
340
188
168
112
359
288
188
298
135
319
188
299
359
136
135
188
24
111
188
246
359
121
27
188
298
135
319
188
299
359
136
135
188
24
111
188
112
288
188
121
27
135
188
246
359
288
292
136
188
112
287
188
121
27
359
136
188
136
26
339
359
288
188
339
288
292
135
26
340
188
295
135
72
26
26
188
299
135
356
24
359
26
397
188
112
288
188
121
27
135
188
136
112
24
26
188
112
287
188
121
27
359
136
188
26
359
121
121
26
135
188
246
339
299
299
359
112
299
340
188
295
135
188
246
359
26
26
188
111
359
320
15
188
24
111
188
27
359
136
188
136
121
339
288
397
339
299
397
188
339
288
397
188
299
339
359
136
135
188
359
121
188
27
359
292
27
158
188
6
339
299
299
116
188
359
121
188
287
112
299
246
339
299
397
188
24
288
121
359
26
188
121
27
359
136
188
320
359
121
116
188
303
188
116
112
24
299
188
320
359
121
116
188
303
188
112
24
299
188
320
359
121
116
188
303
188
27
359
136
188
320
359
121
116
188
303
188
359
136
188
339
188
111
339
26
339
320
135
188
112
287
188
305
112
397
158
188
11
136
188
339
188
111
339
26
339
320
135
188
112
287
188
305
112
397
158
188
11
188
339
298
188
246
359
121
27
188
116
112
24
319
188
26
359
121
121
26
135
188
168
339
298
135
136
340
188
11
188
339
298
188
116
112
24
