113
359
124
313
341
750
447
130
71
634
591
447
15
79
124
248
71
280
71
117
15
417
15
591
71
124
313
341
110
147
313
124
71
280
330
53
71
79
15
15
71
124
313
15
71
53
359
244
248
71
632
447
750
447
124
359
591
244
71
130
341
110
591
124
79
71
15
79
124
359
533
750
447
79
313
15
53
71
447
117
71
280
591
15
750
359
117
53
71
533
244
71
280
591
447
79
313
632
15
117
77
71
53
15
561
341
591
124
359
124
447
341
117
71
341
591
71
124
313
15
71
53
15
359
124
313
71
561
15
117
359
750
124
244
71
616
341
591
71
124
313
341
79
15
71
130
359
110
147
313
124
71
528
447
124
313
71
359
591
632
79
576
71
280
117
71
124
313
15
71
117
359
632
15
71
341
616
71
32
341
53
671
71
528
313
359
124
71
447
79
71
147
341
447
117
147
71
341
117
745
71
280
71
616
341
110
117
53
71
124
313
447
79
71
341
117
71
124
313
15
71
79
124
591
15
15
124
71
53
110
591
447
117
147
71
124
313
15
71
528
15
15
283
248
71
285
117
53
15
591
71
124
313
15
71
637
15
561
110
533
750
447
130
671
71
124
313
15
71
750
359
117
53
79
71
341
616
71
124
313
15
71
198
591
447
79
124
341
130
591
359
130
244
71
528
313
341
71
750
447
417
15
71
447
117
71
750
110
675
110
591
244
71
447
117
71
508
341
117
53
341
117
71
528
447
750
750
71
533
15
71
79
15
447
242
15
53
71
359
117
53
71
53
447
417
447
53
15
53
71
110
561
71
359
147
359
447
117
79
124
71
750
359
117
53
750
15
79
79
71
528
341
591
283
15
591
79
71
359
117
53
71
79
632
359
750
750
71
616
359
591
632
15
591
79
576
71
198
750
750
71
447
117
53
110
79
124
591
244
71
359
117
53
71
359
147
591
447
130
110
750
124
110
591
15
71
528
447
750
750
71
533
15
71
130
341
117
124
591
341
750
750
15
53
71
533
244
71
124
313
15
71
529
124
359
124
15
71
616
341
591
71
124
313
15
71
528
341
591
283
15
591
79
330
71
359
117
53
71
616
359
632
15
591
79
330
71
533
15
117
15
616
447
124
576
71
165
341
124
71
130
341
117
124
15
117
124
71
528
447
124
313
71
79
124
15
359
750
447
117
147
71
244
341
110
591
71
79
359
417
447
117
147
79
671
71
124
313
15
244
330
750
750
71
533
15
71
117
359
124
447
341
117
359
750
447
242
447
117
147
71
124
313
15
71
309
106
71
198
561
341
79
124
750
15
79
71
117
15
675
124
576
71
59
244
71
53
15
359
591
71
533
591
15
124
313
591
15
117
671
71
528
15
71
313
359
417
15
71
359
117
71
341
561
561
341
591
124
110
117
447
124
244
71
616
341
591
71
124
313
15
71
616
447
591
79
124
71
124
447
632
15
71
447
117
71
147
15
117
15
591
359
124
447
341
117
79
71
447
117
71
124
313
447
79
71
130
341
110
117
124
591
244
71
616
341
591
71
561
15
359
130
15
71
359
117
53
71
561
591
341
79
561
15
591
447
124
244
576
71
670
15
71
313
359
417
15
71
124
313
359
124
71
341
561
561
341
591
124
110
117
447
124
244
71
528
447
124
313
341
110
124
71
384
117
147
750
447
79
313
71
79
341
750
53
447
15
591
79
71
632
359
591
130
313
447
117
147
71
110
561
71
359
117
53
71
53
341
528
117
71
341
110
591
71
79
124
591
15
15
124
79
71
359
117
53
71
341
110
124
79
447
53
15
71
341
110
591
71
130
313
110
591
130
313
15
79
71
341
117
71
359
71
529
110
117
53
359
244
71
632
341
591
117
447
117
147
576
71
670
15
71
313
359
417
15
71
124
313
359
124
71
341
561
561
341
591
124
110
117
447
124
244
71
533
15
130
359
110
79
15
71
528
15
71
313
359
417
15
71
79
447
147
117
15
53
71
359
71
124
591
15
359
124
244
71
286
286
71
359
71
124
591
15
359
124
244
71
341
616
71
561
15
359
130
15
576
71
113
359
124
313
341
750
447
130
71
634
591
447
15
79
124
248
71
243
110
447
15
124
576
71
508
15
124
71
632
15
71
591
15
632
447
117
53
71
124
313
341
79
15
71
341
616
71
244
341
110
71
528
313
341
71
313
359
417
15
71
616
341
591
147
341
124
124
15
117
71
341
616
71
124
313
15
71
561
359
79
124
341
591
359
750
71
750
15
124
124
15
591
71
79
447
147
117
15
53
71
533
244
71
113
359
591
53
447
117
359
750
71
508
341
147
110
15
71
359
117
53
71
341
124
313
15
591
71
195
447
79
313
341
561
79
576
71
198
117
124
447
286
748
591
15
359
124
244
447
124
15
71
447
591
591
15
147
110
750
359
591
79
71
313
359
417
15
671
71
359
117
53
71
280
71
67
110
341
124
15
248
71
576
576
576
528
591
15
130
283
15
53
71
280
591
15
750
359
117
53
71
616
591
341
632
71
15
117
53
71
124
341
71
15
117
53
671
71
359
117
53
71
359
750
750
71
124
313
341
79
15
71
528
313
341
71
561
359
591
124
447
130
447
561
359
124
15
71
447
117
71
79
110
130
313
71
130
591
447
632
15
79
71
359
591
15
71
147
110
447
750
124
244
71
341
616
71
124
313
15
71
147
591
359
417
15
79
124
71
79
447
117
79
71
359
117
53
71
632
359
244
71
117
341
124
71
533
15
71
359
533
79
341
750
417
15
53
71
447
117
71
130
341
117
616
15
79
79
447
341
117
671
71
117
341
591
71
359
53
632
447
124
124
15
53
71
124
341
71
368
341
750
244
71
113
341
632
632
110
117
447
341
117
576
71
280
117
71
341
124
313
15
591
71
528
341
591
53
79
248
71
15
675
130
341
632
632
110
117
447
130
359
124
447
341
117
576
71
198
117
53
71
124
313
447
79
71
341
561
447
117
447
341
117
71
341
616
71
124
313
15
71
124
591
15
359
124
244
71
447
79
71
117
341
124
71
50
110
79
124
71
124
313
15
71
341
561
447
117
447
341
117
71
341
616
71
124
313
15
71
113
359
124
313
341
750
447
130
71
113
313
110
591
130
313
576
71
280
124
71
447
79
71
124
313
15
71
341
561
447
117
447
341
117
71
341
616
71
341
124
313
15
591
71
130
313
110
591
130
313
15
79
576
71
198
117
53
71
447
124
71
447
79
71
124
313
15
71
341
561
447
117
447
341
117
71
341
616
71
15
417
15
591
244
71
117
15
528
79
561
359
561
15
591
71
110
561
71
359
117
53
71
53
341
528
117
71
359
117
53
71
124
313
15
71
750
15
117
147
124
313
71
359
117
53
71
533
591
15
359
53
124
313
71
341
616
71
124
313
447
79
71
130
341
110
117
124
591
244
576
71
195
110
124
71
632
341
79
124
71
447
632
561
341
591
124
359
117
124
750
244
671
71
124
313
447
79
71
124
591
15
359
124
244
71
528
359
79
71
591
359
124
447
616
447
15
53
71
286
286
71
341
417
15
591
528
313
15
750
632
447
117
147
750
244
71
591
359
124
447
616
447
15
53
71
286
286
71
533
244
71
124
313
15
71
561
15
341
561
750
15
71
447
117
71
124
313
15
447
591
71
53
529
341
750
110
124
447
341
71
15
79
124
309
552
425
552
743
552
475
15
632
341
130
591
359
124
447
130
71
15
675
561
591
15
79
79
447
341
117
71
447
117
71
124
313
15
71
133
110
117
15
71
15
750
15
130
124
447
341
117
576
71
167
359
632
447
15
117
248
71
113
359
117
71
244
341
110
71
124
15
750
750
71
632
15
671
71
292
359
124
313
15
591
671
71
313
341
528
71
124
313
15
591
15
71
130
359
117
71
533
15
71
359
71
616
359
447
591
71
15
750
15
130
124
447
341
117
71
447
117
71
124
313
447
79
71
130
341
110
117
124
591
244
71
528
313
15
117
71
124
313
15
71
632
341
79
124
71
561
341
528
15
591
616
110
750
71
130
341
110
117
124
591
244
71
447
117
71
124
313
15
71
528
341
591
750
53
71
124
313
591
15
359
124
15
117
79
71
528
359
591
745
71
748
313
447
79
71
447
79
71
117
341
124
71
124
313
15
71
528
447
750
750
71
341
616
71
124
313
15
71
561
15
341
561
750
15
77
71
447
124
71
447
79
71
124
313
15
71
616
15
359
591
71
341
616
71
124
313
15
71
561
15
341
561
750
15
576
71
113
359
124
313
341
750
447
130
71
634
591
447
15
79
124
248
71
368
341
528
71
53
359
591
15
71
244
341
110
71
124
359
750
283
71
124
341
71
632
15
71
447
117
71
124
313
15
71
313
341
110
79
15
71
341
616
71
32
341
53
576
71
113
359
124
313
341
750
447
130
71
634
591
447
15
79
124
248
71
529
447
750
15
117
130
15
390
71
167
359
632
447
15
117
71
115
330
167
341
117
341
417
359
117
671
71
244
341
110
330
591
15
71
359
71
53
447
79
147
591
359
130
15
71
124
341
71
124
313
15
71
632
15
632
341
591
244
71
341
616
71
244
341
110
591
71
561
359
591
15
117
124
79
576
71
740
15
79
671
71
147
15
124
71
341
110
124
390
71
113
341
117
147
591
15
147
359
124
447
341
117
71
59
15
632
533
15
591
248
71
748
313
15
71
292
591
15
15
286
529
124
359
124
15
71
113
341
117
79
124
447
124
110
124
447
341
117
71
528
359
79
71
341
117
750
244
71
561
591
447
117
124
15
53
71
124
313
15
71
632
341
591
117
447
117
147
71
341
616
71
124
313
15
71
15
750
15
130
124
447
341
117
576
71
529
341
71
117
341
533
341
53
244
71
313
359
53
71
124
447
632
15
71
124
341
71
286
286
71
113
359
124
313
341
750
447
130
71
634
591
447
15
79
124
248
71
740
341
110
117
147
71
750
359
53
244
671
71
124
313
447
79
71
447
79
71
117
341
124
71
124
313
15
71
632
359
591
283
15
124
561
750
359
130
15
576
71
529
447
124
71
53
341
528
117
390
71
529
313
110
124
71
110
561
390
71
115
591
71
147
15
124
71
341
110
124
71
632
244
71
130
313
110
591
130
313
390
71
167
359
632
447
15
117
248
71
198
117
53
71
341
117
130
15
71
359
147
359
447
117
671
71
124
313
15
71
113
359
124
313
341
750
447
130
71
113
313
110
591
130
313
671
71
528
447
124
313
71
313
341
117
341
591
359
533
750
15
71
15
675
130
15
561
124
447
341
117
671
71
79
447
53
15
79
71
528
447
124
313
71
124
313
15
71
591
447
130
313
576
71
113
359
124
313
341
750
447
130
71
634
591
447
15
79
124
248
71
32
15
124
71
341
110
124
390
390
