53
272
938
514
589
124
942
272
530
648
336
450
272
942
514
272
942
450
582
582
272
8
514
686
272
942
530
571
589
169
185
272
648
246
450
272
819
648
938
946
272
953
336
450
246
8
819
514
938
8
272
723
589
514
902
185
272
942
530
571
589
169
185
272
648
246
450
272
819
648
938
946
272
53
942
124
185
272
648
272
938
450
354
246
450
185
185
571
514
589
946
272
953
336
450
246
8
819
514
938
8
124
185
272
514
686
942
272
514
730
272
902
514
246
723
272
514
246
272
185
547
648
246
450
938
272
514
730
272
582
514
185
571
589
169
272
942
530
450
571
246
272
520
514
819
946
272
472
530
450
272
938
514
582
582
648
246
272
819
686
8
185
272
648
272
589
571
547
723
450
734
514
582
686
942
571
514
272
450
185
942
671
73
492
671
826
73
211
582
124
185
272
902
514
246
942
530
22
272
819
648
589
723
185
272
648
246
450
272
169
514
571
589
169
272
819
686
185
942
22
272
185
530
514
354
723
450
450
354
450
246
185
272
723
450
450
354
272
648
272
169
686
589
272
686
589
938
450
246
272
942
530
450
272
547
514
686
589
942
450
246
946
272
689
686
589
723
185
272
648
246
450
272
246
686
589
589
571
589
169
272
902
571
582
938
272
571
589
272
942
530
450
272
185
942
246
450
450
942
272
648
589
938
272
942
530
450
246
450
124
185
272
589
514
819
514
938
8
272
648
589
8
902
530
450
246
450
272
902
530
514
272
185
450
450
346
185
272
942
514
272
723
589
514
902
272
902
530
648
942
272
942
514
272
938
514
22
272
648
589
938
272
942
530
450
246
450
124
185
272
589
514
272
450
589
938
272
942
514
272
571
942
946
272
289
450
272
723
589
514
902
272
942
530
450
272
648
571
246
272
571
185
272
686
589
730
571
942
272
942
514
272
819
246
450
648
942
530
450
272
648
589
938
272
514
686
246
272
730
514
514
938
272
571
185
272
686
589
730
571
942
272
942
514
272
450
648
942
22
272
648
589
938
272
902
450
272
185
571
942
272
902
648
942
547
530
571
589
169
272
514
686
246
272
472
506
185
272
902
530
571
582
450
272
185
514
346
450
272
582
514
547
648
582
272
589
450
902
185
547
648
185
942
450
246
272
942
450
582
582
185
272
686
185
272
942
530
648
942
272
942
514
938
648
8
272
902
450
272
530
648
938
272
730
571
730
942
450
450
589
272
530
514
346
571
547
571
938
450
185
272
648
589
938
272
185
571
137
942
8
43
942
530
246
450
450
272
336
571
514
582
450
589
942
272
547
246
571
346
450
185
22
272
648
185
272
571
730
272
942
530
648
942
124
185
272
942
530
450
272
902
648
8
272
571
942
124
185
272
185
686
354
354
514
185
450
938
272
942
514
272
819
450
946
272
289
450
272
723
589
514
902
272
942
530
571
589
169
185
272
648
246
450
272
819
648
938
272
43
272
902
514
246
185
450
272
942
530
648
589
272
819
648
938
946
272
472
530
450
8
124
246
450
272
547
246
648
753
8
946
272
53
942
124
185
272
582
571
723
450
272
450
336
450
246
8
942
530
571
589
169
272
450
336
450
246
8
902
530
450
246
450
272
571
185
272
169
514
571
589
169
272
547
246
648
753
8
22
272
185
514
272
902
450
272
938
514
589
124
942
272
169
514
272
514
686
942
272
648
589
8
346
514
246
450
946
272
289
450
272
185
571
942
272
571
589
272
942
530
450
272
530
514
686
185
450
22
272
648
589
938
272
185
582
514
902
582
8
272
942
530
450
272
902
514
246
582
938
272
902
450
272
648
246
450
272
582
571
336
571
589
169
272
571
589
272
571
185
272
169
450
942
942
571
589
169
272
185
346
648
582
582
450
246
22
272
648
589
938
272
648
582
582
272
902
450
272
185
648
8
272
571
185
917
272
124
689
582
450
648
185
450
22
272
648
942
272
582
450
648
185
942
272
582
450
648
336
450
272
686
185
272
648
582
514
589
450
272
571
589
272
514
686
246
272
582
571
336
571
589
169
272
246
514
514
346
185
946
272
369
450
942
272
346
450
272
530
648
336
450
272
346
8
272
942
514
648
185
942
450
246
272
648
589
938
272
346
8
272
472
506
272
648
589
938
272
346
8
272
185
942
450
450
582
43
819
450
582
942
450
938
272
246
648
938
571
648
582
185
272
648
589
938
272
53
272
902
514
589
124
942
272
185
648
8
272
648
589
8
942
530
571
589
169
946
272
771
686
185
942
272
582
450
648
336
450
272
686
185
272
648
582
514
589
450
946
124
272
289
450
582
582
22
272
53
124
346
272
589
514
942
272
169
514
589
589
648
272
582
450
648
336
450
272
8
514
686
272
648
582
514
589
450
946
272
53
272
902
648
589
942
272
8
514
686
272
942
514
272
169
450
942
272
427
848
128
674
272
53
272
938
514
589
124
942
272
902
648
589
942
272
8
514
686
272
942
514
272
354
246
514
942
450
185
942
946
272
53
272
938
514
589
124
942
272
902
648
589
942
272
8
514
686
272
942
514
272
246
571
514
942
272
43
272
53
272
938
514
589
124
942
272
902
648
589
942
272
8
514
686
272
942
514
272
902
246
571
942
450
272
942
514
272
8
514
686
246
272
547
514
589
169
246
450
185
185
346
648
589
22
272
819
450
547
648
686
185
450
272
53
272
902
514
686
582
938
589
124
942
272
723
589
514
902
272
902
530
648
942
272
942
514
272
942
450
582
582
272
8
514
686
272
942
514
272
902
246
571
942
450
946
272
53
272
938
514
589
124
942
272
723
589
514
902
272
902
530
648
942
272
942
514
272
938
514
272
648
819
514
686
942
272
942
530
450
272
938
450
354
246
450
185
185
571
514
589
272
648
589
938
272
942
530
450
272
571
589
730
582
648
942
571
514
589
272
648
589
938
272
942
530
450
272
342
686
185
185
571
648
589
185
272
648
589
938
272
942
530
450
272
547
246
571
346
450
272
571
589
272
942
530
450
272
185
942
246
450
450
942
946
272
848
582
582
272
53
272
723
589
514
902
272
571
185
272
942
530
648
942
272
730
571
246
185
942
272
8
514
686
124
336
450
272
169
514
942
272
942
514
272
169
450
942
272
346
648
938
946
272
411
185
530
514
686
942
571
589
169
684
272
565
514
686
124
336
450
272
169
514
942
272
942
514
272
185
648
8
917
272
124
53
124
346
272
648
272
530
686
346
648
589
272
819
450
571
589
169
22
272
169
514
938
43
938
648
346
346
571
942
674
272
427
8
272
582
571
730
450
272
530
648
185
272
336
648
582
686
450
674
124
272
734
514
22
272
53
272
902
648
589
942
272
8
514
686
272
942
514
272
169
450
942
272
686
354
272
589
514
902
946
272
53
272
902
648
589
942
272
648
582
582
272
514
730
272
8
514
686
272
942
514
272
169
450
942
272
686
354
272
514
686
942
272
514
730
272
8
514
686
246
272
547
530
648
571
246
185
946
272
53
272
902
648
589
942
272
8
514
686
272
942
514
272
169
450
942
272
686
354
272
246
571
169
530
942
272
589
514
902
272
648
589
938
272
169
514
272
942
514
272
942
530
450
272
902
571
589
938
514
902
946
272
661
354
450
589
272
571
942
22
272
648
589
938
272
185
942
571
547
723
272
8
514
686
246
272
530
450
648
938
272
514
686
942
22
272
648
589
938
272
8
450
582
582
917
272
53
124
346
272
648
185
272
346
648
938
272
648
185
272
530
450
582
582
22
272
648
589
938
272
53
124
346
272
589
514
942
272
169
514
589
589
648
272
942
648
723
450
272
942
530
571
185
272
648
589
8
346
514
246
450
674
