123
108
350
148
696
469
808
140
350
350
350
161
674
872
140
749
170
498
148
749
872
872
161
148
498
674
148
114
371
29
872
114
872
161
49
148
170
696
498
469
114
114
148
191
674
108
498
774
767
148
674
65
148
29
872
469
749
331
148
371
148
617
371
469
108
161
148
123
371
749
170
350
148
664
774
371
498
148
498
774
872
148
774
872
114
114
148
469
140
148
498
774
371
498
466
148
664
774
371
498
148
469
140
148
767
674
688
108
148
808
674
498
498
674
148
774
872
108
872
466
148
617
674
767
140
452
148
469
749
65
674
108
808
148
674
749
148
767
674
688
108
148
727
114
371
140
140
808
371
498
872
140
148
371
749
161
148
140
371
313
872
148
767
674
688
108
148
774
469
161
872
626
148
371
749
767
498
774
469
749
331
148
140
774
674
108
498
148
674
65
148
498
774
371
498
148
191
872
170
108
872
148
331
674
749
749
371
148
29
688
108
749
148
767
674
688
148
371
498
148
498
774
872
148
140
498
371
770
872
466
148
664
872
114
114
452
148
331
872
749
498
114
872
808
872
749
452
148
191
774
872
749
148
498
774
872
148
140
774
469
498
148
774
469
498
140
148
498
774
872
148
65
371
749
148
140
674
808
872
148
331
688
767
140
148
108
688
749
148
371
749
161
148
140
674
808
872
148
331
688
767
140
148
140
498
371
767
350
148
171
872
108
872
170
140
148
735
774
371
108
114
469
872
148
65
371
727
469
749
331
148
498
774
872
148
65
469
108
872
626
148
371
749
161
148
498
774
872
108
872
170
140
148
907
872
674
108
331
872
148
774
469
161
469
749
170
148
469
749
148
29
469
331
148
571
371
161
161
767
170
140
148
854
674
727
770
872
498
287
148
102
749
161
148
191
774
371
498
148
371
108
872
148
767
674
688
148
161
674
469
749
170
466
148
681
674
688
170
108
872
148
331
674
749
749
371
148
108
872
191
371
108
161
148
907
872
674
108
331
872
148
371
749
161
148
161
872
140
498
108
674
767
148
735
774
371
108
114
469
872
350
148
480
148
161
674
749
170
498
148
770
749
674
191
148
191
774
674
148
191
872
749
498
148
498
674
148
498
774
469
140
148
854
114
371
727
872
452
148
664
469
114
114
469
371
808
148
171
674
191
371
108
161
148
823
371
65
498
452
148
664
469
114
114
469
371
808
148
64
872
749
749
469
749
331
140
148
617
108
767
371
749
452
148
664
469
114
114
469
371
808
148
823
872
114
114
148
463
463
148
191
774
674
872
313
872
108
350
148
823
774
872
469
108
148
140
854
469
108
469
498
148
469
140
148
161
872
371
161
350
350
350
469
65
148
498
774
872
767
148
872
313
872
108
148
774
371
161
148
674
749
872
350
148
480
498
170
140
148
331
674
749
872
350
148
681
674
688
170
108
872
148
29
688
469
114
161
469
749
331
148
371
148
108
371
498
148
140
774
469
854
148
774
872
108
872
350
148
102
148
313
872
140
140
872
114
148
65
674
108
148
140
872
371
463
331
674
469
749
170
148
140
749
469
498
727
774
872
140
350
148
102
749
161
148
469
65
148
767
674
688
148
498
774
469
749
770
148
767
674
688
108
148
854
108
872
854
371
108
469
696
674
114
688
498
469
674
148
872
140
498
58
730
601
322
58
551
761
749
331
148
498
774
872
140
872
148
808
469
749
749
674
191
140
148
65
674
108
148
808
371
749
774
674
674
161
452
148
767
674
688
148
29
872
498
498
872
108
148
498
774
469
749
770
148
371
331
371
469
749
452
148
29
872
727
371
688
140
872
148
480
148
140
371
767
148
767
674
688
148
371
108
872
148
770
469
114
114
469
749
331
148
498
774
872
148
313
872
108
767
148
140
854
469
108
469
498
148
498
774
469
140
148
469
749
140
498
469
498
688
498
469
674
749
148
854
108
674
727
114
371
469
808
140
148
469
498
148
469
749
140
498
469
114
114
140
287
148
664
774
371
498
148
371
148
140
774
371
808
350
148
664
774
371
498
148
770
469
749
161
148
674
65
148
371
148
140
774
674
191
148
371
108
872
148
767
674
688
148
331
688
767
140
148
854
688
498
498
469
749
170
148
674
749
148
774
872
108
872
148
498
674
161
371
767
350
148
480
148
808
872
371
749
452
148
498
774
872
148
674
749
114
767
148
727
114
371
140
140
148
469
749
148
498
774
469
140
148
371
727
498
148
469
140
148
140
469
498
498
469
749
170
148
749
872
292
498
148
498
674
148
808
872
350
148
102
749
161
148
480
170
808
148
774
872
108
872
148
498
674
148
498
872
114
114
148
767
371
148
498
774
469
140
148
29
674
767
170
140
148
140
674
688
114
148
469
140
148
469
749
498
371
727
498
350
148
480
498
170
140
148
749
674
749
463
749
872
331
674
498
469
371
29
114
872
350
148
681
674
688
148
770
749
674
191
148
774
674
191
148
480
148
770
749
674
191
466
148
696
674
808
872
674
749
872
148
774
872
108
872
148
463
148
371
749
161
148
480
170
808
148
749
674
498
148
331
674
749
749
371
148
140
371
767
148
191
774
674
148
463
148
674
65
65
872
108
872
161
148
498
674
148
29
688
767
148
469
498
350
148
12
749
114
767
148
735
774
371
108
114
469
872
148
774
872
108
872
148
191
371
140
749
170
498
148
140
872
114
114
469
749
170
350
