176
180
376
306
339
180
376
306
307
294
193
412
180
294
4
401
180
401
4
180
179
4
126
193
180
328
193
307
193
183
180
176
180
376
306
339
180
376
306
307
294
193
412
183
180
385
328
193
227
180
376
306
307
294
193
412
180
126
193
359
180
284
215
4
294
284
401
180
339
401
306
294
412
180
330
193
328
308
294
412
180
401
328
306
401
180
179
4
291
291
308
294
183
284
180
47
390
401
180
376
328
227
180
339
328
4
390
201
412
180
176
180
328
193
193
412
180
339
390
179
328
180
306
180
376
306
307
294
308
294
400
292
180
376
328
193
294
180
306
180
328
193
306
307
401
330
193
306
401
180
308
339
180
339
308
201
193
294
401
180
306
294
412
180
306
180
179
328
308
201
412
180
201
308
193
339
180
412
193
306
412
218
180
284
215
4
294
284
401
180
339
401
306
294
412
180
330
193
328
308
294
412
180
401
328
308
339
180
179
4
291
291
308
294
183
284
180
385
328
306
401
180
330
4
227
180
376
306
339
180
306
339
180
178
390
307
193
180
306
294
412
180
306
339
180
308
294
294
4
179
193
294
401
180
306
339
180
401
328
193
180
412
307
308
214
193
294
180
339
294
4
376
183
180
47
390
401
180
176
180
126
390
339
401
180
339
401
306
294
412
180
328
193
307
193
180
330
193
179
306
390
339
193
180
176
180
328
306
214
193
180
294
4
401
180
400
308
214
193
294
180
227
4
390
180
376
328
306
401
180
227
4
390
180
339
328
4
390
201
412
180
328
306
214
193
183
180
172
294
401
308
201
180
376
193
180
179
306
294
180
376
306
201
236
180
306
330
307
4
306
412
180
306
294
412
180
307
193
179
307
193
306
401
193
180
4
390
307
339
193
201
214
193
339
292
180
390
294
401
308
201
180
376
193
180
179
306
294
180
339
401
307
4
201
201
180
306
201
4
294
400
180
401
328
193
180
339
401
307
193
193
401
339
180
201
308
236
193
180
330
4
390
201
193
214
306
307
412
339
292
180
179
4
294
400
307
193
400
306
401
193
180
308
294
180
178
306
307
236
339
180
291
307
193
193
180
291
307
4
126
180
291
193
306
307
292
180
4
390
307
180
291
306
126
308
201
308
193
339
180
126
308
294
400
201
308
294
400
292
180
4
390
307
180
179
328
308
201
412
307
193
294
180
201
306
390
400
328
308
294
400
292
180
4
390
307
180
328
193
306
307
401
339
180
163
4
308
294
193
412
180
128
180
390
294
401
308
201
180
401
328
306
401
180
412
306
227
292
180
376
193
180
328
306
214
193
180
294
4
180
179
308
401
227
183
180
224
4
390
180
179
306
294
180
201
306
330
193
201
180
126
193
180
306
180
291
306
308
201
390
307
193
180
390
294
401
308
201
180
401
328
306
401
180
412
306
227
183
180
385
328
193
180
291
308
307
339
401
180
306
294
412
180
178
193
307
328
306
178
339
180
4
294
201
227
180
400
307
193
306
401
180
126
306
227
4
307
180
376
306
339
180
156
307
193
193
236
183
180
80
193
180
376
306
339
180
72
193
307
308
179
201
193
339
180
4
291
180
259
401
328
193
294
339
292
180
306
294
412
180
328
193
180
201
308
214
193
412
180
339
4
126
193
180
381
292
326
120
120
180
227
193
306
307
339
180
306
400
4
292
180
306
294
412
180
328
193
180
339
306
308
412
359
180
284
259
201
201
180
401
328
308
294
400
339
180
400
4
4
412
180
4
291
180
401
328
308
339
180
122
306
307
401
328
180
291
201
4
376
180
308
294
401
4
180
401
328
193
180
324
308
401
227
292
180
330
193
179
306
390
339
193
180
4
291
180
401
328
193
180
324
308
401
227
284
339
180
400
307
193
306
401
294
193
339
339
183
284
180
387
193
201
201
292
180
376
193
180
376
193
307
193
180
400
307
193
306
401
180
4
294
179
193
183
180
324
306
294
180
376
193
180
294
4
401
180
330
193
180
400
307
193
306
401
180
306
400
306
308
294
218
180
142
4
376
292
180
176
180
178
390
401
180
401
328
306
401
180
345
390
193
339
401
308
4
294
180
401
4
180
6
306
126
193
339
180
47
4
294
193
292
180
306
294
412
180
401
328
193
307
193
284
339
180
4
294
201
227
180
339
308
201
193
294
179
193
183
180
224
193
401
180
179
4
390
201
412
180
294
4
401
180
339
4
126
193
401
328
308
294
400
180
178
306
339
339
180
291
307
4
126
180
401
328
308
339
180
339
376
193
193
401
180
227
4
390
401
328
180
401
4
180
126
193
218
180
324
4
390
201
412
180
328
193
180
294
4
401
180
193
126
178
4
376
193
307
180
126
193
180
401
4
180
291
308
294
412
180
308
294
180
126
227
339
193
201
291
180
401
328
193
180
339
401
307
193
294
400
401
328
427
4
201
390
401
308
4
180
193
339
401
217
356
145
145
217
381
213
180
401
4
180
328
306
214
193
180
401
328
193
180
236
294
4
376
201
193
412
400
193
180
401
4
180
339
390
126
126
4
294
180
390
178
180
401
328
193
180
179
4
390
307
306
400
193
180
401
4
180
306
179
179
4
126
178
201
308
339
328
180
401
328
308
339
180
339
193
193
126
308
294
400
201
227
180
308
294
339
390
307
126
4
390
294
401
306
330
201
193
180
401
306
339
236
180
4
291
180
126
306
236
308
294
400
180
306
180
179
308
401
227
180
201
308
214
306
330
201
193
218
180
6
390
339
401
180
201
308
214
306
330
201
193
183
180
385
328
193
307
193
180
376
306
339
180
306
180
178
306
201
306
179
193
180
401
328
306
401
180
376
306
339
180
306
180
179
308
401
227
183
180
176
401
180
376
306
339
180
306
180
178
306
201
306
179
193
94
180
176
401
180
376
306
339
180
306
180
178
306
201
306
179
193
292
180
306
294
412
180
308
401
180
179
306
294
180
330
193
180
306
180
178
306
201
306
179
193
180
306
400
306
308
294
94
180
259
180
178
306
201
306
179
193
292
180
308
294
180
376
328
308
179
328
180
401
328
193
307
193
180
308
339
180
294
4
180
236
308
294
400
180
4
307
180
345
390
193
193
294
292
180
4
307
180
412
390
236
193
339
180
4
307
180
193
306
307
201
339
180
4
307
180
178
307
308
294
179
193
339
292
180
330
390
401
180
339
390
330
163
193
179
401
339
180
306
201
201
183
180
427
390
330
163
193
179
401
339
180
330
193
328
4
201
412
193
294
180
401
4
180
193
306
179
328
180
4
401
328
193
307
292
180
401
4
180
126
306
236
193
180
306
180
330
193
401
401
193
307
180
178
201
306
179
193
180
401
4
180
201
308
214
193
183
180
176
339
180
401
328
306
401
180
401
4
4
180
126
390
179
328
180
401
4
180
306
339
236
218
180
259
307
193
180
376
193
180
306
339
236
308
294
400
180
401
4
4
180
126
390
179
328
180
291
4
307
180
401
328
308
339
176
339
180
308
401
180
330
193
227
4
294
412
180
4
390
307
180
307
193
306
179
328
218
180
47
193
179
306
390
339
193
180
308
291
180
308
401
180
308
339
292
180
401
328
193
294
180
376
193
180
306
307
193
180
294
4
401
328
308
294
400
180
330
390
401
180
339
328
193
193
178
180
330
193
308
294
400
180
328
193
307
412
193
412
180
401
4
180
401
328
193
180
291
308
294
306
201
180
339
201
306
390
400
328
401
193
307
328
4
390
339
193
94
180
176
180
376
308
201
201
180
294
4
401
180
400
4
180
412
4
376
294
292
180
401
328
306
401
180
376
306
227
94
180
176
180
179
328
4
4
339
193
180
401
4
180
291
308
400
328
401
180
330
306
179
236
94
180
176
180
179
328
4
4
339
193
180
401
4
180
307
308
339
193
292
180
294
4
401
180
291
306
201
201
94
180
176
180
179
328
4
4
339
193
180
401
4
180
201
308
214
193
292
180
294
4
401
180
412
308
193
94
180
259
294
412
180
176
180
236
294
4
376
292
180
176
180
236
294
4
376
180
401
328
306
401
180
376
328
306
401
284
339
180
376
308
401
328
308
294
180
126
193
180
308
339
180
306
201
339
4
180
376
308
401
328
308
294
180
227
4
390
183
180
385
328
306
401
284
339
180
376
328
227
180
176
180
306
339
236
180
227
4
390
180
294
4
376
180
401
4
180
163
4
308
294
180
126
193
183
180
6
4
308
294
180
126
193
292
180
307
308
339
193
180
390
178
180
376
308
401
328
180
126
193
292
180
307
308
339
193
180
390
178
180
4
294
180
401
328
193
180
376
308
294
400
339
180
4
291
180
401
328
308
339
180
339
201
306
308
294
180
306
294
400
193
201
183
180
387
193
284
201
201
180
307
193
330
390
308
201
412
180
4
294
180
401
328
193
180
339
4
390
201
180
4
291
180
401
328
308
339
180
201
308
401
401
201
193
180
376
306
307
307
308
4
307
183
180
387
193
180
376
308
201
201
180
178
308
179
236
180
390
178
180
328
308
339
180
339
401
306
294
412
306
307
412
180
306
294
412
180
307
306
308
339
193
180
308
401
180
328
308
400
328
94
180
324
306
307
307
227
180
308
401
180
291
4
307
376
306
307
412
180
390
294
401
308
201
180
401
328
308
339
180
179
308
401
227
180
128
180
227
4
390
307
180
179
308
401
227
180
128
180
4
390
307
180
179
308
401
227
180
128
180
328
308
339
180
179
308
401
227
180
128
180
308
339
180
306
180
178
306
201
306
179
193
180
4
291
180
156
4
412
94
180
176
339
180
306
180
178
306
201
306
179
193
180
4
291
180
156
4
412
94
180
176
180
306
126
180
376
308
401
328
180
227
4
390
292
180
201
308
401
401
201
193
180
6
306
126
193
339
183
180
176
180
306
126
180
227
4
390
