304
466
321
475
409
475
88
404
409
416
476
400
419
409
88
409
308
528
466
476
400
5
409
476
88
475
409
466
528
409
475
442
400
88
117
409
466
476
400
409
416
528
5
404
475
409
466
476
88
466
409
23
528
419
404
400
308
419
409
476
400
5
409
528
416
419
409
475
528
419
194
409
180
107
466
409
304
409
23
528
107
353
404
419
321
466
409
88
353
353
528
416
409
466
476
400
308
409
466
528
409
180
400
353
168
400
217
400
409
466
476
88
466
409
304
409
416
528
107
353
404
409
23
528
308
308
168
466
409
308
107
5
404
400
5
334
409
210
476
400
174
321
353
353
409
442
107
466
409
476
168
308
409
88
416
88
174
409
419
528
416
194
409
88
475
409
304
409
475
476
528
107
353
404
409
476
88
217
400
194
409
174
400
88
5
475
409
88
453
528
334
409
245
400
409
416
88
475
409
88
353
416
88
174
475
409
180
88
404
409
88
419
404
409
168
419
409
466
476
400
48
528
353
107
466
168
528
409
400
475
466
360
360
137
212
204
383
137
409
400
419
404
194
409
476
400
409
168
419
466
400
419
404
400
404
409
466
528
409
466
400
353
353
409
466
476
400
308
409
304
409
117
168
353
353
400
404
409
466
476
528
475
400
409
453
168
5
353
475
409
88
419
404
409
466
476
88
466
409
308
88
419
334
409
534
475
409
168
106
409
304
409
23
528
107
353
404
409
404
528
409
88
419
174
466
476
168
419
453
409
400
147
23
400
442
466
409
102
107
475
466
409
475
168
466
409
88
419
404
409
475
466
88
5
400
194
409
353
168
117
400
409
528
419
400
409
528
106
409
476
168
475
409
475
466
107
106
106
400
404
409
180
168
5
404
475
334
409
533
476
194
409
466
476
400
174
409
117
419
528
416
409
304
409
23
88
419
321
466
409
400
217
400
419
409
308
528
217
400
409
88
409
106
168
419
453
400
5
409
88
419
404
409
304
409
416
528
419
321
466
334
409
304
321
353
353
409
102
107
475
466
409
475
168
466
409
476
400
5
400
409
88
419
404
409
180
400
409
141
107
168
400
466
194
409
102
107
475
466
409
168
419
409
23
88
475
400
409
466
476
400
174
409
404
528
409
475
107
475
442
400
23
466
409
308
400
334
409
210
476
400
174
321
5
400
409
442
5
528
180
88
180
353
174
409
416
88
466
23
476
168
419
453
409
308
400
334
409
242
400
353
353
194
409
353
400
466
409
466
476
400
308
334
409
292
400
466
409
466
476
400
308
409
475
400
400
409
416
476
88
466
409
117
168
419
404
409
528
106
409
88
409
442
400
5
475
528
419
409
304
409
88
308
334
409
304
321
308
409
419
528
466
409
400
217
400
419
409
453
528
419
419
88
409
475
416
88
466
409
466
476
88
466
409
106
353
174
334
409
304
409
476
528
442
400
409
466
476
400
174
409
88
5
400
409
416
88
466
23
476
168
419
453
334
409
210
476
400
174
321
353
353
409
475
400
400
334
409
210
476
400
174
321
353
353
409
475
400
400
409
88
419
404
409
466
476
400
174
321
353
353
409
117
419
528
416
409
88
419
404
409
466
476
400
174
321
353
353
409
475
88
174
194
409
321
242
476
174
194
409
475
476
400
409
416
528
107
353
404
419
321
466
409
400
217
400
419
409
476
88
5
308
409
88
409
106
353
174
