181
195
330
140
150
195
330
140
132
357
258
356
195
357
205
193
195
193
205
195
152
205
266
258
195
60
258
132
258
8
195
181
195
330
140
150
195
330
140
132
357
258
356
8
195
284
60
258
91
195
330
140
132
357
258
356
195
266
258
19
195
160
27
205
357
160
193
195
150
193
140
357
356
195
191
258
60
7
357
356
195
193
60
140
193
195
152
205
18
18
7
357
8
160
195
228
298
193
195
330
60
91
195
150
60
205
298
17
356
195
181
195
60
258
258
356
195
150
298
152
60
195
140
195
330
140
132
357
7
357
310
342
195
330
60
258
357
195
140
195
60
258
140
132
193
191
258
140
193
195
7
150
195
150
7
17
258
357
193
195
140
357
356
195
140
195
152
60
7
17
356
195
17
7
258
150
195
356
258
140
356
134
195
160
27
205
357
160
193
195
150
193
140
357
356
195
191
258
60
7
357
356
195
193
60
7
150
195
152
205
18
18
7
357
8
160
195
284
60
140
193
195
191
205
91
195
330
140
150
195
140
150
195
213
298
132
258
195
140
357
356
195
140
150
195
7
357
357
205
152
258
357
193
195
140
150
195
193
60
258
195
356
132
7
28
258
357
195
150
357
205
330
8
195
228
298
193
195
181
195
266
298
150
193
195
150
193
140
357
356
195
60
258
132
258
195
191
258
152
140
298
150
258
195
181
195
60
140
28
258
195
357
205
193
195
310
7
28
258
357
195
91
205
298
195
330
60
140
193
195
91
205
298
195
150
60
205
298
17
356
195
60
140
28
258
8
195
95
357
193
7
17
195
330
258
195
152
140
357
195
330
140
17
343
195
140
191
132
205
140
356
195
140
357
356
195
132
258
152
132
258
140
193
258
195
205
298
132
150
258
17
28
258
150
342
195
298
357
193
7
17
195
330
258
195
152
140
357
195
150
193
132
205
17
17
195
140
17
205
357
310
195
193
60
258
195
150
193
132
258
258
193
150
195
17
7
343
258
195
191
205
298
17
258
28
140
132
356
150
342
195
152
205
357
310
132
258
310
140
193
258
195
7
357
195
213
140
132
343
150
195
18
132
258
258
195
18
132
205
266
195
18
258
140
132
342
195
205
298
132
195
18
140
266
7
17
7
258
150
195
266
7
357
310
17
7
357
310
342
195
205
298
132
195
152
60
7
17
356
132
283
205
17
298
193
7
205
195
258
150
193
15
347
347
59
347
130
347
258
357
195
17
140
298
310
60
7
357
310
342
195
205
298
132
195
60
258
140
132
193
150
195
322
205
7
357
258
356
195
261
195
298
357
193
7
17
195
193
60
140
193
195
356
140
91
342
195
330
258
195
60
140
28
258
195
357
205
195
152
7
193
91
8
195
33
205
298
195
152
140
357
195
17
140
191
258
17
195
266
258
195
140
195
18
140
7
17
298
132
258
195
298
357
193
7
17
195
193
60
140
193
195
356
140
91
8
195
284
60
258
195
18
7
132
150
193
195
140
357
356
195
213
258
132
60
140
213
150
195
205
357
17
91
195
310
132
258
140
193
195
266
140
91
205
132
195
330
140
150
195
336
132
258
258
343
8
195
209
258
195
330
140
150
195
78
258
132
7
152
17
258
150
195
205
18
195
96
193
60
258
357
150
342
195
140
357
356
195
60
258
195
17
7
28
258
356
195
150
205
266
258
195
345
342
277
130
130
195
91
258
140
132
150
195
140
310
205
342
195
140
357
356
195
60
258
195
150
140
7
356
19
195
160
96
17
17
195
193
60
7
357
310
150
195
310
205
205
356
195
205
18
195
193
60
7
150
195
250
140
132
193
60
195
18
17
205
330
195
7
357
193
205
195
193
60
258
195
126
7
193
91
342
195
191
258
152
140
298
150
258
195
205
18
195
193
60
258
195
126
7
193
91
160
150
195
310
132
258
140
193
357
258
150
150
8
160
195
135
258
17
17
342
195
330
258
195
330
258
132
258
195
310
132
258
140
193
195
205
357
152
258
8
195
126
140
357
195
330
258
195
357
205
193
195
191
258
195
310
132
258
140
193
195
140
310
140
7
357
134
195
80
205
330
342
195
181
195
213
298
193
195
193
60
140
193
195
13
298
258
150
193
7
205
357
195
193
205
195
124
140
266
258
150
195
228
205
357
258
342
195
140
357
356
195
193
60
258
132
258
160
150
195
205
357
17
91
195
150
7
17
258
357
152
258
8
195
33
258
193
195
152
205
298
17
356
195
357
205
193
195
150
205
266
258
193
60
7
357
310
195
213
140
150
150
195
18
132
205
266
195
193
60
7
150
195
150
330
258
258
193
195
91
205
298
193
60
195
193
205
195
266
258
134
195
126
205
298
17
356
195
60
258
195
357
205
193
195
258
266
213
205
330
258
132
195
266
258
195
193
205
195
18
7
357
356
195
7
357
195
266
91
150
258
17
18
195
193
60
258
195
150
193
132
258
357
310
193
60
195
193
205
195
60
140
28
258
195
193
60
258
195
343
357
205
330
17
258
356
310
258
195
193
205
195
150
298
266
266
205
357
195
298
213
195
193
60
258
195
152
205
298
132
140
310
258
195
193
205
195
140
152
152
205
266
213
17
7
150
60
195
193
60
7
150
195
150
258
258
266
7
357
310
17
91
195
7
357
150
298
132
266
205
298
357
193
140
191
17
258
195
193
140
150
343
195
205
18
195
266
140
343
7
357
310
195
140
195
152
7
193
91
195
17
7
28
140
191
17
258
134
195
124
298
150
193
195
17
7
28
140
191
17
258
8
195
284
60
258
132
258
195
330
140
150
195
140
195
213
140
17
140
152
258
195
193
60
140
193
195
330
140
150
195
140
195
152
7
193
91
8
195
181
193
195
330
140
150
195
140
195
213
140
17
140
152
258
89
195
181
193
195
330
140
150
195
140
195
213
140
17
140
152
258
342
195
140
357
356
195
7
193
195
152
140
357
195
191
258
195
140
195
213
140
17
140
152
258
195
140
310
140
7
357
89
195
96
195
213
140
17
140
152
258
342
195
7
357
195
330
60
7
152
60
195
193
60
258
132
258
195
7
150
195
357
205
195
343
7
357
310
195
205
132
195
13
298
258
258
357
342
195
205
132
195
356
298
343
258
150
195
205
132
195
258
140
132
17
150
195
205
132
195
213
132
7
357
152
258
150
342
195
191
298
193
195
150
298
191
322
258
152
193
150
195
140
17
17
8
195
283
298
191
322
258
152
193
150
195
191
258
60
205
17
356
258
357
195
193
205
195
258
140
152
60
195
205
193
60
258
132
342
195
193
205
195
266
140
343
258
195
140
195
191
258
193
193
258
132
195
213
17
140
152
258
195
193
205
195
17
7
28
258
8
195
181
150
195
193
60
140
193
195
193
205
205
195
266
298
152
60
195
193
205
195
140
150
343
134
195
96
132
258
195
330
258
195
140
150
343
7
357
310
195
193
205
205
195
266
298
152
60
195
18
205
132
195
193
60
7
150
181
150
195
7
193
195
191
258
91
205
357
356
195
205
298
132
195
132
258
140
152
60
134
195
228
258
152
140
298
150
258
195
7
18
195
7
193
195
7
150
342
195
193
60
258
357
195
330
258
195
140
132
258
195
357
205
193
60
7
357
310
195
191
298
193
195
150
60
258
258
213
195
191
258
7
357
310
195
60
258
132
356
258
356
195
193
205
195
193
60
258
195
18
7
357
140
17
195
150
17
140
298
310
60
193
258
132
60
205
298
150
258
89
195
181
195
330
7
17
17
195
357
205
193
195
310
205
195
356
205
330
357
342
195
193
60
140
193
195
330
140
91
89
195
181
195
152
60
205
205
150
258
195
193
205
195
18
7
310
60
193
195
191
140
152
343
89
195
181
195
152
60
205
205
150
258
195
193
205
195
132
7
150
258
342
195
357
205
193
195
18
140
17
17
89
195
181
195
152
60
205
205
150
258
195
193
205
195
17
7
28
258
342
195
357
205
193
195
356
7
258
89
195
96
357
356
195
181
195
343
357
205
330
342
195
181
195
343
357
205
330
195
193
60
140
193
195
330
60
140
193
160
150
195
330
7
193
60
7
357
195
266
258
195
7
150
195
140
17
150
205
195
330
7
193
60
7
357
195
91
205
298
8
195
284
60
140
193
160
150
195
330
60
91
195
181
195
140
150
343
195
91
205
298
195
357
205
330
195
193
205
195
322
205
7
357
195
266
258
8
195
124
205
7
357
195
266
258
342
195
132
7
150
258
195
298
213
195
330
7
193
60
195
266
258
342
195
132
7
150
258
195
298
213
195
205
357
195
193
60
258
195
330
7
357
310
150
195
205
18
195
193
60
7
150
195
150
17
140
7
357
195
140
357
310
258
17
8
195
135
258
160
17
17
195
132
258
191
298
7
17
356
195
205
357
195
193
60
258
195
150
205
298
17
195
205
18
195
193
60
7
150
195
17
7
193
193
17
258
195
330
140
132
132
7
205
132
8
195
135
258
195
330
7
17
17
195
213
7
152
343
195
298
213
195
60
7
150
195
150
193
140
357
356
140
132
356
195
140
357
356
195
132
140
7
150
258
195
7
193
195
60
7
310
60
89
195
126
140
132
132
91
195
7
193
195
18
205
132
330
140
132
356
195
298
357
193
7
17
195
193
60
7
150
195
152
7
193
91
195
261
195
91
205
298
132
195
152
7
193
91
195
261
195
205
298
132
195
152
7
193
91
195
261
195
60
7
150
195
152
7
193
91
195
261
195
7
150
195
140
195
213
140
17
140
152
258
195
205
18
195
336
205
356
89
195
181
150
195
140
195
213
140
17
140
152
258
195
205
18
195
336
205
356
89
195
181
195
140
266
195
330
7
193
60
195
91
205
298
342
195
17
7
193
193
17
258
195
124
140
266
258
150
8
195
181
195
140
266
195
91
205
298
