575
402
421
342
365
402
421
342
291
597
429
589
402
597
61
321
402
321
61
402
212
61
559
429
402
332
429
291
429
574
402
575
402
421
342
365
402
421
342
291
597
429
589
574
402
540
332
429
235
402
421
342
291
597
429
589
402
559
429
642
402
434
229
61
597
434
321
402
365
321
342
597
589
402
76
429
332
432
597
589
402
321
332
342
321
402
212
61
604
604
432
597
574
434
402
318
596
321
402
421
332
235
402
365
332
61
596
420
589
402
575
402
332
429
429
589
402
365
596
212
332
402
342
402
421
342
291
597
432
597
631
477
402
421
332
429
597
402
342
402
332
429
342
291
321
76
429
342
321
402
432
365
402
365
432
420
429
597
321
402
342
597
589
402
342
402
212
332
432
420
589
402
420
432
429
365
402
589
429
342
589
43
402
434
229
61
597
434
321
402
365
321
342
597
589
402
76
429
332
432
597
589
402
321
332
432
365
402
212
61
604
604
432
597
574
434
402
540
332
342
321
402
76
61
235
402
421
342
365
402
342
365
402
405
596
291
429
402
342
597
589
402
342
365
402
432
597
597
61
212
429
597
321
402
342
365
402
321
332
429
402
589
291
432
568
429
597
402
365
597
61
421
574
402
318
596
321
402
575
402
559
596
365
321
402
365
321
342
597
589
402
332
429
291
429
402
76
429
212
342
596
365
429
402
575
402
332
342
568
429
402
597
61
321
402
631
432
568
429
597
402
235
61
596
402
421
332
342
321
402
235
61
596
402
365
332
61
596
420
589
402
332
342
568
429
574
402
454
597
321
432
420
402
421
429
402
212
342
597
402
421
342
420
348
402
342
76
291
61
342
589
402
342
597
589
402
291
429
212
291
429
342
321
429
402
61
596
291
365
429
420
568
429
365
477
402
596
597
321
432
420
402
421
429
402
212
342
597
402
365
321
291
61
420
420
402
342
420
61
597
631
402
321
332
429
402
365
321
291
429
429
321
365
402
420
432
348
429
402
76
61
596
420
429
568
342
291
589
365
477
402
212
61
597
631
291
429
631
342
321
429
402
432
597
402
405
342
291
348
365
402
604
291
429
429
402
604
291
61
559
402
604
429
342
291
477
402
61
596
291
402
604
342
559
432
420
432
429
365
402
559
432
597
631
420
432
597
631
477
402
61
596
291
402
212
332
432
420
589
291
429
597
402
420
342
596
631
332
432
597
631
477
402
61
596
291
402
332
429
342
291
321
365
402
198
61
432
597
429
589
402
331
402
596
597
321
432
420
402
321
332
342
321
402
589
342
235
477
402
421
429
402
332
342
568
429
402
597
61
402
212
432
321
235
574
402
213
61
596
402
212
342
597
402
420
342
76
429
420
402
559
429
402
342
402
604
342
432
420
596
291
429
402
596
597
321
432
420
402
321
332
342
321
402
589
342
235
574
402
540
332
429
402
604
432
291
365
321
402
342
597
589
402
405
429
291
332
342
405
365
402
61
597
420
235
402
631
291
429
342
321
402
559
342
235
61
291
402
421
342
365
402
267
291
429
429
348
574
402
630
429
402
421
342
365
402
567
429
291
432
212
420
429
365
402
61
604
402
125
321
332
429
597
365
477
402
342
597
589
402
332
429
402
420
432
568
429
589
402
365
61
559
429
402
501
477
396
268
268
402
235
429
342
291
365
402
342
631
61
477
402
342
597
589
402
332
429
402
365
342
432
589
642
402
434
125
420
420
402
321
332
432
597
631
365
402
631
61
61
589
402
61
604
402
321
332
432
365
402
157
342
291
321
332
402
604
420
61
421
402
432
597
321
61
402
321
332
429
402
192
432
321
235
477
402
76
429
212
342
596
365
429
402
61
604
402
321
332
429
402
192
432
321
235
434
365
402
631
291
429
342
321
597
429
365
365
574
434
402
428
429
420
420
477
402
421
429
402
421
429
291
429
402
631
291
429
342
321
402
61
597
212
429
574
402
192
342
597
402
421
429
402
597
61
321
402
76
429
402
631
291
429
342
321
402
342
631
342
432
597
43
402
217
61
421
477
402
575
402
405
596
321
402
321
332
342
321
402
6
596
429
365
321
432
61
597
402
321
61
402
430
342
559
429
365
402
318
61
597
429
477
402
342
597
589
402
321
332
429
291
429
434
365
402
61
597
420
235
402
365
432
420
429
597
212
429
574
402
213
429
321
402
212
61
596
420
589
402
597
61
321
402
365
61
559
429
321
332
432
597
631
402
405
342
365
365
402
604
291
61
559
402
321
332
432
365
402
365
421
429
429
321
402
235
61
596
321
332
402
321
61
402
559
429
43
402
192
61
596
420
589
402
332
429
402
597
61
321
402
429
559
405
61
421
429
291
402
559
429
402
321
61
402
604
432
597
589
402
432
597
402
559
235
365
429
420
604
402
321
332
429
402
365
321
291
429
597
631
321
332
402
321
61
402
332
342
568
429
402
321
332
429
402
348
597
61
421
420
429
589
631
429
402
321
61
402
365
596
559
559
61
597
402
596
405
402
321
332
429
402
212
61
596
291
342
631
429
402
321
61
402
342
212
212
61
559
405
420
432
365
332
402
321
332
432
365
402
365
429
429
559
432
597
631
420
235
402
432
597
365
596
291
559
61
596
597
321
342
76
420
429
402
321
342
365
348
402
61
604
402
559
342
348
432
597
631
402
342
402
212
432
321
235
402
420
432
568
342
76
420
429
43
402
430
596
365
321
402
420
432
568
342
76
420
429
574
402
540
332
429
291
429
402
421
342
365
402
342
402
405
342
420
342
212
429
402
321
332
342
321
402
421
342
365
402
342
402
212
432
321
235
574
402
575
321
402
421
342
365
402
342
402
405
342
420
342
212
429
636
402
575
321
402
421
342
365
402
342
402
405
342
420
342
212
429
477
402
342
597
589
402
432
321
402
212
342
597
402
76
429
402
342
402
405
342
420
342
212
429
402
342
631
342
432
597
636
402
125
402
405
342
420
342
212
429
477
402
432
597
416
61
420
596
321
432
61
402
429
365
321
152
664
582
268
501
152
163
421
332
432
212
332
402
321
332
429
291
429
402
432
365
402
597
61
402
348
432
597
631
402
61
291
402
6
596
429
429
597
477
402
61
291
402
589
596
348
429
365
402
61
291
402
429
342
291
420
365
402
61
291
402
405
291
432
597
212
429
365
477
402
76
596
321
402
365
596
76
198
429
212
321
365
402
342
420
420
574
402
416
596
76
198
429
212
321
365
402
76
429
332
61
420
589
429
597
402
321
61
402
429
342
212
332
402
61
321
332
429
291
477
402
321
61
402
559
342
348
429
402
342
402
76
429
321
321
429
291
402
405
420
342
212
429
402
321
61
402
420
432
568
429
574
402
575
365
402
321
332
342
321
402
321
61
61
402
559
596
212
332
402
321
61
402
342
365
348
43
402
125
291
429
402
421
429
402
342
365
348
432
597
631
402
321
61
61
402
559
596
212
332
402
604
61
291
402
321
332
432
365
575
365
402
432
321
402
76
429
235
61
597
589
402
61
596
291
402
291
429
342
212
332
43
402
318
429
212
342
596
365
429
402
432
604
402
432
321
402
432
365
477
402
321
332
429
597
402
421
429
402
342
291
429
402
597
61
321
332
432
597
631
402
76
596
321
402
365
332
429
429
405
402
76
429
432
597
631
402
332
429
291
589
429
589
402
321
61
402
321
332
429
402
604
432
597
342
420
402
365
420
342
596
631
332
321
429
291
332
61
596
365
429
636
402
575
402
421
432
420
420
402
597
61
321
402
631
61
402
589
61
421
597
477
402
321
332
342
321
402
421
342
235
636
402
575
402
212
332
61
61
365
429
402
321
61
402
604
432
631
332
321
402
76
342
212
348
636
402
575
402
212
332
61
61
365
429
402
321
61
402
291
432
365
429
477
402
597
61
321
402
604
342
420
420
636
402
575
402
212
332
61
61
365
429
402
321
61
402
420
432
568
429
477
402
597
61
321
402
589
432
429
636
402
125
597
589
402
575
402
348
597
61
421
477
402
575
402
348
597
61
421
402
321
332
342
321
402
421
332
342
321
434
365
402
421
432
321
332
432
597
402
559
429
402
432
365
402
342
420
365
61
402
421
432
321
332
432
597
402
235
61
596
574
402
540
332
342
321
434
365
402
421
332
235
402
575
402
342
365
348
402
235
61
596
402
597
61
421
402
321
61
402
198
61
432
597
402
559
429
574
402
430
61
432
597
402
559
429
477
402
291
432
365
429
402
596
405
402
421
432
321
332
402
559
429
477
402
291
432
365
429
402
596
405
402
61
597
402
321
332
429
402
421
432
597
631
365
402
61
604
402
321
332
432
365
402
365
420
342
432
597
402
342
597
631
429
420
574
402
428
429
434
420
420
402
291
429
76
596
432
420
589
402
61
597
402
321
332
429
402
365
61
596
420
402
61
604
402
321
332
432
365
402
420
432
321
321
420
429
402
421
342
291
291
432
61
291
574
402
428
429
402
421
432
420
420
402
405
432
212
348
402
596
405
402
332
432
365
402
365
321
342
597
589
342
291
589
402
342
597
589
402
291
342
432
365
429
402
432
321
402
332
432
631
332
636
402
192
342
291
291
235
402
432
321
402
604
61
291
421
342
291
589
402
596
597
321
432
420
402
321
332
432
365
402
212
432
321
235
402
331
402
235
61
596
291
402
212
432
321
235
402
331
402
61
596
291
402
212
432
321
235
402
331
402
332
432
365
402
212
432
321
235
402
331
402
432
365
402
342
402
405
342
420
342
212
429
402
61
604
402
267
61
589
636
402
575
365
402
342
402
405
342
420
342
212
429
402
61
604
402
267
61
589
636
402
575
402
342
559
402
421
432
321
332
402
235
61
596
477
402
420
432
321
321
420
429
402
430
342
559
429
365
574
402
575
402
342
559
402
235
61
596
