34
336
306
678
203
721
606
336
167
162
820
696
336
606
678
336
606
696
559
559
336
786
678
516
336
606
167
764
203
273
338
336
162
399
696
336
346
162
306
18
336
12
820
696
399
786
346
678
306
786
336
371
203
678
139
338
336
606
167
764
203
273
338
336
162
399
696
336
346
162
306
18
336
34
606
721
338
336
162
336
306
696
96
399
696
338
338
764
678
203
18
336
12
820
696
399
786
346
678
306
786
721
338
336
678
516
606
336
678
300
336
139
678
399
371
336
678
399
336
338
685
162
399
696
306
336
678
300
336
559
678
338
764
203
273
336
606
167
696
764
399
336
788
678
346
18
336
128
167
696
336
306
678
559
559
162
399
336
346
516
786
338
336
162
336
203
764
685
371
696
559
721
338
336
139
678
399
606
167
94
336
346
162
203
371
338
336
162
399
696
336
273
678
764
203
273
336
346
516
338
606
94
336
338
167
678
96
371
696
696
96
696
399
338
336
371
696
696
96
336
162
336
273
516
203
336
516
203
306
696
399
336
606
167
696
336
685
678
516
203
606
696
399
18
336
796
516
203
371
338
336
162
399
696
336
399
516
203
203
764
203
273
336
139
764
559
306
336
764
203
336
606
167
696
336
338
606
399
696
696
606
336
162
203
306
336
606
167
696
399
696
721
338
336
203
678
346
678
306
786
336
162
203
786
139
167
696
399
696
336
139
167
678
336
338
696
696
478
338
336
606
678
336
371
203
678
139
336
139
167
162
606
336
606
678
336
306
678
94
336
162
203
306
336
606
167
696
399
696
721
338
336
203
678
336
696
203
306
336
606
678
336
764
606
18
336
808
696
336
371
203
678
139
336
606
167
696
336
162
764
399
336
764
338
336
516
203
300
764
606
336
606
678
336
346
399
696
162
606
167
696
336
162
203
306
336
678
516
399
336
300
678
678
306
336
764
338
336
516
203
300
764
606
336
606
678
336
696
162
606
94
336
162
203
306
336
139
696
336
338
764
606
336
139
162
606
685
167
764
203
273
336
678
516
399
336
128
702
338
336
139
167
764
559
696
336
338
678
478
696
336
559
678
685
162
559
336
203
696
139
338
685
162
338
606
696
399
336
606
696
559
559
338
336
516
338
336
606
167
162
606
336
606
678
306
162
786
336
139
696
336
167
162
306
336
300
764
300
606
696
696
203
336
167
678
478
764
685
764
306
696
338
336
162
203
306
336
338
764
255
606
786
680
606
167
399
696
696
336
820
764
678
559
696
203
606
336
685
399
764
478
696
338
94
336
162
338
336
764
300
336
606
167
162
606
721
338
336
606
167
696
336
139
162
786
336
764
606
721
338
336
338
516
96
96
678
338
696
306
336
606
678
336
346
696
18
336
808
696
336
371
203
678
139
336
606
167
764
203
273
338
336
162
399
696
336
346
162
306
336
680
336
139
678
399
338
696
336
606
167
162
203
336
346
162
306
18
336
128
167
696
786
721
399
696
336
685
399
162
766
786
18
336
34
606
721
338
336
559
764
371
696
336
696
820
696
399
786
606
167
764
203
273
336
696
820
696
399
786
139
167
696
399
696
336
764
338
336
273
678
764
203
273
336
685
399
162
766
786
94
336
338
678
336
139
696
336
306
678
203
721
606
336
273
678
336
678
516
606
336
162
203
786
478
678
399
696
18
336
808
696
336
338
764
606
336
764
203
336
606
167
696
336
167
678
516
338
696
94
336
162
203
306
336
338
559
678
139
559
786
336
606
167
696
336
139
678
399
559
306
336
139
696
336
162
399
696
336
559
764
820
764
203
273
336
764
203
336
764
338
336
273
696
606
606
764
203
273
336
338
478
162
559
559
696
399
94
336
162
203
306
336
162
559
559
336
139
696
336
338
162
786
336
764
338
385
336
721
796
559
696
162
338
696
94
336
162
606
336
559
696
162
338
606
336
559
696
162
820
696
336
516
338
336
162
559
678
203
696
336
764
203
336
678
516
399
336
559
764
820
764
203
273
336
399
678
678
478
338
18
336
185
696
606
336
478
696
336
167
162
820
696
336
478
786
336
606
678
162
338
606
696
399
336
162
203
306
336
478
786
336
128
702
336
162
203
306
336
478
786
336
338
606
696
696
559
680
346
696
559
606
696
306
336
399
162
306
764
162
559
338
336
162
203
306
336
34
336
139
678
203
721
606
336
338
162
786
336
162
203
279
678
559
516
606
764
678
336
696
338
606
692
600
334
600
600
334
224
786
606
167
764
203
273
18
336
190
516
338
606
336
559
696
162
820
696
336
516
338
336
162
559
678
203
696
18
721
336
808
696
559
559
94
336
34
721
478
336
203
678
606
336
273
678
203
203
162
336
559
696
162
820
696
336
786
678
516
336
162
559
678
203
696
18
336
34
336
139
162
203
606
336
786
678
516
336
606
678
336
273
696
606
336
290
598
450
401
336
34
336
306
678
203
721
606
336
139
162
203
606
336
786
678
516
336
606
678
336
96
399
678
606
696
338
606
18
336
34
336
306
678
203
721
606
336
139
162
203
606
336
786
678
516
336
606
678
336
399
764
678
606
336
680
336
34
336
306
678
203
721
606
336
139
162
203
606
336
786
678
516
336
606
678
336
139
399
764
606
696
336
606
678
336
786
678
516
399
336
685
678
203
273
399
696
338
338
478
162
203
94
336
346
696
685
162
516
338
696
336
34
336
139
678
516
559
306
203
721
606
336
371
203
678
139
336
139
167
162
606
336
606
678
336
606
696
559
559
336
786
678
516
336
606
678
336
139
399
764
606
696
18
336
34
336
306
678
203
721
606
336
371
203
678
139
336
139
167
162
606
336
606
678
336
306
678
336
162
346
678
516
606
336
606
167
696
336
306
696
96
399
696
338
338
764
678
203
336
162
203
306
336
606
167
696
336
764
203
300
559
162
606
764
678
203
336
162
203
306
336
606
167
696
336
353
516
338
338
764
162
203
338
336
162
203
306
336
606
167
696
336
685
399
764
478
696
336
764
203
336
606
167
696
336
338
606
399
696
696
606
18
336
598
559
559
336
34
336
371
203
678
139
336
764
338
336
606
167
162
606
336
300
764
399
338
606
336
786
678
516
721
820
696
336
273
678
606
336
606
678
336
273
696
606
336
478
162
306
18
336
765
338
167
678
516
606
764
203
273
706
336
604
678
516
721
820
696
336
273
678
606
336
606
678
336
338
162
786
385
336
721
34
721
478
336
162
336
167
516
478
162
203
336
346
696
764
203
273
94
336
273
678
306
680
306
162
478
478
764
606
401
336
290
786
336
559
764
300
696
336
167
162
338
336
820
162
559
516
696
401
721
336
279
678
94
336
34
336
139
162
203
606
336
786
678
516
336
606
678
336
273
696
606
336
516
96
336
203
678
139
18
336
34
336
139
162
203
606
336
162
559
559
336
678
300
336
786
678
516
336
606
678
336
273
696
606
336
516
96
336
678
516
606
336
678
300
336
786
678
516
399
336
685
167
162
764
399
338
18
336
34
336
139
162
203
606
336
786
678
516
336
606
678
336
273
696
606
336
516
96
336
399
764
273
167
606
336
203
678
139
336
162
203
306
336
273
678
336
606
678
336
606
167
696
336
139
764
203
306
678
139
18
336
335
96
696
203
336
764
606
94
336
162
203
306
336
338
606
764
685
371
336
786
678
516
399
336
167
696
162
306
336
678
516
606
94
336
162
203
306
336
786
696
559
559
385
336
34
721
478
336
162
338
336
478
162
306
336
162
338
336
167
696
559
559
94
336
162
203
306
336
34
721
478
336
203
678
606
336
273
678
203
203
162
336
606
162
371
696
336
606
167
764
338
336
162
203
786
478
678
399
696
401
