147
351
75
307
123
682
151
682
654
307
654
351
78
664
421
163
351
151
151
564
504
511
151
303
654
682
511
421
351
37
654
246
570
602
510
602
593
246
421
651
511
143
564
421
151
351
654
421
696
351
421
37
351
351
447
421
239
511
303
421
656
651
511
143
564
421
68
421
78
511
651
200
654
421
75
307
703
351
421
307
651
334
421
682
78
351
307
421
143
75
307
654
421
654
75
307
654
421
696
351
307
651
37
447
421
68
421
656
651
511
143
421
143
75
307
654
421
334
511
303
421
654
75
682
651
656
421
682
654
421
696
351
307
651
37
564
421
37
511
651
651
334
447
421
498
511
421
696
351
564
421
682
654
200
37
421
301
303
37
654
421
307
421
696
307
78
351
421
303
19
421
143
511
255
78
697
421
307
421
19
511
151
682
654
682
487
682
307
651
200
37
421
143
511
255
78
564
421
37
511
421
654
75
307
654
421
334
511
303
651
296
421
285
351
151
151
307
37
421
151
682
656
351
421
334
511
303
255
37
351
151
285
421
487
307
651
421
143
351
307
255
421
307
421
37
303
682
654
421
307
651
78
421
307
421
654
682
351
421
307
651
78
421
75
307
703
351
421
307
421
301
511
123
447
421
163
75
307
654
421
78
511
421
334
511
303
421
255
351
307
151
151
334
421
143
307
651
651
307
421
656
651
511
143
664
421
120
696
421
68
421
37
511
255
255
334
421
285
511
255
421
143
75
307
654
421
68
421
78
682
78
664
421
498
75
351
255
351
200
37
421
651
511
654
421
307
421
78
307
334
421
296
511
351
37
421
123
334
421
68
421
78
511
651
200
654
421
285
351
351
151
421
255
351
296
255
351
654
447
421
100
511
654
421
123
351
487
307
303
37
351
421
68
200
696
421
682
651
421
75
351
255
351
564
421
511
255
421
123
351
487
307
303
37
351
421
334
511
303
421
654
75
682
651
656
421
68
421
37
75
511
303
151
78
447
421
68
421
151
511
511
656
421
123
307
487
656
421
511
651
421
654
75
351
421
143
307
334
421
68
421
143
307
37
421
654
75
351
651
564
421
307
421
334
511
303
651
296
564
421
37
654
303
19
682
78
421
656
682
78
421
143
75
511
421
487
511
696
696
682
654
654
351
78
421
654
75
307
654
421
654
351
255
255
682
123
151
351
421
487
255
682
696
351
447
421
68
421
143
307
651
651
307
421
654
307
151
656
421
654
511
421
75
682
696
447
421
68
421
143
307
651
651
307
421
654
255
334
421
654
511
421
654
307
151
656
421
37
511
696
351
421
37
351
651
37
351
421
654
511
421
75
682
696
564
421
654
351
151
151
421
75
682
696
421
654
75
351
421
143
307
334
421
654
75
682
651
296
37
421
307
255
351
564
421
123
303
654
421
68
421
487
307
651
200
654
447
421
498
75
307
654
421
656
682
78
200
37
421
151
511
651
296
421
296
511
651
351
421
307
651
78
421
654
75
682
37
421
511
151
78
421
696
307
651
421
682
37
421
307
151
151
421
654
75
307
654
200
37
421
151
351
285
654
447
421
68
421
296
511
654
654
307
421
151
682
703
351
421
143
682
654
75
421
654
75
307
654
447
421
147
351
75
307
123
682
151
682
654
307
654
351
78
664
421
68
654
200
37
421
301
303
37
654
421
307
421
123
303
151
151
37
75
682
654
421
143
511
255
78
447
421
504
511
564
421
334
511
303
421
296
511
421
511
651
421
307
651
78
421
37
654
307
696
19
421
334
511
303
255
421
285
511
255
696
564
421
37
511
651
651
334
564
421
307
651
78
421
37
654
511
19
421
143
307
37
654
682
651
296
421
696
334
421
654
682
696
351
564
421
123
351
487
307
303
37
351
421
654
511
421
654
351
151
151
421
334
511
303
421
654
75
351
421
654
255
303
654
75
564
421
68
421
78
511
651
200
654
421
296
682
703
351
421
307
421
37
75
682
654
