338
277
83
141
46
271
156
172
83
83
83
59
322
134
172
306
89
3
141
306
134
134
59
141
3
322
141
196
254
216
134
196
134
59
6
141
89
46
3
271
196
196
141
35
322
277
3
337
152
141
322
330
141
216
134
271
306
283
141
254
141
163
254
271
277
59
141
338
254
306
89
83
141
4
337
254
3
141
3
337
134
141
337
134
196
196
141
271
172
141
3
337
254
3
336
141
4
337
254
3
141
271
172
141
152
322
261
277
141
156
322
3
3
322
141
337
134
277
134
336
141
163
322
152
172
71
141
271
306
330
322
277
156
141
322
306
141
152
322
261
277
141
340
196
254
172
172
156
254
3
134
172
141
254
306
59
141
172
254
50
134
141
152
322
261
277
141
337
271
59
134
100
141
254
306
152
3
337
271
306
283
141
172
337
322
277
3
141
322
330
141
3
337
254
3
141
35
134
89
277
134
141
283
322
306
306
254
141
216
261
277
306
141
152
322
261
141
254
3
141
3
337
134
141
172
3
254
120
134
336
141
4
134
196
196
71
141
283
134
306
3
196
134
156
134
306
71
141
35
337
134
306
141
3
337
134
141
172
337
271
3
141
337
271
3
172
141
3
337
134
141
330
254
306
141
172
322
156
134
141
283
261
152
172
141
277
261
306
141
254
306
59
141
172
322
156
134
141
283
261
152
172
141
172
3
254
152
83
141
294
134
277
134
89
172
141
202
337
254
277
196
271
134
141
330
254
340
271
306
283
141
3
337
134
141
330
271
277
134
100
141
254
306
59
141
3
337
134
277
134
89
172
141
44
134
322
277
283
134
141
337
271
59
271
306
89
141
271
306
141
216
271
283
141
148
254
59
59
152
89
172
141
189
322
340
120
134
3
326
141
331
306
59
141
35
337
254
3
141
254
277
134
141
152
322
261
141
59
322
271
306
89
336
141
39
322
261
89
277
134
141
283
322
306
306
254
141
277
134
35
254
277
59
141
44
134
322
277
283
134
141
254
306
59
141
59
134
172
3
277
322
152
141
202
337
254
277
196
271
134
83
141
328
141
59
322
306
89
3
141
120
306
322
35
141
35
337
322
141
35
134
306
3
141
3
322
141
3
337
271
172
141
189
196
254
340
134
71
141
4
271
196
196
271
254
156
141
294
322
35
254
277
59
141
252
254
330
3
71
141
4
271
196
196
271
254
156
141
136
134
306
306
271
306
283
172
141
163
277
152
254
306
71
141
4
271
196
196
271
254
156
141
252
134
196
196
141
54
54
141
35
337
322
134
50
134
277
83
141
252
337
134
271
277
141
172
189
271
277
271
3
141
271
172
141
59
134
254
59
83
83
83
271
330
141
3
337
134
152
141
134
50
134
277
141
337
254
59
141
322
306
134
83
141
328
3
89
172
141
283
322
306
134
83
141
39
322
261
89
277
134
141
216
261
271
196
59
271
306
283
141
254
141
277
254
3
141
172
337
271
189
141
337
134
277
134
83
141
331
141
50
134
172
172
134
196
141
330
322
277
141
172
134
254
54
283
322
271
306
89
141
172
306
271
3
340
337
134
172
83
141
331
306
59
141
271
330
141
152
322
261
141
3
337
271
306
120
141
152
322
261
277
141
189
277
134
189
254
277
271
46
322
196
261
3
271
322
141
134
172
3
85
45
85
313
45
94
313
306
283
141
3
337
134
172
134
141
156
271
306
306
322
35
172
141
330
322
277
141
156
254
306
337
322
322
59
71
141
152
322
261
141
216
134
3
3
134
277
141
3
337
271
306
120
141
254
283
254
271
306
71
141
216
134
340
254
261
172
134
141
328
141
172
254
152
141
152
322
261
141
254
277
134
141
120
271
196
196
271
306
283
141
3
337
134
141
50
134
277
152
141
172
189
271
277
271
3
141
3
337
271
172
141
271
306
172
3
271
3
261
3
271
322
306
141
189
277
322
340
196
254
271
156
172
141
271
3
141
271
306
172
3
271
196
196
172
326
141
4
337
254
3
141
254
141
172
337
254
156
83
141
4
337
254
3
141
120
271
306
59
141
322
330
141
254
141
172
337
322
35
141
254
277
134
141
152
322
261
141
283
261
152
172
141
189
261
3
3
271
306
89
141
322
306
141
337
134
277
134
141
3
322
59
254
152
83
141
328
141
156
134
254
306
71
141
3
337
134
141
322
306
196
152
141
340
196
254
172
172
141
271
306
141
3
337
271
172
141
254
340
3
141
271
172
141
172
271
3
3
271
306
89
141
306
134
107
3
141
3
322
141
156
134
83
141
331
306
59
141
328
89
156
141
337
134
277
134
141
3
322
141
3
134
196
196
141
152
254
141
3
337
271
172
141
216
322
152
89
172
141
172
322
261
196
141
271
172
141
271
306
3
254
340
3
83
141
328
3
89
172
141
306
322
306
54
306
134
283
322
3
271
254
216
196
134
83
141
39
322
261
141
120
306
322
35
141
337
322
35
141
328
141
120
306
322
35
336
141
46
322
156
134
322
306
134
141
337
134
277
134
141
54
141
254
306
59
141
328
89
156
141
306
322
3
141
283
322
306
306
254
141
172
254
152
141
35
337
322
141
54
141
322
330
330
134
277
134
59
141
3
322
141
216
261
152
141
271
3
83
141
123
306
196
152
141
202
337
254
277
196
271
134
141
337
134
277
134
141
35
254
172
306
89
3
141
172
134
196
196
271
306
89
83
