22
81
309
288
376
441
159
124
445
178
56
159
316
380
309
127
445
74
445
308
316
129
316
56
445
309
288
376
256
348
288
309
445
74
277
437
445
380
316
316
445
309
288
316
445
437
81
280
127
445
482
159
441
159
309
81
56
280
445
124
376
256
56
309
380
445
316
380
309
81
486
441
159
380
288
316
437
445
159
308
445
74
56
316
441
81
308
437
445
486
280
445
74
56
159
380
288
482
316
308
258
445
437
316
57
376
56
309
81
309
159
376
308
445
376
56
445
309
288
316
445
437
316
81
309
288
445
57
316
308
81
441
309
280
445
207
376
56
445
309
288
376
380
316
445
124
81
256
348
288
309
445
458
159
309
288
445
81
56
482
380
459
445
74
308
445
309
288
316
445
308
81
482
316
445
376
207
445
83
376
437
279
445
458
288
81
309
445
159
380
445
348
376
159
308
348
445
376
308
265
445
74
445
207
376
256
308
437
445
309
288
159
380
445
376
308
445
309
288
316
445
380
309
56
316
316
309
445
437
256
56
159
308
348
445
309
288
316
445
458
316
316
413
127
445
52
308
437
316
56
445
309
288
316
445
6
316
57
256
486
441
159
124
279
445
309
288
316
445
441
81
308
437
380
445
376
207
445
309
288
316
445
68
56
159
380
309
376
124
56
81
124
280
445
458
288
376
445
441
159
129
316
445
159
308
445
441
256
446
256
56
280
445
159
308
445
84
376
308
437
376
308
445
458
159
441
441
445
486
316
445
380
316
159
326
316
437
445
81
308
437
445
437
159
129
159
437
316
437
445
256
57
445
81
348
81
159
308
380
309
445
441
81
308
437
441
316
380
380
445
458
376
56
413
316
56
380
445
81
308
437
445
380
482
81
441
441
445
207
81
56
482
316
56
380
459
445
68
441
441
445
159
308
437
256
380
309
56
280
445
81
308
437
445
81
348
56
159
124
256
441
309
256
56
316
445
458
159
441
441
445
486
316
445
124
376
308
309
56
376
441
441
316
437
445
486
280
445
309
288
316
445
71
309
81
309
316
445
207
376
56
445
309
288
316
445
458
376
56
413
316
56
380
277
445
81
308
437
445
207
81
482
316
56
380
277
445
486
316
308
316
207
159
309
459
445
384
376
309
445
124
376
308
309
316
308
309
445
458
159
309
288
445
380
309
316
81
441
159
308
348
445
280
376
256
56
445
380
81
129
159
308
348
380
279
445
309
288
316
280
277
441
441
445
486
316
445
308
81
309
159
376
308
81
441
159
326
159
308
348
445
309
288
316
445
481
383
445
68
57
376
380
309
441
316
380
445
308
316
446
309
459
445
440
280
445
437
316
81
56
445
486
56
316
309
288
56
316
308
279
445
458
316
445
288
81
129
316
445
81
308
445
376
57
57
376
56
309
256
308
159
309
280
445
207
376
56
445
309
288
316
445
207
159
56
380
309
445
309
159
482
316
445
159
308
445
348
316
308
316
56
81
309
159
376
308
380
445
159
308
445
309
288
159
380
445
124
376
256
308
309
56
280
445
207
376
56
445
57
316
81
124
316
445
81
308
437
445
57
56
376
380
57
316
56
159
309
280
459
445
412
316
445
288
81
129
316
445
309
288
81
309
445
376
57
57
376
56
309
256
71
376
441
256
309
159
376
445
316
380
309
481
315
315
125
481
112
315
308
159
309
280
445
458
159
309
288
376
256
309
445
306
308
348
441
159
380
288
445
380
376
441
437
159
316
56
380
445
482
81
56
124
288
159
308
348
445
256
57
445
81
308
437
445
437
376
458
308
445
376
256
56
445
380
309
56
316
316
309
380
445
81
308
437
445
376
256
309
380
159
437
316
445
376
256
56
445
124
288
256
56
124
288
316
380
445
376
308
445
81
445
71
256
308
437
81
280
445
482
376
56
308
159
308
348
459
445
412
316
445
288
81
129
316
445
309
288
81
309
445
376
57
57
376
56
309
256
308
159
309
280
445
486
316
124
81
256
380
316
445
458
316
445
288
81
129
316
445
380
159
348
308
316
437
445
81
445
309
56
316
81
309
280
445
371
371
445
81
445
309
56
316
81
309
280
445
376
207
445
57
316
81
124
316
459
445
22
81
309
288
376
441
159
124
445
178
56
159
316
380
309
127
445
97
256
159
316
309
459
445
84
316
309
445
482
316
445
56
316
482
159
308
437
445
309
288
376
380
316
445
376
207
445
280
376
256
445
458
288
376
445
288
81
129
316
445
207
376
56
348
376
309
309
316
308
445
376
207
445
309
288
316
445
57
81
380
309
376
56
81
441
445
441
316
309
309
316
56
445
380
159
348
308
316
437
445
486
280
445
22
81
56
437
159
308
81
441
445
84
376
348
256
316
445
81
308
437
445
376
309
288
316
56
445
186
159
380
288
376
57
380
459
445
68
308
309
159
371
76
56
316
81
309
280
159
309
316
445
159
56
56
316
348
256
441
81
56
380
445
288
81
129
316
279
445
81
308
437
445
74
445
365
256
376
309
316
127
445
459
459
459
458
56
316
124
413
316
437
445
74
56
316
441
81
308
437
445
207
56
376
482
445
316
308
437
445
309
376
445
316
308
437
279
445
81
308
437
445
81
441
441
445
309
288
376
380
316
445
458
288
376
445
57
81
56
309
159
124
159
57
81
309
316
445
159
308
445
380
256
124
288
445
124
56
159
482
316
380
445
81
56
316
445
348
256
159
441
309
280
445
376
207
445
309
288
316
445
348
56
81
129
316
380
309
445
380
159
308
380
445
81
308
437
445
482
81
280
445
308
376
309
445
486
316
445
81
486
380
376
441
129
316
437
445
159
308
445
124
376
308
207
316
380
380
159
376
308
279
445
308
376
56
445
81
437
482
159
309
309
316
437
445
309
376
445
416
376
441
280
445
22
376
482
482
256
308
159
376
308
459
445
74
308
445
376
309
288
316
56
445
458
376
56
437
380
127
445
316
446
124
376
482
482
256
308
159
124
81
309
159
376
308
459
445
68
308
437
445
309
288
159
380
445
376
57
159
308
159
376
308
445
376
207
445
309
288
316
445
309
56
316
81
309
280
445
159
380
445
308
376
309
445
403
256
380
309
445
309
288
316
445
376
57
159
308
159
376
308
445
376
207
445
309
288
316
445
22
81
309
288
376
441
159
124
445
22
288
256
56
124
288
459
445
74
309
445
159
380
445
309
288
316
445
376
57
159
308
159
376
308
445
376
207
445
376
309
288
316
56
445
124
288
256
56
124
288
316
380
459
445
68
308
437
445
159
309
445
159
380
445
309
288
316
445
376
57
159
308
159
376
308
445
376
207
445
316
129
316
56
280
445
308
316
458
380
57
81
57
316
56
445
256
57
445
81
308
437
445
437
376
458
308
445
81
308
437
445
309
288
316
445
441
316
308
348
309
288
445
81
308
437
445
486
56
316
81
437
309
288
445
376
207
445
309
288
159
380
445
124
376
256
308
309
56
280
459
445
186
256
309
445
482
376
380
309
445
159
482
57
376
56
309
81
308
309
441
280
279
445
309
288
159
380
445
309
56
316
81
309
280
445
458
81
380
445
56
81
309
159
207
159
316
437
445
371
371
445
376
129
316
56
458
288
316
441
482
159
308
348
441
280
445
56
81
309
159
207
159
316
437
445
371
371
445
486
280
445
309
288
316
445
57
316
376
57
441
316
445
159
308
445
309
288
316
159
56
445
437
316
482
376
124
56
81
309
159
124
445
316
446
57
56
316
380
380
159
376
308
445
159
308
445
309
288
316
445
73
256
308
316
445
316
441
316
124
309
159
376
308
459
445
65
81
482
159
316
308
127
445
22
81
308
445
280
376
256
445
309
316
441
441
445
482
316
279
445
484
81
309
288
316
56
279
445
288
376
458
445
309
288
316
56
316
445
124
81
308
445
486
316
445
81
445
207
81
159
56
445
316
441
316
124
309
159
376
308
445
159
308
445
309
288
159
380
445
124
376
256
308
309
56
280
445
458
288
316
308
445
309
288
316
445
482
376
380
309
445
57
376
458
316
56
207
256
441
445
124
376
256
308
309
56
280
445
159
308
445
309
288
316
445
458
376
56
441
437
445
309
288
56
316
81
309
316
308
380
445
458
81
56
265
445
76
288
159
380
445
159
380
445
308
376
309
445
309
288
316
445
458
159
441
441
445
376
207
445
309
288
316
445
57
316
376
57
441
316
258
445
159
309
445
159
380
445
309
288
316
445
207
316
81
56
445
376
207
445
309
288
316
445
57
316
376
57
441
316
459
445
22
81
309
288
376
441
159
124
445
178
56
159
316
380
309
127
445
416
376
458
445
437
81
56
316
445
280
376
256
445
309
81
441
413
445
309
376
445
482
316
445
159
308
445
309
288
316
445
288
376
256
380
316
445
376
207
445
83
376
437
459
445
22
81
309
288
376
441
159
124
445
178
56
159
316
380
309
127
445
71
159
441
316
308
124
316
372
445
65
81
482
159
316
308
445
404
277
65
376
308
376
129
81
308
279
445
280
376
256
277
56
316
445
81
445
437
159
380
348
56
81
124
316
445
309
376
445
309
288
316
445
482
316
482
376
56
280
445
376
207
445
280
376
256
56
445
57
81
56
316
308
309
380
459
445
160
316
380
279
445
348
316
309
445
376
256
309
372
445
22
376
308
348
56
316
348
81
309
159
376
308
445
440
316
482
486
316
56
127
445
76
288
316
445
484
56
316
316
371
71
309
81
309
316
445
22
376
308
380
309
159
309
256
309
159
376
308
445
458
81
380
445
376
308
441
280
445
57
56
159
308
309
316
437
445
309
288
316
445
482
376
56
308
159
308
348
445
376
207
445
309
288
316
445
316
441
316
124
309
159
376
308
459
445
71
376
445
308
376
486
376
437
280
445
288
81
437
445
309
159
482
316
445
309
376
445
371
371
445
22
81
309
288
376
441
159
124
445
178
56
159
316
380
309
127
445
160
376
256
308
348
445
441
81
437
280
279
445
309
288
159
380
445
159
380
445
308
376
309
445
309
288
316
445
482
81
56
413
316
309
57
441
81
124
316
459
445
71
159
309
445
437
376
458
308
372
445
71
288
256
309
445
256
57
372
445
404
56
445
348
316
309
445
376
256
309
445
482
280
445
124
288
256
56
124
288
372
445
65
81
482
159
316
308
127
445
68
308
437
445
376
308
124
316
445
81
348
81
159
308
279
445
309
288
316
445
22
81
309
288
376
441
159
124
445
22
288
256
56
124
288
279
445
458
159
309
288
445
288
376
308
376
56
81
486
441
316
445
316
446
124
316
57
309
159
376
308
279
445
380
159
437
316
380
445
458
159
309
288
445
309
288
316
445
56
159
124
288
459
445
22
81
309
288
376
441
159
124
445
178
56
159
316
380
309
127
445
83
316
309
445
376
256
309
372
372
