100
735
627
301
134
735
627
301
249
435
538
73
735
435
453
7
735
7
453
735
213
453
625
538
735
39
538
249
538
335
735
100
735
627
301
134
735
627
301
249
435
538
73
335
735
280
39
538
248
735
627
301
249
435
538
73
735
625
538
14
735
104
489
453
435
104
7
735
134
7
301
435
73
735
240
538
39
224
435
73
735
7
39
301
7
735
213
453
326
326
224
435
335
104
735
725
305
7
735
627
39
248
735
134
39
453
305
398
73
735
100
735
39
538
538
73
735
134
305
213
39
735
301
735
627
301
249
435
224
435
63
682
735
627
39
538
435
735
301
735
39
538
301
249
7
240
538
301
7
735
224
134
735
134
224
398
538
435
7
735
301
435
73
735
301
735
213
39
224
398
73
735
398
224
538
134
735
73
538
301
73
103
735
104
489
453
435
104
7
735
134
7
301
435
73
735
240
538
39
224
435
73
735
7
39
224
134
735
213
453
326
326
224
435
335
104
735
280
39
301
7
735
240
453
248
735
627
301
134
735
301
134
735
210
305
249
538
735
301
435
73
735
301
134
735
224
435
435
453
213
538
435
7
735
301
134
735
7
39
538
735
73
249
224
433
538
435
735
134
435
453
627
335
735
725
305
7
735
100
735
625
305
134
7
735
134
7
301
435
73
735
39
538
249
538
735
240
538
213
301
305
134
538
735
100
735
39
301
433
538
735
435
453
7
735
63
224
433
538
435
735
248
453
305
735
627
39
301
7
735
248
453
305
735
134
39
453
305
398
73
735
39
301
433
538
335
735
229
435
7
224
398
735
627
538
735
213
301
435
735
627
301
398
667
735
301
240
249
453
301
73
735
301
435
73
735
249
538
213
249
538
301
7
538
735
453
305
249
134
538
398
433
538
134
682
735
305
435
7
224
398
735
627
538
735
213
301
435
735
134
7
249
453
398
398
735
301
398
453
435
63
735
7
39
538
735
134
7
249
538
538
7
134
735
398
224
667
538
735
240
453
305
398
538
433
301
249
73
134
682
735
213
453
435
63
249
538
63
301
7
538
735
224
435
735
210
301
249
667
134
735
326
249
538
538
735
326
249
453
625
735
326
538
301
249
682
735
453
305
249
735
326
301
625
224
398
224
538
134
735
625
224
435
63
398
224
435
63
682
735
453
305
249
735
213
39
224
398
73
249
538
435
735
398
301
305
63
39
224
435
63
682
735
453
305
249
735
39
538
301
249
7
134
735
329
453
224
435
538
73
735
793
735
305
435
7
224
398
735
7
39
301
7
735
73
301
248
682
735
627
538
735
39
301
433
538
735
435
453
735
213
224
7
248
335
735
729
453
305
735
213
301
435
735
398
301
240
538
398
735
625
538
735
301
735
326
301
224
398
305
249
538
735
305
435
7
224
398
735
7
39
301
7
735
73
301
248
335
735
280
39
538
735
326
224
249
134
7
735
301
435
73
735
210
538
249
39
301
210
134
735
453
435
398
248
735
63
249
538
301
7
735
625
301
248
453
249
735
627
301
134
735
297
249
538
538
667
335
735
597
538
735
627
301
134
735
294
538
249
224
213
398
538
134
735
453
326
735
549
7
39
538
435
134
682
735
301
435
73
735
39
538
735
398
224
433
538
73
735
134
453
625
538
735
146
682
658
490
490
735
248
538
301
249
134
735
301
63
453
682
735
301
435
73
735
39
538
735
134
301
224
73
14
735
104
549
398
398
735
7
39
224
435
63
134
735
63
453
453
73
735
453
326
735
7
39
224
134
735
764
301
249
7
39
735
326
398
453
627
735
224
435
7
453
735
7
39
538
735
230
224
7
248
682
735
240
538
213
301
305
134
538
735
453
326
735
7
39
538
735
230
224
7
248
104
134
735
63
249
538
301
7
435
538
134
134
335
104
735
550
538
398
398
682
735
627
538
735
627
538
249
538
735
63
249
538
301
7
735
453
435
213
538
335
735
230
301
435
735
627
538
735
435
453
7
735
240
538
735
63
249
538
301
7
735
301
63
301
224
435
103
735
52
453
627
682
735
100
735
210
305
7
735
7
39
301
7
735
689
305
538
134
7
224
453
435
735
7
453
735
274
301
625
538
134
735
725
453
435
538
682
735
301
435
73
735
7
39
538
249
538
104
134
735
453
435
398
248
735
134
224
398
538
435
213
538
335
735
729
538
7
735
213
453
305
398
73
735
435
453
7
735
134
453
625
538
7
39
224
435
63
735
210
301
134
134
735
326
249
453
625
735
7
39
224
134
735
134
627
538
538
7
735
248
453
305
7
39
735
7
453
735
625
538
103
735
230
453
305
398
73
735
39
538
735
435
453
7
735
538
625
210
453
627
538
249
735
625
538
735
7
453
735
326
224
435
73
735
224
435
735
625
248
134
538
398
326
735
7
39
538
735
134
7
249
538
435
63
7
39
342
453
398
305
7
224
453
735
538
134
7
480
59
59
498
78
652
490
735
7
453
735
39
301
433
538
735
7
39
538
735
667
435
453
627
398
538
73
63
538
735
7
453
735
134
305
625
625
453
435
735
305
210
735
7
39
538
735
213
453
305
249
301
63
538
735
7
453
735
301
213
213
453
625
210
398
224
134
39
735
7
39
224
134
735
134
538
538
625
224
435
63
398
248
735
224
435
134
305
249
625
453
305
435
7
301
240
398
538
735
7
301
134
667
735
453
326
735
625
301
667
224
435
63
735
301
735
213
224
7
248
735
398
224
433
301
240
398
538
103
735
274
305
134
7
735
398
224
433
301
240
398
538
335
735
280
39
538
249
538
735
627
301
134
735
301
735
210
301
398
301
213
538
735
7
39
301
7
735
627
301
134
735
301
735
213
224
7
248
335
735
100
7
735
627
301
134
735
301
735
210
301
398
301
213
538
639
735
100
7
735
627
301
134
735
301
735
210
301
398
301
213
538
682
735
301
435
73
735
224
7
735
213
301
435
735
240
538
735
301
735
210
301
398
301
213
538
735
301
63
301
224
435
639
735
549
735
210
301
398
301
213
538
682
735
224
435
735
627
39
224
213
39
735
7
39
538
249
538
735
224
134
735
435
453
735
667
224
435
63
735
453
249
735
689
305
538
538
435
682
735
453
249
735
73
305
667
538
134
735
453
249
735
538
301
249
398
134
735
453
249
735
210
249
224
435
213
538
134
682
735
240
305
7
735
134
305
240
329
538
213
7
134
735
301
398
398
335
735
342
305
240
329
538
213
7
134
735
240
538
39
453
398
73
538
435
735
7
453
735
538
301
213
39
735
453
7
39
538
249
682
735
7
453
735
625
301
667
538
735
301
735
240
538
7
7
538
249
735
210
398
301
213
538
735
7
453
735
398
224
433
538
335
735
100
134
735
7
39
301
7
735
7
453
453
735
625
305
213
39
735
7
453
735
301
134
667
103
735
549
249
538
735
627
538
735
301
134
667
224
435
63
735
7
453
453
735
625
305
213
39
735
326
453
249
735
7
39
224
134
100
134
735
224
7
735
240
538
248
453
435
73
735
453
305
249
735
249
538
301
213
39
103
735
725
538
213
301
305
134
538
735
224
326
735
224
7
735
224
134
682
735
7
39
538
435
735
627
538
735
301
249
538
735
435
453
7
39
224
435
63
735
240
305
7
735
134
39
538
538
210
735
240
538
224
435
63
735
39
538
249
73
538
73
735
7
453
735
7
39
538
735
326
224
435
301
398
735
134
398
301
305
63
39
7
538
249
39
453
305
134
538
639
735
100
735
627
224
398
398
735
435
453
7
735
63
453
735
73
453
627
435
682
735
7
39
301
7
735
627
301
248
639
735
100
735
213
39
453
453
134
538
735
7
453
735
326
224
63
39
7
735
240
301
213
667
639
735
100
735
213
39
453
453
134
538
735
7
453
735
249
224
134
538
682
735
435
453
7
735
326
301
398
398
639
735
100
735
213
39
453
453
134
538
735
7
453
735
398
224
433
538
682
735
435
453
7
735
73
224
538
639
735
549
435
73
735
100
735
667
435
453
627
682
735
100
735
667
435
453
627
735
7
39
301
7
735
627
39
301
7
104
134
735
627
224
7
39
224
435
735
625
538
735
224
134
735
301
398
134
453
735
627
224
7
39
224
435
735
248
453
305
335
735
280
39
301
7
104
134
735
627
39
248
735
100
735
301
134
667
735
248
453
305
735
435
453
627
735
7
453
735
329
453
224
435
735
625
538
335
735
274
453
224
435
735
625
538
682
735
249
224
134
538
735
305
210
735
627
224
7
39
735
625
538
682
735
249
224
134
538
735
305
210
735
453
435
735
7
39
538
735
627
224
435
63
134
735
453
326
735
7
39
224
134
735
134
398
301
224
435
735
301
435
63
538
398
335
735
550
538
104
398
398
735
249
538
240
305
224
398
73
735
453
435
735
7
39
538
735
134
453
305
398
735
453
326
735
7
39
224
134
735
398
224
7
7
398
538
735
627
301
249
249
224
453
249
335
735
550
538
735
627
224
398
398
735
210
224
213
667
735
305
210
735
39
224
134
735
134
7
301
435
73
301
249
73
735
301
435
73
735
249
301
224
134
538
735
224
7
735
39
224
63
39
639
735
230
301
249
249
248
735
224
7
735
326
453
249
627
301
249
73
735
305
435
7
224
398
735
7
39
224
134
735
213
224
7
248
735
793
735
248
453
305
249
735
213
224
7
248
735
793
735
453
305
249
735
213
224
7
248
735
793
735
39
224
134
735
213
224
7
248
735
793
735
224
134
735
301
735
210
301
398
301
213
538
735
453
326
735
297
453
73
639
735
100
134
735
301
735
210
301
398
301
213
538
735
453
326
735
297
453
73
639
735
100
735
301
625
735
627
224
7
39
735
248
453
305
682
735
398
224
7
7
398
538
735
274
301
625
538
134
335
735
100
735
301
625
735
248
453
305
