131
37
238
130
386
298
160
298
310
130
310
37
453
341
73
102
37
160
160
138
73
242
345
208
138
73
160
37
310
73
30
37
73
333
37
37
132
73
21
345
4
73
419
242
345
208
138
73
32
73
453
345
242
12
310
73
238
130
281
37
73
130
242
220
73
298
453
37
130
73
208
238
130
310
73
310
238
130
310
73
30
37
130
242
333
132
73
32
73
419
242
345
208
73
208
238
130
310
73
220
345
4
73
310
238
298
242
419
73
298
310
73
30
37
130
242
333
138
73
333
345
242
242
220
132
73
139
345
73
30
37
138
73
298
310
12
333
73
304
4
333
310
73
130
73
30
130
453
37
73
4
221
73
208
345
127
453
95
73
130
73
221
345
160
298
310
298
217
298
130
422
345
160
4
310
298
345
73
37
333
310
305
174
9
439
320
174
360
242
12
333
73
208
345
127
453
138
73
333
345
73
310
238
130
310
73
220
345
4
242
399
73
87
37
160
160
130
333
73
160
298
419
37
73
220
345
4
127
333
37
160
87
73
217
130
242
73
208
37
130
127
73
130
73
333
4
298
310
73
130
242
453
73
130
73
310
298
37
73
130
242
453
73
238
130
281
37
73
130
73
304
345
386
132
73
102
238
130
310
73
453
345
73
220
345
4
73
127
37
130
160
160
220
73
208
130
242
242
130
73
419
242
345
208
341
73
194
30
73
32
73
333
345
127
127
220
73
87
345
127
73
208
238
130
310
73
32
73
453
298
453
341
73
139
238
37
127
37
12
333
73
242
345
310
73
130
73
453
130
220
73
399
345
37
333
73
386
220
73
32
73
453
345
242
12
310
73
87
37
37
160
73
127
37
399
127
37
310
132
73
6
345
310
73
386
37
217
130
4
333
37
73
32
12
30
73
298
242
73
238
37
127
37
138
73
345
127
73
386
37
217
130
4
333
37
73
220
345
4
73
310
238
298
242
419
73
32
73
333
238
345
4
160
453
132
73
32
73
160
345
345
419
73
386
130
217
419
73
345
242
73
310
238
37
73
208
130
220
73
32
73
208
130
333
73
310
238
37
242
138
73
130
73
220
345
4
242
399
138
73
333
310
4
221
298
453
73
419
298
453
73
208
238
345
73
217
345
30
30
298
310
310
37
453
73
310
238
130
310
73
310
37
127
127
298
386
160
37
73
217
127
298
30
37
132
73
32
73
208
130
242
242
130
73
310
130
160
419
73
310
345
73
238
298
30
132
73
32
73
208
130
242
242
130
73
310
127
220
73
310
345
73
310
130
160
419
73
333
345
30
37
73
333
37
242
333
37
73
310
345
73
238
298
30
138
73
310
37
160
160
73
238
298
30
73
310
238
37
73
208
130
220
73
310
238
298
242
399
333
73
130
127
37
138
73
386
4
310
73
32
73
217
130
242
12
310
132
73
139
238
130
310
73
419
298
453
12
333
73
160
345
242
399
73
399
345
242
37
73
130
242
453
73
310
238
298
333
73
345
160
453
73
30
130
242
73
298
333
73
130
160
160
73
310
238
130
310
12
333
73
160
37
87
310
132
73
32
73
399
345
310
310
130
73
160
298
281
37
73
208
298
310
238
73
310
238
130
310
132
73
131
37
238
130
386
298
160
298
310
130
310
37
453
341
73
32
310
12
333
73
304
4
333
310
73
130
73
386
4
160
160
333
238
298
310
73
208
345
127
453
132
73
422
345
138
73
220
345
4
73
399
345
73
345
242
73
130
242
453
73
333
310
130
30
221
73
220
345
4
127
73
87
345
127
30
138
73
333
345
242
242
220
138
73
130
242
453
73
333
310
345
221
73
208
130
333
310
298
242
399
73
30
220
73
310
298
30
37
138
73
386
37
217
130
4
333
37
73
310
345
73
310
37
160
160
73
220
345
4
73
310
238
37
73
310
127
4
310
238
138
73
32
73
453
345
242
12
310
73
399
298
281
37
73
130
73
333
238
298
310
