191
43
125
74
124
258
143
43
229
195
74
130
43
141
229
74
192
109
125
247
74
258
229
74
111
125
141
55
74
141
55
192
74
42
43
125
30
125
74
192
109
125
247
74
258
229
74
178
109
111
125
74
49
30
109
111
167
74
174
55
74
61
247
247
141
50
195
74
179
109
111
109
247
141
209
258
125
55
223
74
174
74
111
141
55
223
74
179
125
74
258
247
74
141
207
109
55
125
74
258
55
74
229
43
125
74
9
55
258
185
125
30
247
125
223
74
174
74
209
9
55
59
125
30
223
74
244
229
258
207
207
74
141
74
111
141
55
223
74
179
125
74
258
247
74
141
207
109
55
125
74
258
55
74
229
43
125
74
9
55
258
185
125
30
247
125
6
74
51
9
229
74
43
125
74
178
109
55
55
125
178
229
247
223
74
179
109
42
167
74
191
43
125
50
74
43
258
229
74
125
141
178
43
74
109
229
43
125
30
223
74
10
109
43
8
74
145
109
74
178
244
109
207
9
229
258
109
74
125
247
229
102
137
151
98
60
98
110
207
125
141
30
125
30
74
42
141
50
74
229
109
74
125
185
141
207
9
141
229
125
74
42
43
125
229
43
125
30
74
109
30
74
55
109
229
74
50
109
9
27
30
125
74
141
207
258
185
125
223
74
145
109
42
6
74
178
109
111
209
207
258
178
141
229
258
109
55
247
223
74
174
74
30
125
141
247
109
55
74
229
109
74
49
258
143
43
229
223
74
244
109
111
125
51
109
192
50
74
192
258
49
49
125
30
125
55
229
223
74
205
258
49
49
125
30
125
55
178
125
74
178
30
125
141
229
125
247
74
192
258
247
209
9
229
125
223
74
205
258
247
209
9
229
125
74
258
247
74
141
74
30
125
141
247
109
55
74
229
109
74
49
258
143
43
229
223
74
191
109
74
49
258
143
43
229
74
258
247
74
141
74
30
125
141
247
109
55
74
229
109
74
49
125
125
207
74
209
141
258
55
223
74
45
258
49
125
74
258
247
74
209
141
258
55
223
74
244
109
74
229
109
74
49
258
143
43
229
74
42
258
229
43
74
30
125
141
247
109
55
74
258
247
74
229
109
74
51
125
74
141
207
258
185
125
74
42
258
229
43
74
30
125
141
247
109
55
223
74
124
258
55
141
207
74
141
55
141
207
50
247
258
247
195
74
191
109
74
49
258
143
43
229
6
74
141
74
30
125
141
247
109
55
74
229
109
74
207
258
185
125
223
74
240
30
109
51
207
125
111
247
74
141
55
192
74
106
109
55
229
30
141
192
258
178
229
258
109
55
247
195
74
245
74
141
111
74
141
55
74
141
55
141
30
178
43
258
247
229
223
74
245
74
51
125
207
258
125
185
125
74
229
43
141
229
74
229
43
125
30
125
74
247
43
109
9
207
192
74
51
125
74
55
109
74
30
9
207
125
247
6
74
109
55
207
50
74
178
43
141
109
247
223
74
124
258
143
43
229
258
55
143
74
141
209
209
125
141
30
247
74
229
109
74
51
125
74
178
43
141
109
247
74
141
55
192
74
42
43
125
55
74
42
125
74
247
207
141
111
74
258
55
74
229
43
125
74
209
258
229
74
141
74
247
43
109
42
74
258
229
74
258
247
223
74
4
9
229
74
42
43
125
55
74
42
125
74
49
258
143
43
229
74
49
109
30
74
141
74
30
125
141
247
109
55
6
74
207
258
59
125
74
30
125
192
55
125
178
59
247
6
74
229
43
125
30
125
27
247
74
141
74
247
50
247
229
125
111
223
74
130
125
74
49
258
143
43
229
74
49
109
30
74
42
43
141
229
74
42
125
74
247
229
141
55
192
74
49
109
30
6
74
178
43
141
109
247
6
74
51
9
229
74
49
258
143
43
229
258
55
143
74
258
247
74
141
74
247
229
30
9
178
229
9
30
125
6
74
229
109
74
125
247
229
141
51
207
258
247
43
74
209
109
42
125
30
6
74
209
109
42
125
30
74
258
247
74
143
109
185
125
30
55
111
125
55
229
74
141
55
192
74
143
109
185
125
30
55
111
125
55
229
74
258
247
74
55
109
229
74
141
55
141
30
178
43
50
223
74
163
109
185
125
30
55
111
125
55
229
74
258
247
74
42
141
30
74
141
55
192
74
42
141
30
74
258
247
74
49
258
143
43
229
258
55
143
223
74
191
43
125
74
178
258
30
178
207
125
74
143
109
125
247
74
207
258
59
125
74
229
43
258
247
195
74
109
9
30
74
30
125
192
55
125
178
59
74
247
59
258
30
111
258
247
43
125
247
74
141
30
125
74
178
43
125
141
209
74
209
125
30
185
125
30
247
258
109
55
247
74
109
49
74
178
109
55
185
125
55
229
258
109
55
141
207
74
42
141
30
49
141
30
125
223
74
130
141
30
74
258
111
209
207
258
125
247
74
125
160
229
30
125
111
125
74
143
109
185
125
30
55
111
125
55
229
74
51
125
178
141
9
247
125
74
42
141
30
247
74
141
30
125
74
49
109
9
143
43
229
74
229
109
74
125
55
49
109
30
178
125
74
30
9
207
125
247
74
109
30
74
258
192
125
141
207
247
6
74
125
185
125
55
74
49
30
125
125
192
109
111
223
74
4
9
229
74
109
229
43
125
30
74
209
125
109
209
207
125
27
247
74
258
192
125
141
207
247
74
49
109
30
178
125
192
74
109
55
74
247
109
111
125
109
55
125
74
125
207
247
125
6
74
125
185
125
55
74
258
49
74
258
229
74
258
247
74
247
109
111
125
229
43
258
55
143
74
207
258
59
125
74
49
30
125
125
192
109
111
6
74
258
247
74
247
229
258
207
207
74
141
74
30
9
207
125
107
74
55
109
229
74
141
55
141
30
178
43
50
223
74
191
43
258
247
74
178
109
55
229
30
141
192
258
178
229
258
109
55
74
42
141
247
74
51
125
178
109
111
258
55
143
74
178
207
125
141
30
74
229
109
74
111
125
74
258
55
74
229
43
125
74
49
141
207
207
74
109
49
74
27
155
134
223
74
61
185
125
55
74
141
247
74
125
141
30
207
50
74
141
247
74
111
50
74
49
258
30
247
229
74
209
141
30
229
50
6
74
27
130
43
50
74
192
258
192
74
245
74
207
109
185
125
74
229
109
74
49
258
143
43
229
167
27
74
245
74
49
30
141
111
125
192
74
258
229
6
74
51
9
229
74
247
229
258
207
207
6
74
245
74
192
109
55
27
229
74
9
55
192
125
30
247
229
141
55
192
74
258
229
223
74
245
229
74
143
109
125
247
74
141
143
141
258
55
247
229
74
111
50
74
51
125
207
258
125
49
247
74
141
247
74
141
74
229
30
9
125
74
141
55
141
30
178
43
258
247
229
223
74
4
9
229
74
229
43
125
30
125
74
258
229
74
42
141
247
223
74
106
109
111
209
125
229
258
229
258
109
55
6
74
49
258
143
43
229
258
55
143
6
74
178
141
209
258
229
141
207
258
247
111
6
74
143
109
185
125
30
55
111
125
55
229
6
74
191
179
61
74
244
198
244
191
61
41
223
74
191
43
141
229
27
247
74
42
43
141
229
74
42
125
74
192
258
192
223
74
245
229
27
247
74
42
43
141
229
74
42
125
74
141
207
42
141
50
247
74
192
258
192
223
74
170
125
192
55
125
178
59
247
74
59
258
178
59
125
192
74
229
43
125
74
247
43
258
229
74
109
9
229
74
109
49
74
209
9
55
59
247
6
74
209
9
55
59
247
74
59
258
178
59
125
192
74
229
43
125
74
247
43
258
229
74
109
9
229
74
109
49
74
111
109
192
247
6
74
111
109
192
247
74
59
258
178
59
125
192
74
229
43
125
74
247
43
258
229
74
109
9
229
74
109
49
74
247
59
258
55
43
125
141
192
247
6
74
247
59
258
55
43
125
141
192
247
74
229
109
109
59
74
109
9
229
74
229
43
125
74
43
125
141
185
50
74
111
125
229
141
207
74
143
9
50
247
6
74
141
55
192
74
229
43
125
74
43
125
141
185
50
74
111
125
229
141
207
74
143
9
50
247
74
51
125
141
229
74
229
43
125
74
207
258
185
258
55
143
74
247
43
258
229
74
109
9
229
74
109
49
74
55
125
42
74
42
141
185
125
30
247
74
141
55
192
74
229
43
125
74
55
125
42
74
42
141
185
125
30
247
74
192
258
192
55
27
229
74
192
109
74
141
55
50
229
43
258
55
143
223
74
191
43
125
50
74
42
125
30
125
74
229
43
125
74
55
125
42
74
43
258
209
209
258
125
247
223
74
244
109
74
42
43
141
229
74
42
141
247
74
229
43
125
74
209
109
258
55
229
167
74
124
258
55
141
207
74
247
9
111
111
141
229
258
109
55
167
74
145
109
55
125
223
