4.166681e-01,3.330421e+00,1.509823e-01,1.871869e+00
4.402039e+00,4.058140e+00,4.850266e+00,-1.484396e+00
2.868162e+00,1.339902e+00,9.568723e-01,-3.708029e-01
8.100839e-02,4.933438e+00,4.290460e+00,1.138350e+00
3.950300e+00,1.341881e+00,1.595482e+00,-1.046526e+00
4.771982e+00,3.812028e+00,1.217301e+00,-6.110620e-01
3.400213e+00,1.059748e+00,4.785987e+00,-1.254506e+00
2.939934e+00,1.555885e-01,3.672037e+00,-1.121555e+00
4.232125e+00,4.929739e+00,1.547578e+00,-1.100146e+00
2.720766e+00,4.567675e+00,4.788958e+00,-1.050147e+00
3.951161e+00,1.088260e+00,1.403926e+00,-8.972174e-01
4.159296e-02,3.897062e+00,1.654974e+00,1.357347e+00
3.878563e+00,4.473167e+00,4.163977e-01,-1.214138e+00
1.198511e+00,4.904970e+00,4.829075e-01,1.699083e+00
2.396637e+00,3.169217e+00,2.224609e-02,-1.385085e-01
4.608167e+00,3.098130e+00,4.618263e-01,-7.130905e-01
1.730715e+00,5.953766e-01,2.386624e+00,9.878006e-01
8.880178e-02,4.940654e+00,3.299947e+00,1.125450e+00
6.689200e-01,1.865290e+00,1.751259e+00,1.898276e+00
2.349457e+00,6.937700e-01,2.103794e+00,1.191038e-01
3.157477e+00,4.995176e+00,1.663455e-01,-9.387349e-01
2.629741e+00,1.182320e-01,1.658082e+00,-2.455957e-01
3.642280e+00,2.769337e+00,1.835249e+00,-1.536044e+00
4.784527e+00,4.779141e+00,1.616111e+00,-5.347112e-01
1.720726e+00,4.388077e+00,2.738435e+00,4.566707e-01
2.250160e+00,4.524831e+00,3.073013e+00,-4.439097e-01
9.712446e-01,3.625533e+00,2.617426e+00,1.195773e+00
3.393329e-01,4.711005e+00,2.096506e+00,1.580658e+00
2.436313e+00,1.040878e-01,4.933863e+00,-2.053636e-01
5.991172e-01,2.294502e+00,9.870461e-02,1.998369e+00
4.598434e+00,3.924091e+00,2.013173e+00,-1.045572e+00
1.997821e+00,1.769108e+00,1.898296e+00,5.856636e-01
3.062215e+00,4.126849e-01,1.689987e+00,-7.090113e-01
1.720921e+00,2.872609e-01,4.991900e+00,9.633056e-01
2.142875e+00,3.944418e+00,5.390902e-01,2.792328e-01
1.452848e+00,4.457224e-01,2.581263e-01,1.786997e+00
3.121808e+00,3.531100e+00,2.698502e+00,-1.597260e+00
2.524186e+00,4.867338e+00,1.703963e+00,-3.592007e-01
4.200426e+00,1.347022e+00,4.179991e+00,-1.306130e+00
3.333853e+00,3.585181e+00,4.787292e+00,-1.753948e+00
1.256425e+00,1.867931e+00,4.274216e+00,1.169355e+00
2.994172e+00,2.897712e+00,1.245677e+00,-9.703372e-01
1.843881e+00,1.978422e-01,8.172264e-01,1.236312e+00
1.595836e+00,3.348280e+00,2.377921e-01,1.086272e+00
4.739033e+00,3.758460e+00,2.453384e+00,-1.029649e+00
2.210400e+00,2.336728e+00,2.602355e+00,-1.581368e-01
3.497935e+00,1.603962e+00,6.901966e-01,-9.070597e-01
2.843158e+00,4.953273e+00,6.813663e-02,-6.157897e-01
4.255445e+00,3.012859e+00,1.963659e+00,-1.354801e+00
1.056731e-01,1.189978e+00,2.165588e+00,1.754453e+00
4.615135e+00,3.277309e+00,4.928532e+00,-1.138072e+00
2.590916e-01,4.441838e+00,1.781146e+00,1.564798e+00
4.420275e+00,3.047090e+00,3.520111e+00,-1.573770e+00
3.072323e+00,8.116330e-02,1.610567e-01,-5.286888e-01
3.483934e+00,1.364862e+00,2.793970e+00,-1.471755e+00
4.935635e-01,1.205444e+00,2.959468e-01,2.218363e+00
1.956046e+00,2.008706e-01,1.876556e+00,7.769008e-01
1.304490e+00,3.765884e+00,3.619623e+00,7.118916e-01
4.907233e+00,2.170365e+00,4.205417e+00,-7.929454e-01
3.391743e+00,3.741332e+00,2.799615e+00,-1.827569e+00
1.368825e+00,2.037839e+00,3.931984e+00,9.185379e-01
1.156049e+00,2.537932e-01,4.238693e-01,2.125364e+00
2.947249e+00,4.587038e+00,3.879636e+00,-1.529377e+00
1.452824e+00,3.522017e+00,4.308330e+00,6.041444e-01
2.817212e+00,4.397894e+00,8.801106e-01,-6.610311e-01
4.814070e+00,4.411429e+00,4.556469e+00,-1.078305e+00
4.012972e+00,1.833171e-01,1.429158e+00,-8.673960e-01
4.316285e+00,3.662695e+00,1.632017e+00,-1.208364e+00
5.895650e-01,2.910038e+00,4.215113e+00,1.268946e+00
4.383361e+00,4.581043e+00,2.695924e+00,-1.435027e+00
2.042678e+00,3.682021e+00,2.028982e+00,1.149180e-01
9.281292e-01,8.504401e-01,1.211250e+00,2.214655e+00
1.724839e+00,2.869650e+00,3.708334e+00,2.369018e-01
2.728203e+00,4.163051e+00,2.126180e-01,-6.327287e-01
5.028926e-01,1.817072e+00,4.149952e+00,1.518606e+00
4.203085e+00,3.866492e+00,2.604378e+00,-1.687460e+00
4.010122e-01,2.229011e+00,4.029855e-01,2.088805e+00
3.979294e+00,2.836960e+00,1.669935e+00,-1.342261e+00
4.191223e+00,7.116782e-02,1.134280e+00,-7.246724e-01
6.460281e-02,3.821824e+00,1.266056e-01,1.600652e+00
4.636982e+00,4.472295e+00,3.426892e+00,-1.341646e+00
3.952566e+00,1.868765e+00,3.813313e+00,-1.659363e+00
4.137987e+00,2.917684e+00,2.965913e+00,-1.681116e+00
2.704178e+00,1.071227e+00,3.951945e+00,-7.477983e-01
1.287045e+00,3.299870e+00,1.286815e+00,1.329780e+00
4.726789e+00,7.425963e-01,8.935681e-01,-8.767687e-03
3.884910e+00,6.003238e-01,3.177346e+00,-1.447928e+00
4.212567e+00,3.848717e+00,1.761231e+00,-1.328748e+00
1.118223e+00,9.068986e-01,4.710278e+00,1.564564e+00
1.634869e+00,4.039609e+00,3.965645e+00,3.302278e-01
1.429972e+00,2.320007e+00,9.086335e-01,1.525670e+00
1.412645e+00,2.548934e+00,6.347623e-01,1.464225e+00
9.733636e-01,3.574527e+00,4.222294e+00,1.083527e+00
2.586065e+00,2.023367e+00,4.870722e+00,-6.175766e-01
3.645706e-01,1.257179e+00,1.457670e-01,2.255052e+00
2.292829e+00,2.737844e+00,2.936765e+00,-5.118300e-01
3.446208e+00,3.349030e+00,4.327310e+00,-1.894025e+00
4.908848e+00,6.325821e-01,5.311442e-01,1.739856e-01
1.384679e+00,4.543374e+00,3.042622e+00,7.669009e-01
2.330752e+00,1.372813e+00,1.920354e+00,1.266095e-01
2.265230e+00,6.932935e-01,2.059797e+00,3.235736e-01
3.129390e-01,1.287344e+00,2.919737e+00,1.648627e+00
3.954178e+00,4.986013e+00,4.049112e+00,-1.775772e+00
4.971229e+00,1.322970e+00,2.041275e+00,-1.082431e-01
2.172757e+00,4.172953e+00,2.383206e+00,-2.103469e-01
7.754254e-01,3.857438e+00,4.464404e+00,1.197883e+00
4.563569e+00,3.770950e+00,1.188636e-01,-7.893084e-01
1.590821e-01,3.855089e+00,3.194997e+00,9.949485e-01
1.987031e+00,1.758667e+00,1.607654e+00,7.186486e-01
4.606496e+00,4.903506e+00,3.938026e+00,-1.244676e+00
1.721157e+00,1.666343e+00,3.483963e+00,5.747328e-01
2.274515e+00,3.517190e+00,3.874423e+00,-6.855358e-01
4.159225e+00,4.084705e+00,4.806185e+00,-1.634483e+00
1.856683e+00,2.591383e+00,1.516081e-02,8.458691e-01
2.556158e+00,2.364328e+00,4.228740e+00,-8.266686e-01
9.891682e-01,9.541534e-01,2.440214e+00,1.747938e+00
5.160694e-01,1.208173e+00,1.731215e+00,2.060222e+00
1.013562e+00,9.706184e-02,3.518712e-01,2.155893e+00
3.486710e+00,2.566274e+00,4.588905e-01,-1.169970e+00
7.039130e-02,1.976948e+00,3.246525e-01,1.952593e+00
3.788693e+00,2.790469e-01,1.636017e+00,-1.000095e+00
2.634520e+00,3.319855e+00,1.514427e+00,-5.988776e-01
3.690903e+00,2.066229e+00,4.674279e+00,-1.658627e+00
2.846837e+00,2.181766e+00,3.053491e+00,-1.173500e+00
2.769414e+00,9.682755e-01,4.315204e+00,-8.446581e-01
2.362292e+00,4.856843e+00,2.600533e+00,-4.566627e-01
3.559869e+00,3.235890e+00,1.946654e+00,-1.590700e+00
1.102846e+00,1.627891e+00,1.740452e+00,1.745500e+00
1.130813e+00,6.975979e-01,4.931859e+00,1.603278e+00
3.164257e-01,3.675517e-02,2.958075e+00,1.622798e+00
2.388992e+00,1.139817e+00,2.417036e+00,-9.429287e-02
9.163634e-01,1.702710e+00,1.265089e+00,2.014996e+00
3.922103e+00,4.013041e+00,2.258803e+00,-1.673274e+00
1.057964e+00,1.758958e+00,3.283106e+00,1.303968e+00
3.883143e-01,1.425156e+00,4.678868e-01,2.305100e+00
2.466771e+00,2.462786e+00,4.451165e+00,-7.249375e-01
1.569849e+00,2.784012e+00,2.073016e+00,9.116458e-01
1.642441e+00,3.731581e+00,4.457270e+00,4.161438e-01
3.709831e+00,3.639184e+00,1.330823e+00,-1.370780e+00
3.873133e+00,2.027912e+00,2.235237e+00,-1.460500e+00
4.012452e+00,2.061491e+00,2.947419e+00,-1.508680e+00
4.768985e+00,4.123383e+00,2.278811e+00,-9.012797e-01
3.023647e+00,2.957465e+00,3.453331e+00,-1.585664e+00
2.784577e+00,2.186729e+00,1.743861e-01,-4.543381e-01
1.061434e+00,3.455942e+00,3.580941e+00,9.442167e-01
3.520348e+00,1.271286e+00,3.105571e+00,-1.456521e+00
1.000842e+00,2.864594e+00,2.718659e+00,1.183750e+00
2.083952e+00,2.485412e+00,4.023574e+00,-1.770027e-01
3.151728e+00,4.197485e+00,4.986718e+00,-1.463411e+00
5.281056e-01,3.030440e+00,3.898792e+00,1.134768e+00
7.651914e-01,2.813046e+00,1.427427e+00,1.775406e+00
6.183395e-01,1.861967e-01,1.769607e+00,2.092138e+00
8.629760e-01,3.320983e+00,4.763802e+00,1.276644e+00
3.589872e+00,2.708547e+00,1.713268e+00,-1.329856e+00
8.334462e-01,3.791497e+00,3.242112e+00,1.078456e+00
4.229009e+00,2.741844e+00,3.796472e+00,-1.691837e+00
4.875704e-01,2.443724e+00,2.307210e+00,1.566450e+00
3.632085e+00,2.054491e+00,2.653656e-01,-1.023953e+00
1.069539e+00,2.368980e+00,2.049077e+00,1.514566e+00
1.567912e+00,3.770773e+00,2.725162e+00,5.590325e-01
4.399870e+00,1.383098e+00,6.540178e-01,-5.624504e-01
3.416890e+00,2.131243e+00,4.880959e+00,-1.495696e+00
1.460616e+00,1.612537e+00,1.298195e+00,1.580257e+00
4.082102e+00,3.642338e+00,1.535923e+00,-1.345443e+00
2.903737e+00,4.836363e+00,3.314804e+00,-1.332025e+00
1.801977e+00,3.230354e+00,3.444925e-01,7.814810e-01
1.150985e+00,2.203678e+00,4.906911e+00,1.273876e+00
9.169232e-01,4.926968e+00,4.656173e+00,1.355901e+00
7.166026e-01,9.525485e-01,3.870848e+00,1.581405e+00
3.987859e+00,5.326999e-01,4.665153e+00,-1.275057e+00
3.111311e+00,2.841613e+00,8.741848e-01,-9.847408e-01
4.776504e+00,3.931642e+00,1.127358e+00,-5.243449e-01
1.738696e+00,4.068587e+00,4.533510e+00,2.965338e-01
4.260677e+00,1.176362e+00,2.518429e+00,-1.076222e+00
4.818680e+00,1.454000e+00,1.175207e+00,-1.120538e-01
3.370236e+00,7.387365e-01,3.947822e+00,-1.406663e+00
2.500719e+00,2.844342e+00,1.312945e+00,-3.054969e-01
4.181797e+00,1.378253e+00,4.690524e+00,-1.300514e+00
3.522915e+00,4.634247e+00,1.437650e+00,-1.346034e+00
8.016807e-01,3.556601e+00,4.736702e+00,1.201856e+00
1.408511e+00,3.060385e-01,4.892700e+00,1.295062e+00
3.749355e+00,4.582885e+00,1.047393e-01,-1.243252e+00
3.460168e-01,3.946133e+00,4.713630e+00,1.261926e+00
1.455807e+00,9.628230e-01,2.508264e+00,1.255716e+00
3.414594e+00,2.366354e+00,1.745726e+00,-1.338176e+00
1.638973e+00,3.166270e+00,4.915231e+00,5.662963e-01
4.886630e+00,2.322847e+00,9.950436e-01,-1.739799e-01
1.640352e+00,9.790218e-01,2.130277e+00,1.136089e+00
1.727281e+00,2.285335e+00,4.294513e+00,4.763711e-01
3.631774e-01,3.736390e+00,3.138786e+00,1.080917e+00
1.090234e+00,4.363549e+00,1.795372e+00,1.396040e+00
1.156162e+00,3.623097e+00,4.398977e+00,9.292202e-01
1.098527e+00,9.354199e-01,3.592852e+00,1.430040e+00
2.093361e+00,3.179969e+00,3.173186e+00,-3.067324e-01
1.890255e+00,3.483131e+00,2.823564e+00,5.579662e-02
4.156482e+00,2.364194e+00,1.885672e+00,-1.226942e+00
4.979959e-01,2.533628e+00,9.473031e-01,1.963017e+00
4.199544e+00,4.569033e+00,1.415663e+00,-1.115848e+00
2.319342e+00,3.699777e+00,3.020691e+00,-6.565515e-01
1.438899e+00,1.940798e+00,1.507673e-02,1.560802e+00
