3.697192e+00,4.169919e+00,3.221944e+00,3.811633e+00
4.087529e+00,2.406088e+00,1.224424e+00,2.491297e+00
2.365668e+00,1.038117e+00,3.379127e+00,5.394909e-01
4.856641e+00,5.154206e+00,4.598348e+00,5.258216e+00
5.080069e+00,5.613514e+00,3.230565e+00,1.121799e+00
3.744618e+00,2.529393e+00,1.717168e+00,5.724972e-01
5.756617e+00,2.643878e+00,2.961944e+00,3.909174e+00
3.555194e+00,2.266486e+00,1.194585e+00,1.321153e-01
4.341739e+00,5.106867e+00,2.500529e+00,4.852010e+00
1.664418e+00,2.465778e+00,5.061802e+00,5.003702e-01
3.475978e+00,1.527726e+00,4.689375e+00,4.056072e+00
3.930669e+00,1.134397e+00,2.270452e+00,1.855540e-01
1.886709e+00,3.650160e+00,5.730964e+00,-2.861287e-01
1.529470e+00,2.485476e+00,4.621005e+00,-8.075181e-02
2.032112e+00,3.108406e+00,1.180578e+00,-3.660025e-01
4.952802e+00,4.831557e+00,4.125343e+00,3.843053e+00
3.309875e+00,5.538467e+00,5.898138e+00,1.831719e+00
3.262714e+00,4.397995e+00,5.814337e+00,3.642017e+00
3.312860e+00,1.184700e+00,3.760034e+00,4.688063e+00
5.500568e+00,1.421862e+00,5.677716e+00,2.363372e-01
3.115641e+00,3.840276e+00,5.570462e+00,3.611940e+00
3.208575e+00,1.390539e+00,5.775366e+00,2.302946e+00
4.841088e+00,2.891625e+00,4.478861e+00,3.632591e+00
1.323792e+00,3.465242e+00,3.040278e+00,-1.330005e+00
5.585272e+00,3.189176e+00,1.052639e+00,2.071943e-02
5.011188e+00,3.394982e+00,3.818794e+00,2.487187e+00
4.668498e+00,3.118681e+00,3.485527e+00,2.104368e+00
4.826085e+00,1.394546e+00,3.059710e+00,3.380332e+00
3.534447e+00,4.150259e+00,1.084792e+00,4.967530e-01
3.366574e+00,2.850082e+00,2.749196e+00,-5.302916e-01
1.318587e+00,4.706922e+00,2.183304e+00,-1.912712e+00
3.383899e+00,5.019035e+00,2.642050e+00,2.578102e+00
2.399525e+00,1.757458e+00,5.049622e+00,2.816089e+00
1.100215e+00,3.864427e+00,5.436230e+00,-2.665376e-01
5.655555e+00,2.906013e+00,4.963582e+00,3.484194e+00
1.386376e+00,5.821279e+00,2.892246e+00,1.103271e+00
4.307212e+00,1.852186e+00,5.137620e+00,4.792862e+00
3.761712e+00,3.563619e+00,1.289324e+00,-1.200508e+00
2.688054e+00,1.051502e+00,4.028849e+00,-1.212874e+00
3.241590e+00,1.268300e+00,1.046162e+00,-3.847787e-01
1.284495e+00,3.038742e+00,2.510686e+00,-1.932886e+00
4.227336e+00,3.580460e+00,4.823847e+00,1.460513e+00
3.474020e+00,2.875296e+00,5.324674e+00,3.143309e-01
5.579207e+00,1.084092e+00,1.321970e+00,2.592875e-01
1.845841e+00,2.961825e+00,5.158665e+00,3.935139e+00
3.824363e+00,1.044739e+00,4.751520e+00,2.037239e+00
3.571366e+00,2.405657e+00,1.896512e+00,1.673190e+00
4.717862e+00,3.930330e+00,2.792559e+00,3.630760e+00
2.992231e+00,4.195296e+00,2.493073e+00,-9.382947e-01
5.427550e+00,5.693644e+00,5.370820e+00,1.169738e+00
3.458984e+00,1.709264e+00,4.535606e+00,-2.163436e-01
4.244487e+00,2.893041e+00,2.554027e+00,-1.669636e+00
4.258218e+00,3.617926e+00,2.597989e+00,4.597586e+00
5.635779e+00,4.186404e+00,5.853843e+00,3.078045e+00
5.359972e+00,4.451658e+00,5.748946e+00,1.148384e+00
1.398789e+00,3.616858e+00,4.184149e+00,4.733433e-01
4.836189e+00,3.536172e+00,3.129688e+00,1.760716e+00
2.108292e+00,3.258730e+00,3.251964e+00,-1.066820e-01
5.200003e+00,5.518296e+00,1.118894e+00,1.364108e+00
2.082949e+00,1.043524e+00,5.454646e+00,2.012072e+00
4.487081e+00,1.172891e+00,4.398223e+00,2.786927e+00
4.637719e+00,4.181190e+00,3.457618e+00,2.608980e+00
3.480432e+00,2.694672e+00,2.172145e+00,1.280916e+00
5.703188e+00,1.118760e+00,3.025914e+00,1.527277e+00
4.072714e+00,3.362748e+00,2.630200e+00,5.335209e+00
1.596355e+00,3.644110e+00,4.015395e+00,2.057734e+00
2.899228e+00,3.641018e+00,3.996507e+00,2.291009e+00
5.370973e+00,2.727230e+00,5.082285e+00,2.435272e+00
2.904161e+00,2.009842e+00,4.629472e+00,4.711953e+00
1.419830e+00,1.746969e+00,2.512834e+00,-7.973207e-01
1.335533e+00,1.293012e+00,3.245299e+00,-1.856044e+00
2.330902e+00,4.113703e+00,4.549099e+00,3.241754e+00
4.325700e+00,2.451318e+00,3.161061e+00,5.055718e+00
3.409636e+00,5.416790e+00,2.019610e+00,2.177385e+00
5.389394e+00,2.700525e+00,1.411296e+00,-4.638835e-01
5.929131e+00,4.309189e+00,1.115255e+00,-7.437199e-02
4.460647e+00,4.598540e+00,5.345960e+00,5.008018e+00
1.220431e+00,1.751408e+00,2.079396e+00,-9.725572e-01
5.589914e+00,5.840876e+00,3.523876e+00,1.983066e+00
3.509702e+00,1.192694e+00,3.837197e+00,3.534994e+00
5.739146e+00,3.303943e+00,5.962568e+00,1.058847e-01
2.004863e+00,5.749705e+00,4.338969e+00,4.234175e-01
2.224499e+00,5.024736e+00,1.316341e+00,5.123259e-01
5.224034e+00,3.363328e+00,1.839423e+00,-9.120276e-01
4.580711e+00,2.342101e+00,1.110994e+00,-1.444685e+00
5.836726e+00,3.724025e+00,4.430557e+00,1.687980e+00
5.691086e+00,2.037991e+00,5.178248e+00,1.356640e+00
5.337424e+00,5.142077e+00,4.789964e+00,3.199118e+00
4.223402e+00,5.020768e+00,2.390312e+00,2.421932e+00
3.893460e+00,2.141912e+00,1.413281e+00,3.636246e-01
5.841581e+00,5.495990e+00,1.148902e+00,1.430982e+00
2.277963e+00,4.342731e+00,5.535471e+00,1.050107e+00
5.300669e+00,5.823392e+00,2.321292e+00,9.602112e-01
4.789258e+00,3.424427e+00,2.794998e+00,5.778381e-01
4.666378e+00,5.781489e+00,4.317302e+00,5.059186e+00
5.957551e+00,2.917201e+00,3.328275e+00,3.124470e+00
5.950514e+00,3.172736e+00,4.000374e+00,5.314077e+00
4.396651e+00,2.985852e+00,1.381947e+00,3.886536e+00
3.179504e+00,5.488029e+00,1.886886e+00,-8.019415e-02
2.552420e+00,5.554927e+00,1.280210e+00,-6.464269e-01
1.892925e+00,4.393799e+00,5.936143e+00,2.869649e+00
5.329005e+00,4.805690e+00,2.083210e+00,2.589123e+00
3.229416e+00,2.230438e+00,1.151674e+00,-1.790580e+00
1.350153e+00,2.392550e+00,5.162918e+00,8.493738e-01
2.197766e+00,2.007626e+00,1.007150e+00,-6.082835e-01
3.793470e+00,2.583831e+00,3.023746e+00,-1.232486e-01
4.093312e+00,3.818603e+00,5.736509e+00,2.764996e+00
3.733105e+00,2.875651e+00,1.440942e+00,-1.004732e+00
3.494840e+00,1.084595e+00,1.727776e+00,-3.764481e-01
5.165116e+00,5.896457e+00,1.854218e+00,2.800759e+00
3.666156e+00,1.589543e+00,3.030546e+00,2.938098e+00
1.190227e+00,1.894275e+00,4.869356e+00,-6.385760e-01
3.833994e+00,2.209304e+00,2.619496e+00,2.556463e+00
2.496286e+00,5.273024e+00,2.327124e+00,2.117126e+00
2.919619e+00,5.244005e+00,5.266820e+00,2.602914e+00
3.248416e+00,5.604316e+00,2.448140e+00,3.707970e+00
4.506161e+00,3.405558e+00,2.684234e+00,1.902922e+00
4.665870e+00,5.913236e+00,4.506800e+00,4.559797e+00
4.304642e+00,5.340062e+00,4.171120e+00,2.459093e+00
2.889467e+00,2.080931e+00,2.651506e+00,3.371683e+00
4.230192e+00,2.559982e+00,1.964905e+00,3.081184e+00
1.601389e+00,5.114997e+00,4.758257e+00,-4.419637e-01
2.630191e+00,1.472373e+00,5.225101e+00,3.537707e-01
4.789109e+00,3.725912e+00,2.239833e+00,1.797168e+00
2.403315e+00,4.072426e+00,3.555823e+00,1.214378e+00
2.036972e+00,5.496306e+00,3.353364e+00,3.222776e+00
4.065672e+00,3.136979e+00,3.810497e+00,7.494709e+00
1.412704e+00,2.884756e+00,5.075563e+00,1.821503e+00
5.807182e+00,4.518304e+00,1.972230e+00,1.810459e+00
2.084728e+00,2.210474e+00,5.398005e+00,-2.847643e+00
5.209792e+00,3.807908e+00,2.095929e+00,7.046920e-01
1.803500e+00,3.287337e+00,2.241538e+00,-1.861022e+00
3.339358e+00,5.726046e+00,4.137068e+00,2.273320e+00
4.043282e+00,1.042002e+00,2.114727e+00,4.038277e-01
4.344562e+00,3.910622e+00,1.025583e+00,2.754654e+00
5.226244e+00,3.933708e+00,2.648517e+00,5.152525e+00
1.711190e+00,3.218962e+00,5.269947e+00,2.878532e+00
3.350051e+00,2.190174e+00,2.238903e+00,2.639920e+00
3.927194e+00,2.276236e+00,4.051050e+00,2.758210e+00
2.423998e+00,2.566697e+00,2.500263e+00,-1.168282e-01
4.034351e+00,1.402344e+00,5.005703e+00,2.499550e+00
3.058228e+00,1.756640e+00,2.745939e+00,4.130167e+00
2.292026e+00,5.145123e+00,1.645432e+00,-2.138974e+00
3.384945e+00,3.763738e+00,2.649223e+00,4.051597e+00
2.832443e+00,1.955195e+00,5.891220e+00,7.264443e-01
2.602950e+00,4.488914e+00,4.987164e+00,1.394981e+00
5.939074e+00,4.019889e+00,5.794579e+00,3.129643e+00
2.090446e+00,3.255517e+00,2.426354e+00,8.589054e-01
2.126457e+00,3.062969e+00,2.823664e+00,8.489857e-01
5.971851e+00,4.353748e+00,3.431345e+00,8.582968e-01
3.132180e+00,4.948568e+00,3.838421e+00,2.555454e+00
5.807846e+00,5.306418e+00,4.476875e+00,1.999283e+00
4.396771e+00,5.560327e+00,1.475010e+00,7.924751e-01
1.796924e+00,4.324022e+00,1.712147e+00,-1.217757e+00
5.512880e+00,4.368576e+00,3.083681e+00,1.952202e+00
1.388386e+00,3.251841e+00,5.782767e+00,2.405938e+00
5.179492e+00,3.498537e+00,2.802214e+00,2.727139e+00
2.070621e+00,4.483443e+00,4.358485e+00,-5.952362e-01
5.432763e+00,2.937642e+00,5.305936e+00,4.552651e+00
4.814840e+00,2.469516e+00,5.956361e+00,1.562338e+00
1.006083e+00,1.582155e+00,3.604036e+00,2.326386e+00
2.705519e+00,1.418610e+00,1.883029e+00,-2.420457e+00
2.180797e+00,5.249227e+00,1.922860e+00,3.473475e-01
5.068043e+00,5.980313e+00,5.496644e+00,3.339319e+00
1.944461e+00,2.236186e+00,5.213333e+00,-7.659241e-01
5.398121e+00,1.887662e+00,3.164463e+00,1.314553e+00
5.203783e+00,2.869314e+00,1.618048e+00,5.883587e-01
1.957297e+00,4.828661e+00,2.021962e+00,8.122138e-01
5.016122e+00,5.105818e+00,1.012427e+00,2.864321e+00
1.090743e+00,2.183241e+00,5.790480e+00,-1.592839e+00
2.504753e+00,2.421419e+00,4.706710e+00,1.739916e+00
1.957136e+00,3.887469e+00,2.407975e+00,-3.006043e+00
5.677191e+00,3.857259e+00,1.064157e+00,1.413296e+00
2.414908e+00,3.933016e+00,3.740875e+00,2.795594e+00
2.454352e+00,4.555301e+00,4.439342e+00,-9.968045e-01
1.451144e+00,2.910367e+00,5.735821e+00,-3.057855e+00
5.336070e+00,1.705957e+00,3.461336e+00,2.410763e+00
3.980809e+00,3.697776e+00,1.805018e+00,-1.047849e+00
2.835347e+00,2.825522e+00,4.509869e+00,1.200964e+00
4.836921e+00,4.750273e+00,1.052353e+00,-8.536004e-02
1.101615e+00,4.279623e+00,5.141506e+00,-1.214626e+00
2.964513e+00,1.655498e+00,3.805170e+00,6.099090e+00
3.554763e+00,5.603662e+00,2.877619e+00,4.177037e+00
4.843264e+00,5.536700e+00,1.780316e+00,7.862917e-01
1.522268e+00,2.817457e+00,1.671886e+00,-2.543061e+00
2.110475e+00,1.108282e+00,2.180212e+00,-1.785156e+00
1.306343e+00,2.761964e+00,3.655425e+00,-2.806786e-01
2.886770e+00,2.780626e+00,1.305053e+00,-1.167688e+00
1.252423e+00,5.635082e+00,1.751361e+00,-1.731582e+00
3.965866e+00,4.566734e+00,3.783310e+00,3.870311e+00
1.064136e+00,4.597985e+00,5.543937e+00,-5.110361e-01
5.071174e+00,5.216475e+00,2.557674e+00,4.224770e+00
3.767906e+00,5.919145e+00,3.723898e+00,2.241256e+00
2.786367e+00,4.646239e+00,5.712951e+00,2.572510e+00
3.588532e+00,3.499259e+00,4.377214e+00,4.471967e+00
3.037283e+00,4.688715e+00,4.778714e+00,4.339671e+00
4.689994e+00,4.079850e+00,4.889942e+00,1.236506e+00
2.129416e+00,5.865800e+00,3.266615e+00,1.322576e+00
3.711344e+00,1.699307e+00,1.049261e+00,3.577400e+00
5.893644e+00,4.630403e+00,4.595648e+00,1.748273e+00
