2.073466e+00,3.227595e+00,4.123652e+00,1.682058e+00
2.098289e+00,1.310082e+00,4.391688e+00,-2.349030e-01
3.580431e+00,4.624916e+00,1.385441e+00,-8.995292e-02
2.613445e+00,1.252567e+00,1.953813e+00,-1.009350e+00
4.755037e+00,2.474731e+00,4.913955e+00,-1.421259e+00
3.820728e+00,3.899178e+00,3.108227e+00,3.231739e+00
4.705613e+00,4.051601e+00,2.782584e+00,1.678960e+00
4.718019e+00,4.477575e+00,2.746243e+00,3.716688e-01
1.468690e+00,3.548411e+00,2.036387e+00,9.084344e-02
4.068287e+00,2.377850e+00,4.139709e+00,3.279696e-01
1.119413e+00,4.367541e+00,4.181679e+00,9.100102e-01
4.716975e+00,2.077741e+00,4.190896e+00,-1.140721e-01
2.934534e+00,2.344955e+00,1.678035e+00,-1.865026e+00
3.693534e+00,4.027583e+00,4.949329e+00,-1.692534e-01
1.774677e+00,2.646902e+00,3.904508e+00,1.313986e+00
3.396465e+00,1.095442e+00,3.706958e+00,2.845610e+00
2.723756e+00,3.231805e+00,4.165140e+00,1.880792e+00
1.088076e+00,2.000714e+00,4.946170e+00,-2.607538e+00
3.659829e+00,2.375674e+00,2.188025e+00,-5.181102e-01
3.656707e+00,4.300612e+00,2.559641e+00,5.783691e-01
4.411588e+00,1.933507e+00,2.042604e+00,-1.918684e+00
3.605042e+00,4.703548e+00,2.610515e+00,6.469052e-01
3.022410e+00,2.083709e+00,3.252288e+00,2.161504e+00
1.907486e+00,1.701975e+00,4.412880e+00,-9.991344e-01
4.765489e+00,2.389881e+00,3.712204e+00,1.779693e+00
2.456683e+00,4.752081e+00,3.655675e+00,7.661562e-01
3.862014e+00,2.355501e+00,3.636352e+00,1.993422e+00
2.507629e+00,2.911911e+00,3.058268e+00,2.665264e+00
2.882962e+00,3.142167e+00,4.464652e+00,7.055708e-01
1.944198e+00,1.716370e+00,3.714407e+00,1.817314e+00
2.762552e+00,2.264065e+00,3.723709e+00,1.926052e+00
2.130808e+00,1.123704e+00,2.083067e+00,-7.752414e-01
1.052838e+00,1.177432e+00,3.546662e+00,2.501398e+00
2.230075e+00,1.637640e+00,4.132607e+00,-2.572952e-01
2.012882e+00,3.303969e+00,1.846343e+00,-7.297668e-01
2.799798e+00,4.531405e+00,4.436549e+00,-1.863805e-01
2.620775e+00,1.106202e+00,1.174259e+00,4.660541e-01
3.524144e+00,4.492883e+00,1.531579e+00,-1.235786e+00
4.069984e+00,1.579948e+00,2.707343e+00,1.250047e-01
2.032161e+00,2.862853e+00,1.232928e+00,7.402546e-01
1.132237e+00,2.808510e+00,1.228175e+00,-2.481598e-01
2.993848e+00,3.061430e+00,4.800272e+00,-1.481485e-01
1.379818e+00,2.211054e+00,1.591388e+00,-1.119723e+00
2.747996e+00,3.933045e+00,4.606523e+00,8.072269e-01
4.287517e+00,4.440944e+00,3.048230e+00,1.774102e+00
2.975162e+00,1.063422e+00,3.203797e+00,1.773181e+00
4.349269e+00,1.898970e+00,3.358040e+00,1.395516e+00
4.270216e+00,1.360344e+00,1.958437e+00,-2.247554e+00
2.835267e+00,3.963350e+00,1.182854e+00,1.026440e+00
2.862658e+00,2.793124e+00,1.137512e+00,1.994906e-01
2.758342e+00,2.684568e+00,2.316595e+00,8.273215e-02
2.083122e+00,3.589495e+00,2.565318e+00,1.911180e+00
4.367462e+00,3.712292e+00,2.691550e+00,2.220179e+00
3.687910e+00,1.130028e+00,1.850380e+00,-4.932727e-01
4.467409e+00,1.466562e+00,2.405631e+00,-8.573927e-01
1.913428e+00,3.691326e+00,1.011749e+00,2.125822e+00
4.410677e+00,3.494066e+00,4.346494e+00,1.265343e+00
1.846423e+00,3.015195e+00,4.948286e+00,-8.322054e-01
4.286333e+00,3.015695e+00,1.641301e+00,-1.565401e-01
4.416352e+00,3.794090e+00,4.644388e+00,7.928152e-01
4.284449e+00,2.335703e+00,2.960699e+00,2.022922e+00
2.369485e+00,1.088661e+00,4.784298e+00,-1.008605e+00
4.929915e+00,4.907523e+00,2.587641e+00,-9.861036e-01
2.148112e+00,1.886765e+00,4.606325e+00,-1.581866e+00
4.786234e+00,1.670899e+00,4.005482e+00,6.885473e-02
1.086631e+00,1.941478e+00,4.617052e+00,-1.902281e+00
4.613412e+00,1.297441e+00,3.545759e+00,2.002356e+00
1.030755e+00,1.353490e+00,3.147316e+00,1.163025e+00
2.503277e+00,2.029726e+00,3.754589e+00,9.804550e-01
2.123193e+00,2.731569e+00,4.537273e+00,2.139419e-01
2.581599e+00,1.275871e+00,3.283751e+00,2.657142e+00
3.793537e+00,1.248115e+00,4.707429e+00,-9.418613e-01
2.609798e+00,4.656461e+00,4.768793e+00,-1.933692e+00
4.068632e+00,3.502914e+00,1.614973e+00,3.212481e-01
1.428946e+00,2.531252e+00,4.353092e+00,4.541851e-01
4.969592e+00,3.237342e+00,1.947809e+00,-2.366737e-01
4.512063e+00,1.963552e+00,3.111000e+00,1.475449e+00
4.646630e+00,4.785598e+00,1.498733e+00,-1.515223e+00
3.052383e+00,2.830374e+00,1.896540e+00,3.530171e-01
3.058642e+00,4.225983e+00,2.707485e+00,1.239362e+00
1.854472e+00,3.319068e+00,1.307068e+00,5.433979e-01
4.349629e+00,2.509156e+00,2.256093e+00,-2.830124e-01
4.032546e+00,1.653667e+00,1.570593e+00,-2.207551e+00
2.991843e+00,4.727290e+00,4.233972e+00,5.540286e-01
1.923995e+00,1.751490e+00,1.808880e+00,-2.479797e+00
2.800588e+00,1.265383e+00,3.882818e+00,1.675028e+00
2.579334e+00,4.378510e+00,3.441858e+00,2.234773e+00
3.246793e+00,1.063459e+00,2.493441e+00,3.735383e-01
2.920519e+00,3.293789e+00,1.223384e+00,1.593798e+00
3.777736e+00,2.704286e+00,2.349186e+00,9.868376e-01
4.692370e+00,2.610956e+00,3.493316e+00,2.032511e+00
2.772516e+00,1.800278e+00,3.787516e+00,8.535388e-01
3.164650e+00,1.311559e+00,3.347246e+00,3.034953e+00
4.327414e+00,1.867538e+00,3.438119e+00,1.801078e+00
2.533287e+00,2.505190e+00,1.473941e+00,-6.902960e-01
3.733368e+00,2.772140e+00,4.905001e+00,-6.603776e-01
2.938273e+00,4.190952e+00,3.965711e+00,2.134152e+00
2.543153e+00,2.910191e+00,4.548581e+00,-2.226847e-01
1.149335e+00,2.353502e+00,4.282825e+00,-1.086556e-01
1.125408e+00,4.202780e+00,4.580059e+00,-4.767240e-01
3.866703e+00,2.084476e+00,1.689267e+00,-2.035356e+00
3.819641e+00,4.560488e+00,3.136009e+00,2.348039e+00
2.432538e+00,4.140766e+00,1.473951e+00,-5.759217e-01
2.141564e+00,2.952357e+00,4.095391e+00,2.031204e+00
4.633686e+00,1.957190e+00,1.257793e+00,-1.802217e+00
1.334799e+00,1.953339e+00,2.944471e+00,6.044298e-01
2.366590e+00,2.551225e+00,1.591215e+00,-1.453034e+00
4.729369e+00,4.159684e+00,1.475278e+00,-7.299537e-01
4.197874e+00,1.187577e+00,3.196605e+00,2.282542e+00
1.478122e+00,3.664364e+00,4.122026e+00,1.559939e+00
2.555176e+00,2.230834e+00,4.851516e+00,-1.459503e+00
4.674842e+00,4.683116e+00,1.929893e+00,-2.293082e+00
3.136068e+00,3.676623e+00,3.038406e+00,3.442803e+00
3.448551e+00,1.511437e+00,1.516517e+00,-3.810434e-01
4.220806e+00,2.152570e+00,4.949383e+00,-1.364037e+00
2.005604e+00,4.571073e+00,4.659730e+00,-1.200144e+00
2.187848e+00,3.431988e+00,3.403469e+00,3.856224e+00
3.550991e+00,1.503646e+00,2.246177e+00,-1.645109e+00
3.110420e+00,1.448247e+00,4.750874e+00,-1.176822e+00
4.556271e+00,3.034734e+00,3.530647e+00,3.297604e+00
3.912098e+00,1.582793e+00,2.623275e+00,4.341183e-01
1.406805e+00,4.013145e+00,2.429506e+00,7.345816e-01
1.759692e+00,1.918200e+00,3.970300e+00,3.854334e-01
3.508445e+00,3.575046e+00,2.633601e+00,2.387133e+00
4.203666e+00,2.465333e+00,2.511884e+00,1.416081e-01
3.913657e+00,1.118533e+00,4.068554e+00,9.858932e-01
2.859301e+00,3.076880e+00,2.291280e+00,6.678572e-01
1.238244e+00,2.490108e+00,3.359925e+00,2.137068e+00
4.654586e+00,4.653892e+00,4.372302e+00,-9.787903e-01
3.402604e+00,4.958372e+00,1.156143e+00,-5.294489e-01
2.136944e+00,2.806636e+00,2.343497e+00,4.031631e-01
4.680792e+00,1.947431e+00,1.567961e+00,-1.494381e+00
2.643844e+00,4.924968e+00,4.798491e+00,-1.461440e+00
2.154617e+00,4.342220e+00,4.315547e+00,1.834787e-01
4.723363e+00,2.317842e+00,1.669058e+00,-2.546646e+00
4.441238e+00,1.870109e+00,2.182480e+00,-1.119980e+00
1.794039e+00,1.205549e+00,1.040668e+00,-1.830576e-01
4.038303e+00,1.856402e+00,1.240571e+00,-7.489247e-01
3.116747e+00,2.607455e+00,4.702961e+00,-5.470171e-01
2.945104e+00,1.386095e+00,1.783992e+00,-9.320642e-01
2.940826e+00,1.452408e+00,2.640374e+00,5.327575e-01
1.330000e+00,4.677291e+00,3.462036e+00,1.417066e+00
3.126085e+00,1.668314e+00,3.216111e+00,1.263856e+00
2.222287e+00,2.022648e+00,4.749063e+00,-1.190309e+00
2.371289e+00,3.263053e+00,3.311311e+00,3.486475e+00
2.189734e+00,1.108224e+00,1.909795e+00,-1.434233e+00
3.151919e+00,3.561701e+00,3.453900e+00,4.280566e+00
2.146520e+00,3.335940e+00,3.190034e+00,3.267232e+00
2.206251e+00,3.775568e+00,3.004653e+00,2.804228e+00
1.888471e+00,4.297759e+00,3.384349e+00,2.767333e+00
2.394341e+00,3.857859e+00,3.630158e+00,2.616832e+00
2.887708e+00,2.028649e+00,3.277211e+00,1.778906e+00
1.524889e+00,4.621613e+00,1.492547e+00,-1.626325e+00
1.305112e+00,4.082761e+00,3.224361e+00,2.497827e+00
4.020651e+00,4.197151e+00,1.348163e+00,-1.926422e-01
4.459916e+00,4.575263e+00,4.487096e+00,-2.257728e+00
1.356270e+00,2.727085e+00,3.415338e+00,2.790938e+00
3.919139e+00,2.554816e+00,1.628593e+00,-8.664007e-01
2.810316e+00,3.546964e+00,3.834880e+00,3.085831e+00
1.127562e+00,2.593857e+00,3.235983e+00,1.880427e+00
1.082840e+00,1.312322e+00,3.521092e+00,2.715170e+00
4.319351e+00,3.825838e+00,2.451783e+00,6.794567e-01
3.672599e+00,4.150274e+00,4.373065e+00,1.572075e-01
3.304002e+00,4.203096e+00,3.335039e+00,4.215571e+00
1.125894e+00,3.964187e+00,2.593516e+00,1.543371e+00
4.492440e+00,2.408695e+00,3.735052e+00,1.644453e+00
1.886387e+00,3.792258e+00,1.842568e+00,3.909144e-02
4.661606e+00,4.286627e+00,2.838840e+00,2.073864e+00
3.600043e+00,1.433025e+00,3.055842e+00,7.168618e-01
4.394060e+00,2.460031e+00,4.190692e+00,7.578699e-01
1.075185e+00,2.108185e+00,1.000815e+00,-7.498929e-02
4.308269e+00,4.811283e+00,1.801950e+00,-1.620921e+00
1.416878e+00,3.777191e+00,4.855474e+00,-7.189910e-01
4.717637e+00,2.542271e+00,4.606207e+00,-1.203145e+00
1.892055e+00,4.636658e+00,1.404476e+00,-2.048881e+00
1.827580e+00,3.912532e+00,4.063031e+00,1.035345e+00
3.834946e+00,1.307975e+00,4.929394e+00,-9.959134e-01
2.324328e+00,3.225560e+00,3.319150e+00,3.503267e+00
4.574304e+00,2.967807e+00,1.128231e+00,9.382637e-02
2.021013e+00,3.619812e+00,2.513997e+00,9.179018e-01
1.435969e+00,2.322740e+00,1.955679e+00,-2.076880e+00
1.543157e+00,1.692463e+00,2.408555e+00,-2.554402e+00
1.867835e+00,2.454179e+00,2.142022e+00,-1.508045e+00
3.300897e+00,1.171557e+00,2.593187e+00,8.433547e-01
1.416538e+00,4.770951e+00,1.412715e+00,-1.941217e+00
4.325476e+00,1.115682e+00,1.474349e+00,-9.775008e-01
1.481586e+00,3.203538e+00,1.340403e+00,4.393113e-01
1.792468e+00,4.840592e+00,4.086009e+00,-2.456977e-03
3.596768e+00,1.246730e+00,4.325628e+00,-4.394463e-01
3.358062e+00,3.100441e+00,3.663690e+00,5.011908e+00
4.141417e+00,3.238866e+00,4.221023e+00,2.035163e+00
4.290735e+00,4.253933e+00,4.669132e+00,-1.568252e-01
1.303858e+00,1.654246e+00,2.925175e+00,4.740777e-01
1.226996e+00,4.220255e+00,3.374367e+00,2.540719e+00
2.393279e+00,3.818397e+00,4.268171e+00,2.075843e+00
4.035252e+00,4.455846e+00,1.076425e+00,8.760502e-01
3.727351e+00,2.927183e+00,3.522120e+00,4.451573e+00
2.863335e+00,1.864692e+00,3.854195e+00,9.969364e-01
2.720172e+00,2.648736e+00,2.843223e+00,1.866134e+00
3.243603e+00,2.881741e+00,4.828262e+00,-2.344378e-01
