1.164820e+00,4.174311e+00,1.098667e+00
1.885763e+00,1.596775e+00,4.586379e-01
2.212671e+00,2.803918e+00,-3.464968e-01
4.713441e+00,4.804817e+00,4.738051e-01
4.822763e+00,3.108253e+00,1.490709e+00
1.656846e+00,3.400483e+00,1.100218e+00
3.282140e+00,3.240153e+00,1.424461e+00
4.231309e+00,4.251620e+00,1.658637e+00
1.492703e+00,2.101894e+00,9.606873e-01
1.487749e+00,3.279161e+00,1.443181e+00
2.136226e+00,4.071315e+00,9.508086e-01
4.655809e+00,1.446433e+00,1.366673e+00
4.664033e+00,4.863419e+00,1.269853e+00
4.716463e+00,1.648564e+00,2.054343e+00
4.725510e+00,2.687681e+00,8.000693e-01
3.231539e+00,1.450331e+00,-3.556553e-01
4.596135e+00,4.134338e+00,3.559717e-01
1.335905e+00,1.359189e+00,1.237705e+00
2.006012e+00,1.204795e+00,2.531118e+00
3.705653e+00,2.870783e+00,1.934521e-01
1.699199e+00,4.725079e+00,-4.739268e-01
4.425046e+00,4.316501e+00,1.139842e+00
4.520819e+00,4.073233e+00,1.295056e+00
3.750362e+00,3.865545e+00,4.291787e-01
3.166601e+00,3.729540e+00,1.685825e+00
1.957629e+00,4.108808e+00,9.812381e-01
2.863827e+00,1.417435e+00,1.009683e+00
3.014789e+00,3.490407e+00,-3.097937e-01
2.882885e+00,1.490109e+00,1.687563e-01
1.487639e+00,4.042766e+00,1.673351e-01
4.906044e+00,1.796663e+00,1.507761e+00
4.223074e+00,2.287339e+00,1.414055e+00
2.622177e+00,2.650706e+00,4.848347e-01
3.161497e+00,4.819376e+00,4.676564e-01
4.518021e+00,2.089245e+00,1.653570e+00
1.187347e+00,1.446216e+00,1.722839e+00
4.840850e+00,2.443394e+00,6.706011e-01
3.701133e+00,3.000286e+00,2.115164e-01
1.222818e+00,3.907198e+00,1.196728e+00
4.441527e+00,2.055072e+00,7.655517e-01
2.430364e+00,4.661717e+00,1.473052e+00
3.638873e+00,4.300926e+00,8.388601e-01
4.657077e+00,1.969655e+00,-5.052263e-01
4.990214e+00,3.928981e+00,5.268069e-01
4.437267e+00,1.419365e+00,4.577805e-01
1.254041e+00,2.865971e+00,3.323626e-01
3.722749e+00,3.418750e+00,1.311049e+00
2.376096e+00,2.880894e+00,1.262084e-01
1.777137e+00,4.911390e+00,-1.814944e-01
3.368836e+00,2.053964e+00,1.349262e-01
3.740889e+00,4.126573e+00,4.667763e-01
3.296828e+00,1.489362e+00,1.236133e+00
1.085088e+00,4.092715e+00,7.083919e-01
1.664372e+00,2.640009e+00,-5.507248e-01
4.590742e+00,1.978757e+00,4.200822e-01
1.433447e+00,3.867652e+00,3.755768e-01
4.645951e+00,3.526717e+00,1.182879e+00
2.506706e+00,2.768474e+00,8.360660e-01
1.153059e+00,2.096461e+00,2.493831e-01
3.813255e+00,4.336122e+00,2.896978e-01
3.673789e+00,2.633727e+00,7.021974e-01
1.096231e+00,4.429268e+00,-4.935820e-01
4.007572e+00,1.023311e+00,2.348882e+00
3.441394e+00,2.823376e+00,1.208307e+00
1.268550e+00,1.225762e+00,5.844710e-01
1.143262e+00,2.253794e+00,-6.139559e-02
1.006183e+00,1.412024e+00,1.023767e+00
3.158317e+00,1.669780e+00,1.095455e-01
3.385122e+00,3.582332e+00,-1.104180e-01
2.382769e+00,3.636469e+00,-3.585750e-01
1.277115e+00,4.559674e+00,8.250534e-01
3.501445e+00,2.392504e+00,1.386122e+00
4.583024e+00,2.274185e+00,2.563835e-01
4.906619e+00,1.485424e+00,1.739789e+00
3.943679e+00,4.607819e+00,1.022224e+00
4.678285e+00,2.485786e+00,1.482878e+00
4.937462e+00,3.809243e+00,-1.200233e-01
3.629058e+00,3.668773e+00,-1.337049e-02
4.480532e+00,1.992003e+00,-1.925943e-01
2.523645e+00,4.480597e+00,2.089553e+00
1.665623e+00,2.679627e+00,2.528553e-02
3.875116e+00,3.359699e+00,9.468418e-01
1.192168e+00,2.253455e+00,8.594846e-03
3.369101e+00,4.496214e+00,7.176887e-01
3.280452e+00,4.545459e+00,2.132073e-02
3.004318e+00,2.968669e+00,-3.382549e-01
2.451628e+00,2.205343e+00,1.167852e-01
2.833882e+00,1.696782e+00,6.819051e-01
3.359629e+00,1.455504e+00,1.838732e+00
1.924983e+00,3.440542e+00,9.416875e-01
3.732639e+00,1.272541e+00,1.189486e+00
3.086236e+00,1.087111e+00,1.030925e+00
1.426358e+00,2.587190e+00,-2.236473e-01
3.890486e+00,3.331883e+00,3.550567e-01
2.364210e+00,4.024770e+00,-3.900324e-02
4.807026e+00,3.850522e+00,-4.730027e-01
1.627138e+00,2.426138e+00,1.092702e+00
1.382863e+00,4.195917e+00,1.016215e+00
1.712272e+00,1.126343e+00,9.981359e-01
2.276207e+00,1.873790e+00,6.532501e-01
1.563205e+00,4.886006e+00,1.662816e+00
4.343722e+00,1.886593e+00,-4.548419e-02
3.696621e+00,4.203800e+00,3.661385e-04
2.896401e+00,1.811146e+00,4.430951e-01
1.251725e+00,4.772473e+00,1.212335e+00
1.402626e+00,4.460138e+00,1.090086e+00
3.797343e+00,4.489801e+00,5.088305e-01
2.342281e+00,3.567928e+00,1.153045e+00
4.572325e+00,4.029857e+00,3.586858e-01
4.533702e+00,3.714863e+00,-4.187442e-02
3.799014e+00,2.727446e+00,1.479207e+00
1.991462e+00,2.502889e+00,1.405354e+00
1.784748e+00,1.031563e+00,1.010286e+00
4.891769e+00,1.832378e+00,2.018028e+00
1.458563e+00,4.126368e+00,-6.053109e-01
4.655539e+00,4.256100e+00,4.976638e-01
1.926259e+00,4.544537e+00,6.555519e-01
2.737154e+00,4.688916e+00,1.121713e+00
2.860987e+00,4.060876e+00,5.027777e-01
2.331127e+00,2.375751e+00,-2.244888e-01
2.936251e+00,3.108461e+00,-9.065103e-01
4.869138e+00,3.897325e+00,1.843861e+00
3.711489e+00,4.483208e+00,-8.295216e-01
2.736367e+00,2.769467e+00,2.169342e-01
2.558438e+00,4.021739e+00,-2.009386e-01
1.017156e+00,3.193155e+00,1.686720e-01
1.471745e+00,4.025756e+00,1.433785e+00
1.293250e+00,3.542960e+00,1.483268e-01
3.231386e+00,4.322693e+00,3.434801e-01
3.849592e+00,1.053660e+00,2.563281e-01
3.021697e+00,4.297708e+00,-1.961100e-01
1.844386e+00,3.080228e+00,8.050020e-01
4.364230e+00,4.437042e+00,4.002301e-01
2.344279e+00,1.243731e+00,-9.632307e-01
2.538233e+00,1.432514e+00,1.052718e+00
1.941246e+00,3.667832e+00,1.953284e-01
4.699878e+00,3.227100e+00,6.890559e-01
1.823134e+00,3.246700e+00,9.008766e-01
3.489641e+00,4.223146e+00,3.519360e-01
4.587946e+00,1.609580e+00,1.079459e+00
4.762188e+00,3.515795e+00,7.919855e-01
4.931489e+00,4.219657e+00,6.828737e-01
4.603271e+00,3.643083e+00,2.610420e-01
1.845535e+00,3.511275e+00,1.082969e+00
1.311030e+00,3.537051e+00,3.490863e-01
1.410016e+00,4.139088e+00,2.402170e-01
3.340976e+00,2.257244e+00,8.810445e-01
1.446191e+00,2.843750e+00,2.330104e+00
4.632738e+00,4.165117e+00,1.042125e+00
2.983096e+00,3.410658e+00,2.113548e+00
3.619646e+00,4.468808e+00,1.337518e-01
3.053621e+00,1.204188e+00,1.008637e+00
1.283902e+00,4.184135e+00,1.427258e+00
2.030942e+00,1.831344e+00,9.519846e-01
4.543229e+00,1.268808e+00,-6.023424e-01
4.510122e+00,3.235720e+00,-9.006656e-01
4.630591e+00,1.168197e+00,6.612257e-01
3.311415e+00,1.049446e+00,2.004272e+00
2.470153e+00,1.451631e+00,5.455175e-01
4.033976e+00,1.052759e+00,1.464648e+00
3.971382e+00,2.459618e+00,1.607148e+00
2.172063e+00,1.902459e+00,-1.678737e-02
3.867766e+00,1.026512e+00,1.554265e+00
2.760388e+00,1.074378e+00,9.781756e-01
2.327246e+00,4.365223e+00,-3.673382e-02
2.224581e+00,3.596224e+00,1.954604e-02
2.165921e+00,3.523834e+00,1.143593e+00
1.801974e+00,1.842821e+00,1.225720e+00
3.138739e+00,4.646333e+00,-1.080890e+00
3.296727e+00,3.898044e+00,2.007440e-01
1.405069e+00,2.291363e+00,1.205178e+00
2.944358e+00,2.913083e+00,-8.189152e-01
1.760307e+00,2.893156e+00,7.471967e-01
2.491495e+00,1.035263e+00,9.683385e-01
3.073692e+00,4.981054e+00,8.152803e-01
4.186866e+00,2.467799e+00,9.085841e-01
2.805000e+00,1.423128e+00,-4.423903e-01
4.467856e+00,3.488983e+00,1.433789e+00
4.919578e+00,2.087411e+00,6.318595e-01
3.294463e+00,1.097419e+00,2.274079e+00
2.676835e+00,2.182218e+00,3.139484e-01
2.162052e+00,1.381146e+00,1.394432e+00
2.286761e+00,1.426908e+00,1.470937e+00
3.924334e+00,1.719067e+00,-7.914975e-01
4.825867e+00,1.105874e+00,1.790524e+00
4.914073e+00,1.588124e+00,8.445524e-01
1.418288e+00,1.714590e+00,1.106114e+00
2.901831e+00,1.880622e+00,-3.641515e-01
1.666171e+00,3.367666e+00,1.301364e+00
4.756302e+00,2.433803e+00,-3.095033e-01
2.397736e+00,1.432916e+00,2.504870e+00
4.407486e+00,1.412846e+00,2.397921e+00
2.371450e+00,1.008197e+00,4.591327e-01
3.282750e+00,1.106231e+00,1.724397e+00
2.296028e+00,4.239929e+00,6.536396e-01
1.262016e+00,3.892411e+00,1.764804e+00
2.368012e+00,4.482157e+00,1.193364e+00
4.561368e+00,4.594185e+00,2.879428e+00
2.793834e+00,2.529287e+00,1.373833e+00
4.819895e+00,1.074753e+00,4.974194e-01
