2.291708e+00,1.039909e+00,3.565626e+00,1.193032e+00
1.934397e+00,1.100424e+00,2.903237e+00,1.081845e+01
2.517650e+00,2.880650e+00,4.884145e+00,9.530082e+00
4.637588e+00,3.253432e+00,1.012134e+00,-7.937185e+00
2.852562e+00,3.430839e+00,4.943521e+00,4.616769e+00
4.175312e+00,4.651433e+00,4.046076e+00,1.969547e+01
2.877272e+00,1.961796e+00,4.439665e+00,9.610069e+00
1.836944e+00,1.257120e+00,3.528145e+00,9.599698e+00
3.138269e+00,1.512962e+00,1.533019e+00,3.450902e+00
2.217397e+00,2.492118e+00,4.625034e+00,2.012413e+00
1.692634e+00,1.048853e+00,1.987317e+00,8.349794e+00
4.230953e+00,4.218350e+00,4.082853e+00,1.096554e+01
2.981424e+00,1.008475e+00,4.220370e+00,2.067644e+01
2.255684e+00,4.004348e+00,2.515482e+00,3.237339e+00
2.385856e+00,3.876003e+00,2.494590e+00,1.615593e+01
2.395571e+00,4.702169e+00,1.728967e+00,-3.919611e+00
4.369340e+00,3.467319e+00,4.738161e+00,4.623400e+00
2.361368e+00,2.120630e+00,3.748382e+00,3.023524e+00
4.624912e+00,3.558429e+00,4.472825e+00,2.473734e+01
1.716281e+00,1.084393e+00,2.112942e+00,9.473368e+00
1.350298e+00,2.021808e+00,4.636180e+00,1.217370e+01
3.590581e+00,2.583397e+00,1.018967e+00,1.324531e+01
3.847688e+00,3.575861e+00,4.382855e+00,1.020424e+01
3.478788e+00,4.869227e+00,3.604416e+00,1.492365e+01
3.429864e+00,1.215233e+00,4.042662e+00,1.431433e+01
1.591541e+00,2.739979e+00,4.874547e+00,2.618731e+00
4.261081e+00,2.087824e+00,2.308065e+00,-7.861969e-01
4.926327e+00,1.965611e+00,4.582545e+00,1.720466e+01
3.282831e+00,4.867954e+00,2.807928e+00,8.844518e+00
1.252835e+00,4.729116e+00,4.549429e+00,4.922383e+00
1.461433e+00,4.841007e+00,4.937019e+00,1.812433e+01
2.074698e+00,4.084072e+00,1.247824e+00,4.287299e+00
4.230109e+00,1.922574e+00,4.986566e+00,2.462908e+01
4.690989e+00,4.178034e+00,3.802916e+00,7.196696e+00
1.050603e+00,2.080068e+00,3.743377e+00,-1.549447e+01
2.601372e+00,3.530405e+00,3.094582e+00,2.131781e+01
1.555995e+00,4.974250e+00,4.413065e+00,5.201785e+00
4.754622e+00,2.388989e+00,2.473748e+00,3.486174e+00
2.090791e+00,4.241496e+00,1.990234e+00,1.543228e+01
1.625128e+00,4.489194e+00,3.252721e+00,1.403628e+01
3.790920e+00,2.345070e+00,4.725643e+00,7.617434e+00
3.569201e+00,3.537651e+00,1.283505e+00,5.344405e+00
4.072156e+00,1.835142e+00,3.922257e+00,6.566533e+00
4.464137e+00,3.538266e+00,1.235176e+00,1.475241e+01
3.085621e+00,2.978359e+00,4.620536e+00,1.419544e+01
1.397156e+00,2.411308e+00,1.602823e+00,3.392762e+00
3.734670e+00,2.733485e+00,1.515659e+00,9.030199e+00
4.562191e+00,2.103883e+00,4.799773e+00,4.849138e+00
1.998588e+00,2.328349e+00,1.543904e+00,1.307229e+01
4.730775e+00,2.317754e+00,4.625722e+00,8.774920e+00
1.989972e+00,1.132153e+00,3.296751e+00,2.937628e+00
3.403906e+00,4.811161e+00,2.805568e+00,1.689197e+01
2.300926e+00,4.189725e+00,2.929179e+00,8.506024e+00
3.491161e+00,1.639919e+00,4.228067e+00,5.736038e+00
4.934708e+00,1.900052e+00,1.792855e+00,1.015525e+01
3.036803e+00,1.247353e+00,2.574607e+00,1.209068e+01
3.228052e+00,1.751146e+00,1.595514e+00,4.071765e+00
3.366688e+00,1.718256e+00,3.715507e+00,8.999997e+00
1.665211e+00,1.345741e+00,1.808774e+00,4.882841e+00
2.222834e+00,3.085815e+00,1.975757e+00,3.618163e+00
1.815416e+00,2.668504e+00,3.048612e+00,-4.942899e+00
1.953411e+00,3.062072e+00,3.795018e+00,-1.357579e+00
4.103757e+00,2.449701e+00,2.399333e+00,1.053050e+01
2.900875e+00,1.860539e+00,1.559842e+00,-1.556064e-01
1.728736e+00,1.370629e+00,4.120302e+00,2.422049e+00
2.985130e+00,2.337393e+00,4.143894e+00,3.695900e+00
2.494066e+00,4.378304e+00,3.326482e+00,1.353449e+01
3.918790e+00,1.177442e+00,3.604786e+00,1.158767e+01
2.753513e+00,3.067763e+00,3.290451e+00,-1.622133e+00
3.439311e+00,1.289513e+00,3.786130e+00,1.350383e+01
2.926841e+00,1.218150e+00,3.473111e+00,1.027816e+01
4.930667e+00,4.065307e+00,2.276947e+00,1.662728e+01
4.684747e+00,4.906161e+00,1.897223e+00,4.946001e+00
4.477860e+00,1.115766e+00,3.181526e+00,-1.292558e+00
4.349808e+00,4.712697e+00,1.027847e+00,7.892540e+00
4.745280e+00,2.309615e+00,4.905623e+00,5.225943e+00
2.090251e+00,1.943988e+00,2.034721e+00,9.665192e+00
1.036646e+00,4.810701e+00,1.823244e+00,4.795500e-01
4.843688e+00,4.818486e+00,3.039104e+00,2.367829e+01
4.603045e+00,3.275049e+00,1.496614e+00,1.259259e+01
2.705176e+00,4.723922e+00,4.449678e+00,1.534602e+01
2.826540e+00,3.759963e+00,1.655640e+00,-2.311082e+00
1.804340e+00,2.002471e+00,2.695301e+00,5.784236e+00
1.363174e+00,3.495411e+00,2.755506e+00,-1.408999e-01
3.052032e+00,1.887740e+00,1.689992e+00,5.948199e+00
2.528782e+00,3.884099e+00,1.729991e+00,1.735616e+01
2.529713e+00,2.008620e+00,1.953677e+00,-3.558721e+00
4.630779e+00,1.747860e+00,3.978988e+00,9.449171e+00
1.775092e+00,3.576749e+00,1.209287e+00,6.632170e+00
4.842725e+00,1.104978e+00,4.705526e+00,1.154742e+01
3.987956e+00,3.564501e+00,3.689747e+00,-3.494146e+00
2.086456e+00,1.289817e+00,1.195856e+00,4.170007e+00
1.522677e+00,2.126293e+00,1.496589e+00,-6.436715e+00
1.177902e+00,4.588537e+00,2.973818e+00,1.148493e+01
3.447959e+00,3.612285e+00,1.572510e+00,1.308221e+01
1.668970e+00,1.933033e+00,2.096325e+00,5.066641e-02
3.209193e+00,4.802406e+00,3.457462e+00,8.383067e+00
4.203677e+00,4.374349e+00,1.675160e+00,1.164252e+01
2.043293e+00,2.066640e+00,1.568939e+00,2.591877e-01
3.938548e+00,4.134803e+00,4.425107e+00,1.582346e+01
3.771856e+00,4.679404e+00,2.851916e+00,1.938256e+00
3.191507e+00,1.738381e+00,3.307391e+00,1.177689e+01
3.991612e+00,2.409415e+00,3.816191e+00,-1.133690e+01
1.839943e+00,2.055254e+00,4.905717e+00,2.085318e+00
4.517571e+00,4.252601e+00,1.320343e+00,5.617747e+00
3.253712e+00,3.017753e+00,4.695938e+00,-1.101853e+01
4.687938e+00,1.983345e+00,1.662780e+00,5.603656e+00
2.760461e+00,4.024047e+00,2.578844e+00,-2.007812e+00
2.086347e+00,1.020232e+00,4.196000e+00,7.389349e+00
2.582751e+00,1.436296e+00,3.907884e+00,1.070417e+00
4.188836e+00,4.682099e+00,3.435213e+00,6.639604e+00
3.162388e+00,1.027205e+00,4.293784e+00,5.449544e+00
2.216069e+00,4.717447e+00,1.048454e+00,7.115694e+00
4.726280e+00,4.272055e+00,4.678326e+00,1.230656e+01
3.322320e+00,1.986988e+00,1.186566e+00,1.695259e+00
3.035682e+00,3.350968e+00,3.107375e+00,1.942346e+01
4.113679e+00,3.834948e+00,2.080401e+00,4.661875e+00
2.547310e+00,3.496927e+00,4.410489e+00,2.111903e+00
3.517133e+00,1.869914e+00,3.452339e+00,5.374740e+00
3.204129e+00,4.332179e+00,4.555306e+00,1.336584e+01
3.932663e+00,3.290553e+00,3.395454e+00,-4.928551e+00
4.691827e+00,3.084446e+00,4.900781e+00,8.558569e+00
2.846211e+00,4.536903e+00,1.569648e+00,1.157812e+01
3.516100e+00,3.027822e+00,2.160641e+00,9.013891e+00
3.827574e+00,1.697066e+00,4.211629e+00,1.526949e+00
2.905186e+00,1.102423e+00,2.319713e+00,1.184926e+01
3.109008e+00,2.508891e+00,3.865480e+00,9.984491e+00
2.767714e+00,4.484407e+00,2.560352e+00,8.213581e+00
1.419443e+00,4.548297e+00,2.223478e+00,3.331159e+00
2.450403e+00,3.310824e+00,3.396441e+00,2.116240e+01
1.084780e+00,4.219795e+00,1.922053e+00,1.355023e+01
4.719538e+00,4.425756e+00,2.725759e+00,2.043016e+01
4.422089e+00,4.930277e+00,4.604291e+00,7.830577e-01
4.376455e+00,3.709573e+00,2.754925e+00,2.104849e+01
1.150301e+00,3.777565e+00,4.825970e+00,7.937380e+00
2.861564e+00,2.751527e+00,2.033599e+00,-6.302908e+00
2.538254e+00,2.517937e+00,3.541348e+00,-1.099857e+01
3.053528e+00,2.945519e+00,3.406209e+00,-1.306958e+00
3.573101e+00,2.228014e+00,4.143547e+00,1.018299e+01
2.125324e+00,1.455199e+00,1.664105e+00,2.289440e+01
4.042956e+00,2.692447e+00,3.256744e+00,2.106842e+01
3.995408e+00,4.449660e+00,1.091028e+00,1.102323e+01
1.266461e+00,1.007554e+00,4.765962e+00,1.256498e+01
3.001530e+00,2.476463e+00,4.165953e+00,1.151486e+01
4.316103e+00,3.186809e+00,3.420493e+00,1.080324e+01
4.119851e+00,3.774895e+00,4.642286e+00,6.022782e+00
1.893950e+00,3.835051e+00,2.835703e+00,1.303243e+01
4.033807e+00,1.388558e+00,1.440806e+00,-3.923641e+00
4.581618e+00,4.461556e+00,4.881839e+00,1.312202e+01
1.721214e+00,3.776750e+00,1.570046e+00,2.803500e+00
3.483893e+00,4.797751e+00,2.847015e+00,8.322792e+00
1.442469e+00,2.989223e+00,3.742393e+00,1.727058e+01
3.088210e+00,3.119599e+00,1.837424e+00,1.961463e+01
3.579889e+00,3.943342e+00,2.624873e+00,-3.395469e+00
1.831914e+00,1.070767e+00,2.300060e+00,5.561556e+00
1.959657e+00,4.531642e+00,2.019701e+00,6.661004e+00
3.336935e+00,1.712404e+00,1.332978e+00,1.522872e+00
3.869652e+00,2.529872e+00,1.117237e+00,6.787143e+00
4.518042e+00,3.463934e+00,2.900974e+00,-1.329392e-02
1.310459e+00,1.441270e+00,2.767316e+00,1.890124e+01
3.865053e+00,2.652216e+00,1.947818e+00,4.758331e+00
1.691394e+00,4.309673e+00,4.175840e+00,1.742883e+01
3.070423e+00,1.061407e+00,1.137486e+00,1.279632e+01
2.388503e+00,2.790308e+00,3.273783e+00,1.005162e+01
2.619141e+00,2.730865e+00,2.692313e+00,4.617796e-01
4.753100e+00,1.098663e+00,4.301913e+00,3.623709e+00
1.052232e+00,2.731601e+00,1.224657e+00,2.178982e+00
3.918876e+00,2.319726e+00,1.227186e+00,6.801428e+00
1.717197e+00,4.438872e+00,3.248270e+00,1.038394e+01
1.115527e+00,1.465885e+00,1.347738e+00,1.684937e+01
4.635108e+00,4.047442e+00,4.873397e+00,-6.312094e+00
3.651567e+00,4.842711e+00,1.622406e+00,6.189068e+00
2.843532e+00,2.717308e+00,3.587958e+00,1.570383e+01
3.138213e+00,3.981081e+00,1.203844e+00,-1.528048e+01
3.974304e+00,2.610635e+00,1.975142e+00,1.470652e+01
3.759870e+00,4.469827e+00,3.687334e+00,1.471758e+01
3.137019e+00,1.546949e+00,2.004360e+00,9.463143e+00
2.677745e+00,2.968242e+00,1.129904e+00,-2.607671e+00
4.878260e+00,3.016576e+00,3.522514e+00,2.901126e+00
1.390242e+00,2.064249e+00,4.661836e+00,1.034517e+01
2.756106e+00,1.323565e+00,4.597287e+00,4.518181e+00
4.560727e+00,4.599623e+00,4.503510e+00,9.550325e-01
1.670224e+00,4.320675e+00,1.585574e+00,8.304231e+00
4.613391e+00,3.493109e+00,1.333683e+00,1.262601e+01
4.752416e+00,4.058865e+00,1.606774e+00,1.064303e+01
3.378177e+00,2.907985e+00,2.803291e+00,1.407036e+01
1.808598e+00,3.663468e+00,3.595642e+00,2.423555e-01
2.259011e+00,4.124659e+00,3.643634e+00,3.909047e+00
3.852006e+00,2.577315e+00,3.586142e+00,1.046998e+01
2.890228e+00,2.530617e+00,4.231840e+00,-1.421310e+00
3.053490e+00,4.393581e+00,4.314609e+00,6.946428e+00
2.197000e+00,2.687805e+00,2.926797e+00,3.099180e+00
1.939604e+00,4.855218e+00,2.001047e+00,1.994673e+01
3.257627e+00,4.690837e+00,4.183952e+00,1.460773e+01
2.862916e+00,4.152207e+00,4.147546e+00,6.099822e-01
1.558752e+00,2.031535e+00,2.146492e+00,5.944614e+00
2.431209e+00,1.104421e+00,1.477651e+00,1.419078e+01
4.560756e+00,4.110491e+00,3.816096e+00,2.431464e-02
2.117266e+00,4.766816e+00,3.086669e+00,4.548372e+00
3.643115e+00,2.993399e+00,1.744037e+00,-1.265084e+00
