2.178266e+00,1.149758e+00,5.427631e+00,1.686475e+00
7.541795e-01,7.990852e-01,3.805098e-01,2.959360e+00
2.234759e+00,4.882441e+00,7.492003e-01,1.221728e+00
8.941401e-01,1.089966e+00,3.804806e+00,-2.183557e-01
4.676083e+00,5.661501e+00,3.409382e+00,-1.124478e+00
2.333882e+00,1.538344e+00,5.199935e+00,1.051257e+00
3.642914e+00,7.189736e-01,1.089672e+00,1.970390e+00
1.983938e+00,1.303674e+00,4.134851e+00,1.372430e-01
5.602885e+00,4.252821e-01,4.297766e+00,1.477440e+00
1.127410e+00,8.835675e-01,1.112429e+00,2.262077e+00
2.640900e+00,5.917197e+00,4.663188e+00,1.208908e+00
2.315826e+00,5.357079e-01,3.107069e+00,-8.415022e-01
1.652771e+00,2.682426e+00,4.554165e+00,-1.245734e+00
3.224861e+00,2.448526e+00,5.595925e+00,6.668322e-01
1.122947e+00,3.409870e+00,3.805582e+00,-2.384985e+00
2.514162e+00,6.704388e-01,4.676382e+00,1.363857e+00
5.081931e+00,2.630407e+00,3.961709e+00,-1.383486e+00
5.738169e+00,7.142288e-01,4.724441e+00,2.063977e+00
4.593145e+00,1.391570e+00,1.850059e+00,5.847247e-01
1.282152e+00,5.782683e-01,8.531993e-01,2.477479e+00
9.844707e-01,1.303929e+00,2.214279e+00,6.146673e-01
5.585052e+00,8.580448e-02,3.194535e+00,-2.132771e-01
2.026087e+00,4.149732e+00,6.123397e-01,1.463695e+00
4.331883e+00,1.342941e+00,2.770068e+00,-5.520328e-01
2.894891e+00,9.518412e-01,9.735476e-02,3.228064e+00
6.036129e-01,3.320507e-01,2.610998e+00,2.229488e-01
3.318596e+00,9.079087e-01,3.146121e-01,2.121281e+00
5.712536e+00,3.844216e+00,3.253778e-01,1.742046e+00
8.683637e-01,4.208162e+00,2.955353e+00,-2.038023e+00
3.199048e+00,5.145091e+00,2.782268e+00,-9.566732e-01
8.009317e-01,5.902004e+00,1.174490e+00,2.972908e+00
5.728613e+00,1.995932e+00,1.695063e+00,-1.344726e-01
7.473839e-01,1.142407e+00,6.635691e-01,2.857702e+00
2.978699e+00,4.480768e+00,3.455920e+00,-1.930110e+00
5.698803e+00,1.751714e+00,5.400665e+00,1.284439e+00
4.882073e+00,1.955159e+00,4.863505e+00,9.511466e-01
5.965228e+00,5.127481e+00,4.737320e+00,7.056111e-02
4.393146e+00,2.731806e+00,1.977105e+00,-1.490219e+00
4.022421e+00,1.677650e+00,3.557131e+00,-4.959468e-01
5.621261e+00,2.962992e+00,1.186445e+00,-2.450303e-01
2.155198e+00,1.126499e+00,5.782451e+00,2.384127e+00
2.127097e+00,1.624856e+00,4.109920e+00,-1.316318e+00
1.395848e+00,5.535232e+00,2.509040e+00,3.468472e-01
1.975761e+00,7.569286e-01,5.127334e+00,2.529014e+00
5.511447e-01,2.554052e+00,2.477232e+00,-2.470404e+00
2.891712e+00,3.874520e+00,2.213750e+00,-1.753081e+00
1.775818e+00,5.857109e+00,2.373238e+00,3.486853e-01
1.329153e+00,3.113446e+00,1.087353e+00,2.432720e-01
4.152774e+00,3.485138e+00,1.443417e+00,-7.181214e-01
7.525837e-01,2.949490e+00,1.936421e+00,-1.503974e+00
6.766932e-01,4.900118e+00,4.944403e-01,2.738058e+00
3.334226e+00,3.772945e+00,2.284434e-01,1.108525e+00
5.728304e+00,1.014821e+00,2.044180e-01,2.520188e+00
5.870458e-01,7.542954e-01,1.899000e+00,4.820942e-01
2.051804e+00,6.073581e-01,5.535786e+00,2.825405e+00
1.850981e+00,3.457512e+00,1.183559e+00,-1.460490e-01
3.997844e+00,3.200857e+00,2.706222e+00,-2.524380e+00
2.540096e-01,2.602253e+00,3.438298e-01,9.831129e-01
2.602929e+00,7.253208e-01,3.644091e+00,-1.175212e+00
5.484948e+00,2.963654e+00,4.899763e+00,-6.741454e-01
5.750130e+00,3.695580e+00,5.324247e-01,3.967960e-01
1.722977e+00,2.272056e+00,8.215358e-01,8.330573e-01
4.133082e-01,8.643798e-01,4.535796e+00,1.309854e+00
4.616210e+00,1.910876e+00,2.230393e+00,-1.711778e+00
2.505314e+00,1.464889e+00,5.460019e+00,1.362072e+00
3.634497e+00,4.583541e+00,4.553342e+00,3.432822e-01
3.449004e+00,2.490969e+00,4.983961e+00,-7.333767e-01
3.185094e+00,1.278279e+00,1.827677e+00,9.452875e-02
1.561247e+00,4.931196e+00,4.800921e+00,8.246970e-01
3.981678e-01,5.607427e+00,2.221849e+00,1.522221e+00
5.545160e+00,1.330105e+00,5.697687e+00,2.280145e+00
9.081422e-01,1.909553e-01,3.585613e+00,-6.029886e-01
4.196400e+00,3.712608e+00,2.364075e+00,-2.064199e+00
5.637006e+00,4.048498e+00,7.954704e-01,2.083196e-01
1.682839e+00,3.120417e+00,5.238797e+00,2.454744e-01
4.787293e+00,9.442015e-01,2.527055e+00,-4.242815e-01
1.482955e+00,3.719574e+00,6.329995e-01,2.732649e-01
4.552573e-01,2.412534e+00,1.188597e+00,9.171194e-01
1.967305e+00,3.724333e+00,5.594513e+00,9.893171e-01
5.688703e+00,3.925902e+00,3.537607e+00,-1.964231e+00
1.431194e+00,3.527459e+00,4.385390e+00,-1.731910e+00
4.914803e+00,5.388098e-01,3.583023e+00,-2.348428e-01
5.240424e+00,2.643485e+00,3.425626e+00,-2.478453e+00
5.329824e+00,1.327191e+00,2.266637e+00,-5.799879e-01
2.047173e-01,1.681094e+00,3.908275e+00,-6.755964e-01
3.862733e+00,2.394668e+00,1.443339e+00,-6.470129e-01
5.501571e+00,5.872717e+00,4.712632e+00,2.496685e+00
2.025324e+00,4.826684e+00,3.877185e+00,-1.085238e+00
3.776296e+00,5.877844e-01,3.747108e+00,-5.175037e-01
3.074126e+00,3.475367e+00,2.188820e+00,-1.950432e+00
3.079124e+00,5.330801e+00,1.808992e+00,8.489750e-01
5.971233e+00,1.254743e+00,5.959438e-01,1.835556e+00
3.204514e+00,6.405162e-01,6.419941e-01,3.565509e+00
2.738530e+00,1.594293e+00,4.642035e+00,9.337217e-01
4.231162e+00,3.412318e+00,2.578688e+00,-1.975205e+00
2.365233e-01,3.846247e+00,3.268819e+00,-2.271225e+00
2.973519e+00,1.127247e+00,2.294653e+00,-1.204971e-01
3.547502e+00,4.413766e+00,5.524957e-01,1.595847e+00
6.513084e-01,5.111068e-01,6.277881e-01,3.506675e+00
4.999542e+00,3.182708e-01,4.405555e+00,1.510248e+00
5.875321e+00,7.252853e-01,5.842330e+00,3.728520e+00
3.744393e+00,1.168146e+00,4.784700e+00,1.548417e+00
3.548428e+00,4.916110e+00,4.547533e+00,-6.406829e-01
3.542639e+00,4.525781e+00,3.950594e+00,-1.107268e+00
3.612074e+00,2.583374e+00,5.142293e+00,-1.500750e-01
5.260859e+00,3.875580e+00,2.139504e+00,-1.417130e+00
5.472949e+00,1.086105e+00,1.591224e-01,3.041856e+00
5.026362e+00,3.537414e-01,3.592123e+00,-2.360068e-01
4.529779e+00,1.827614e-03,5.115731e+00,2.952093e+00
9.196779e-01,2.601488e+00,2.112124e+00,-2.193449e+00
1.947704e+00,6.034065e-01,2.108740e-01,3.215455e+00
4.838696e+00,3.174574e+00,1.380843e+00,-1.767436e+00
3.461236e-01,2.252740e+00,1.760304e+00,-6.748859e-01
3.566441e+00,1.051291e-02,3.334023e+00,-5.809722e-01
4.545390e+00,5.341194e+00,8.861687e-01,2.239060e+00
3.103215e+00,2.137464e+00,1.756331e+00,-8.867632e-01
6.291798e-01,3.935674e-01,1.921724e+00,8.916445e-02
2.513214e+00,5.114706e+00,3.121383e+00,-8.471923e-01
3.837797e+00,5.749470e+00,2.979681e+00,-4.588907e-01
2.004995e+00,1.675782e+00,4.730550e+00,1.407828e-01
1.135823e+00,5.885590e+00,5.741499e+00,2.991131e+00
1.404910e+00,4.372967e+00,5.932762e+00,1.901769e+00
1.162443e+00,9.474915e-01,2.910392e+00,-3.971530e-01
4.321274e+00,4.908162e-01,2.990759e+00,-2.252404e-01
3.364136e+00,4.494766e+00,2.493495e+00,-1.609674e+00
4.732523e+00,7.255909e-01,3.595062e+00,-4.800162e-01
4.910265e+00,1.116837e+00,3.427104e+00,-5.717679e-01
2.925953e+00,2.122964e+00,5.167514e+00,1.676666e-01
1.931460e+00,4.762960e+00,3.219944e+00,-1.438103e+00
3.338146e+00,5.827179e+00,5.116247e-01,3.645583e+00
5.106703e+00,4.063015e+00,1.283784e+00,-5.219464e-01
3.878156e-01,4.739884e+00,4.455152e+00,-2.921543e-04
4.539814e+00,5.660358e+00,1.391144e+00,1.836964e+00
2.228649e+00,5.273054e+00,5.910655e+00,3.011586e+00
4.244068e+00,4.912618e+00,4.919984e+00,3.927860e-01
5.801188e-01,5.682456e+00,5.097526e-03,2.372619e+00
5.775729e+00,1.232971e-01,4.511543e+00,1.006526e+00
3.277931e+00,4.754813e+00,3.711047e+00,-1.429982e+00
1.903452e+00,4.535879e-01,4.498333e+00,4.242179e-01
1.415603e+00,2.583488e+00,3.074102e+00,-2.866749e+00
4.129905e+00,5.744450e+00,2.077981e-01,3.437848e+00
3.340303e+00,5.650423e+00,1.262524e+00,1.669480e+00
3.402116e+00,2.833523e+00,3.133674e+00,-2.942111e+00
3.471820e+00,1.527229e-01,5.239776e-02,3.374436e+00
6.915436e-01,4.674113e+00,1.133969e+00,1.610517e+00
5.681264e+00,2.434277e+00,5.277257e+00,6.003175e-01
8.490981e-01,1.036146e+00,5.744634e+00,1.701120e+00
2.760360e+00,3.732640e+00,3.687293e+00,-2.749668e+00
3.964106e+00,4.087268e-02,3.810819e+00,6.430556e-01
3.566227e+00,5.704407e+00,1.729499e+00,5.421379e-01
1.143602e+00,4.789096e+00,5.915652e+00,2.286396e+00
2.751544e+00,1.891032e+00,5.235383e+00,4.179242e-01
5.301919e+00,3.992471e-01,5.507479e-01,2.876875e+00
2.412493e+00,2.274049e+00,1.540628e-01,1.488553e+00
5.771029e+00,4.184883e+00,9.765029e-01,1.695215e+00
9.830361e-01,2.195955e+00,5.809923e-01,9.859411e-01
4.876855e+00,5.434862e+00,5.479598e+00,2.729027e+00
5.781734e+00,5.126363e+00,3.149386e+00,-1.088714e+00
2.948177e+00,4.470532e+00,2.585477e+00,-1.708108e+00
5.571112e+00,2.962936e+00,3.766343e-01,7.559166e-01
5.100150e+00,2.157198e+00,1.498369e+00,2.103591e-01
7.842984e-02,2.845219e+00,1.484497e+00,-2.119262e-01
2.076450e+00,4.463356e+00,1.485889e+00,-4.306883e-01
4.948545e+00,2.320024e+00,1.323649e+00,3.420493e-01
5.791938e+00,3.808600e-01,5.639280e+00,3.620362e+00
2.913041e+00,5.921210e+00,5.698764e+00,3.018861e+00
1.174447e+00,2.374838e+00,5.582936e+00,1.553041e+00
5.217231e+00,3.471341e-01,4.203806e+00,9.233681e-02
1.151324e+00,4.904649e+00,2.928006e+00,-1.854137e+00
2.605999e+00,2.067487e+00,1.391222e+00,-1.703303e-01
2.359219e+00,1.275595e+00,7.014639e-01,1.468974e+00
2.740724e+00,2.384743e+00,5.587328e-02,1.475670e+00
3.124702e+00,1.517550e+00,1.371257e+00,8.560591e-01
3.607241e+00,3.608224e+00,1.922028e+00,-9.741907e-01
5.933318e+00,1.977870e-02,4.278258e+00,9.843568e-01
4.617826e+00,5.211857e+00,4.221926e+00,-3.052038e-01
5.170310e+00,4.944519e+00,5.772463e+00,3.198045e+00
3.487819e+00,3.843499e+00,1.375433e+00,-3.555546e-01
3.366157e+00,1.086326e+00,4.221590e+00,-1.601773e-01
3.525437e-01,3.816785e+00,3.076207e+00,-2.835123e+00
2.064334e+00,2.897229e+00,4.190099e+00,-1.766577e+00
1.717064e+00,5.380857e+00,5.580668e+00,2.784158e+00
2.276493e+00,3.059733e+00,2.002717e+00,-1.352882e+00
1.606490e+00,3.303836e+00,4.105144e+00,-1.437608e+00
9.111143e-02,5.167914e+00,3.922126e+00,-8.064762e-02
5.173155e+00,5.915237e+00,3.845431e+00,6.842207e-01
5.910533e+00,5.032750e+00,2.345473e+00,-2.410548e-01
4.886817e-01,1.250699e+00,5.851930e+00,2.578154e+00
5.926693e+00,2.396317e+00,2.652706e+00,-1.747023e+00
2.275854e+00,5.849859e+00,2.589812e+00,-9.387465e-02
1.695029e+00,1.972003e+00,5.049491e+00,-8.498690e-02
3.490231e+00,2.254360e+00,1.540479e-01,9.224271e-01
4.682240e+00,2.842258e+00,2.182629e+00,-1.171794e+00
1.332892e+00,1.999905e+00,2.884482e+00,-1.730508e+00
5.885283e+00,2.563133e+00,3.237574e+00,-2.388049e+00
5.020207e+00,1.929144e+00,1.711240e+00,-1.351857e+00
1.151086e+00,9.145315e-01,5.001571e+00,1.374033e+00
4.897083e+00,9.211982e-01,3.527924e-01,2.755580e+00
3.502005e+00,2.912044e-02,1.230420e+00,2.388093e+00
3.290443e+00,5.812511e-01,3.324057e+00,-7.564598e-01
