5.400461e+00,2.560983e+00,7.050355e-01,4.070771e-01
7.602076e-01,5.749400e+00,4.131613e+00,4.379999e-01
1.904114e+00,1.825992e+00,1.897424e+00,-8.874847e-01
1.389176e+00,4.301289e+00,3.981301e+00,-1.294396e+00
3.205661e-01,4.955082e+00,1.497989e+00,-8.289924e-01
1.683805e+00,1.089292e+00,4.110499e+00,-1.328627e+00
5.805510e+00,5.845034e+00,5.233002e+00,9.776354e-01
1.828505e+00,1.911231e+00,1.412584e+00,-8.377489e-01
4.046891e+00,3.442501e+00,4.378840e+00,-4.557811e-01
2.806736e+00,2.216339e+00,3.311793e-01,1.094287e+00
5.981383e+00,1.809016e+00,5.583878e+00,3.829668e-01
2.762743e+00,4.636875e+00,4.353092e+00,-1.150680e+00
1.943375e+00,3.981357e+00,2.506719e+00,3.154832e-02
2.537635e+00,4.029737e+00,3.870312e+00,-2.037881e-01
4.085640e+00,5.121362e+00,1.643640e+00,-8.571521e-01
1.472512e+00,5.167441e+00,5.739821e+00,3.121827e-01
7.255233e-01,4.986507e+00,5.414598e+00,-3.870984e-01
2.395121e+00,2.859982e+00,4.910188e+00,8.412139e-01
1.029549e+00,4.273486e+00,1.552801e+00,-1.209316e+00
2.452773e+00,1.499035e+00,2.697797e+00,2.916484e-01
5.653396e+00,3.058423e+00,4.246529e+00,7.090500e-01
4.609836e+00,5.975911e+00,4.823842e+00,4.243813e-01
3.660704e+00,5.062366e+00,5.247439e+00,-1.395293e-01
5.408541e+00,3.996059e+00,2.577089e+00,4.266756e-01
3.868669e+00,1.323135e+00,5.202078e+00,-9.336428e-01
2.448591e+00,1.653439e+00,5.859107e+00,2.134836e-01
5.821831e+00,4.825486e+00,5.737486e+00,2.674440e-01
1.955261e+00,2.358126e+00,5.470865e+00,7.102899e-01
3.747716e+00,4.709087e+00,4.057774e+00,-9.603289e-01
5.565267e+00,2.603096e+00,3.415301e+00,1.660848e+00
2.517304e+00,2.933199e+00,3.428511e+00,1.685087e+00
2.925331e+00,4.165529e-01,3.190302e+00,1.528461e+00
4.969325e+00,4.461786e+00,5.241881e+00,-8.120439e-01
5.373028e-01,1.861570e+00,1.078764e+00,-9.515753e-01
5.892033e+00,3.206856e-01,5.052418e+00,7.491378e-01
4.906956e-01,5.874043e+00,5.474428e+00,1.443336e+00
5.658520e-01,4.515415e+00,5.907022e+00,3.377722e-02
5.790944e+00,3.122260e+00,2.497815e+00,1.652414e+00
5.827065e+00,3.225637e+00,2.112587e+00,1.034246e+00
1.552146e+00,3.668326e+00,2.149064e+00,7.817926e-02
4.365583e+00,3.721229e+00,4.830196e+00,-7.954449e-01
4.019632e+00,4.231006e+00,2.740436e-01,-3.322330e-01
4.582934e+00,3.161413e+00,5.922248e+00,1.206828e+00
1.407169e+00,4.773799e+00,3.134326e-01,-4.207885e-01
4.214161e+00,3.064609e-01,2.177612e+00,2.918026e-01
4.365981e+00,5.105045e+00,2.846251e+00,6.746654e-01
7.207327e-01,4.683054e+00,5.534948e+00,-5.009153e-01
4.501125e+00,2.954294e+00,1.237394e+00,3.613009e-01
2.153768e+00,2.122630e-01,7.309749e-01,5.431277e-01
4.431538e+00,4.930849e+00,1.789913e+00,-9.370045e-01
1.134371e+00,1.854085e+00,2.919048e+00,-4.330520e-02
1.922046e+00,3.382846e+00,4.867044e+00,5.323811e-02
8.613847e-01,5.779602e+00,4.274397e+00,-6.965934e-02
5.094775e+00,1.469166e+00,1.060577e+00,-1.197820e+00
5.450494e+00,4.230449e+00,2.390962e+00,-6.308859e-04
4.245478e+00,6.337108e-01,5.621123e+00,5.894426e-01
2.093714e+00,3.010418e+00,5.342310e+00,9.861161e-01
2.762458e+00,3.559038e+00,2.628731e+00,1.595925e+00
4.902274e+00,2.686523e+00,4.430762e+00,1.942564e-01
3.209820e+00,4.995585e+00,2.832035e+00,8.464972e-01
2.099677e+00,2.456995e+00,5.430470e+00,9.644309e-01
3.903265e+00,1.492632e+00,2.547372e+00,-2.593492e-01
3.538431e+00,5.511630e+00,1.853762e+00,4.228765e-01
5.515583e+00,2.550413e+00,1.920068e+00,7.662242e-01
1.065364e+00,2.196478e+00,6.889402e-01,-3.438494e-02
2.329106e+00,4.057812e+00,4.804639e+00,-8.023308e-01
1.050914e+00,4.160231e+00,3.456706e+00,-3.606817e-01
6.906520e-01,4.136802e+00,2.588245e+00,2.974193e-01
3.475437e+00,2.857611e+00,3.328700e+00,1.552130e+00
3.576426e+00,3.347528e+00,2.490405e+00,1.186235e+00
3.807932e+00,5.840740e+00,2.152214e+00,8.080293e-01
3.680061e+00,5.793647e-01,5.158075e+00,7.488781e-03
9.979301e-01,3.306311e+00,2.018940e+00,5.480325e-01
2.670825e+00,5.607950e+00,2.408466e+00,1.284836e+00
1.463292e-01,1.120921e-01,2.276129e+00,1.217279e+00
5.118671e+00,5.563801e+00,3.061311e+00,1.284497e+00
4.525400e+00,3.430377e+00,4.774385e+00,-3.222222e-01
2.294753e+00,4.147111e+00,3.801924e+00,-2.946866e-01
3.017346e+00,2.130441e+00,4.012376e+00,-8.387138e-03
4.414321e+00,5.518642e+00,4.270522e-01,2.897181e-01
1.708194e+00,3.202451e+00,4.679012e+00,1.832604e-01
1.547362e+00,1.544621e+00,4.556509e+00,-1.428971e+00
4.527495e+00,3.964614e+00,4.028024e+00,-9.370017e-01
2.558775e+00,5.358263e+00,5.536432e+00,1.008402e+00
1.327183e+00,2.574150e-01,1.213761e+00,-3.026778e-01
2.886941e+00,2.395232e+00,3.154323e+00,1.540335e+00
2.217705e+00,3.010205e+00,2.460835e+00,1.568340e+00
1.716997e+00,3.962309e+00,2.642053e+00,2.658990e-01
3.912663e+00,1.399077e+00,1.358985e+00,-1.433382e+00
4.267106e+00,1.743878e+00,4.616818e+00,-1.520656e+00
4.643611e+00,4.680966e+00,5.262065e+00,-9.143918e-01
4.761225e+00,4.494342e+00,2.165566e+00,-7.587657e-01
2.428856e+00,1.497926e+00,5.848685e+00,-5.597055e-02
1.326336e+00,2.247571e-02,4.874701e+00,3.464721e-01
2.069708e+00,1.531473e+00,1.048346e+00,-1.297649e+00
2.609382e+00,2.589696e-01,1.394237e+00,2.845344e-01
3.717650e+00,2.609294e+00,5.333334e+00,1.046802e+00
2.503333e+00,3.124539e+00,1.624418e+00,3.755852e-01
4.143735e-01,4.445313e+00,2.890618e+00,1.745228e-01
1.159299e+00,9.660569e-02,3.728316e+00,7.141103e-01
2.290206e+00,1.051320e-02,3.686541e+00,1.696058e+00
3.478113e+00,4.841083e+00,4.592022e-01,-1.544363e-01
5.667173e+00,2.656172e+00,5.262199e+00,1.186891e+00
5.335685e+00,5.864282e+00,5.187528e+00,9.528442e-01
2.722219e+00,1.208069e-01,1.488841e+00,5.264582e-01
3.316522e+00,2.183144e-01,4.757845e-01,1.140876e+00
1.011985e+00,2.022914e+00,3.674435e+00,-2.015277e-02
5.343341e+00,2.933264e-02,2.931368e-01,1.497507e+00
3.830682e+00,3.604025e-01,3.178713e+00,1.054702e+00
3.743798e+00,2.665727e+00,7.448171e-01,8.158167e-01
5.433527e+00,2.469928e+00,2.932080e+00,1.651732e+00
4.364351e+00,3.792306e+00,2.733837e+00,4.050435e-01
4.794712e+00,4.271849e+00,4.810423e+00,-1.539426e+00
8.449630e-01,2.719975e+00,2.296969e+00,1.051735e+00
7.504236e-01,4.512253e-01,3.037783e+00,8.733031e-01
5.132538e+00,1.460232e+00,4.030814e+00,-1.268789e+00
1.832739e+00,5.241847e+00,5.655311e+00,3.198908e-01
4.652544e-01,3.911515e-01,1.504629e+00,-5.096348e-01
2.019517e+00,4.506506e+00,1.921000e+00,-9.653428e-01
1.717171e+00,2.283526e+00,1.092795e+00,-4.700179e-01
2.479053e+00,5.551886e+00,3.548452e+00,1.253774e+00
5.167269e+00,2.669253e+00,5.481069e+00,1.177331e+00
3.168255e+00,1.707883e+00,8.458481e-01,-5.456552e-01
3.283019e+00,1.260614e+00,1.073563e+00,-8.786523e-01
5.668790e+00,1.646710e+00,4.724585e+00,-7.106817e-01
4.350158e+00,5.740171e+00,2.973799e+00,1.456346e+00
5.518378e+00,7.116271e-01,3.282548e+00,4.573191e-01
2.166362e+00,4.241352e+00,2.533523e+00,-1.993044e-01
3.130762e+00,1.439435e+00,5.129007e+00,-3.612631e-01
4.314315e+00,3.248814e-01,1.600249e+00,-3.278143e-01
5.533885e+00,3.253721e+00,5.213039e+00,8.071647e-01
6.021251e-01,4.667931e+00,4.804964e+00,-1.023858e+00
2.228752e+00,5.948234e+00,4.052879e+00,4.209080e-01
1.814852e+00,4.510635e+00,1.861279e+00,-1.241421e+00
5.356744e+00,4.861641e+00,1.633756e+00,-1.222814e+00
3.075486e+00,4.088560e+00,6.825055e-01,-3.084076e-01
5.293021e+00,4.637260e+00,4.758455e+00,-1.101934e+00
4.463565e+00,3.761323e+00,2.198125e+00,-1.455459e-01
1.262279e+00,3.608448e+00,2.247106e+00,1.735250e-01
3.461736e-01,2.385630e+00,5.562872e+00,1.414932e+00
5.879205e+00,2.053940e+00,1.608635e+00,-2.487864e-01
6.406846e-01,3.188454e+00,2.719883e+00,1.301599e+00
1.171039e+00,2.077283e+00,7.788079e-01,-5.923095e-01
1.766148e+00,4.026963e+00,3.740227e+00,-6.264457e-01
5.776494e+00,5.692262e+00,3.696371e+00,1.213816e+00
8.382928e-01,2.632907e+00,5.538192e+00,1.085819e+00
3.692285e+00,1.753519e+00,5.839197e+00,4.740837e-01
5.599668e+00,4.711251e+00,5.579680e+00,8.111536e-02
5.013769e+00,7.528520e-01,5.991969e+00,2.697514e-01
2.732678e+00,4.776725e+00,1.429669e+00,-1.043176e+00
2.994471e+00,2.883141e+00,8.382015e-01,8.877278e-01
3.784169e+00,4.411801e+00,4.907013e+00,-1.507035e+00
5.078992e+00,4.628752e-01,2.273564e+00,4.143518e-01
5.459149e+00,1.700624e+00,4.916661e+00,-9.936175e-01
5.770724e+00,3.090481e+00,1.532998e+00,6.991549e-01
3.562486e+00,3.179957e+00,4.899116e-01,1.006608e+00
4.891613e+00,4.953899e+00,5.933787e+00,3.613191e-01
3.821554e+00,1.275123e+00,1.324745e+00,-1.422641e+00
1.311036e+00,3.436037e+00,3.001904e+00,9.588091e-01
5.149394e-02,3.201925e+00,6.197865e-01,8.335121e-01
1.800478e+00,4.977815e+00,1.342054e+00,-1.334048e+00
3.813320e+00,4.428134e+00,3.871038e+00,-6.523965e-01
1.813796e+00,1.083533e+00,2.599151e+00,-7.099046e-02
5.733012e+00,2.099614e+00,1.190201e+00,-3.457134e-01
1.016969e+00,8.540408e-02,2.535856e+00,1.032805e+00
2.535950e+00,3.016642e+00,8.048985e-01,8.578472e-01
4.272385e+00,2.856476e+00,2.706646e+00,1.581528e+00
3.925910e+00,3.304931e+00,3.040534e+00,1.383468e+00
3.822557e+00,3.066028e-01,5.346494e+00,7.282480e-01
3.407695e+00,2.787639e+00,9.985231e-01,5.283329e-01
3.776335e+00,4.329395e+00,1.536098e+00,-1.281225e+00
1.122001e+00,1.614100e+00,3.235163e+00,-1.914489e-01
5.500394e+00,4.664186e+00,4.424616e+00,-1.503787e+00
8.183835e-01,5.315125e+00,6.556201e-01,-1.373045e-01
5.908989e+00,5.486826e+00,5.380252e+00,9.046220e-01
5.157424e+00,5.060415e+00,2.016810e+00,-5.894011e-01
5.559168e+00,3.899042e+00,2.191903e+00,2.283357e-01
2.436976e+00,5.531004e+00,1.353974e-01,1.006142e+00
3.353770e+00,2.329373e+00,4.807553e+00,-1.727211e-01
3.239146e+00,3.617518e+00,3.503504e+00,9.378141e-01
4.083942e+00,5.439585e+00,2.680321e+00,8.207710e-01
2.172877e+00,4.077665e+00,1.488775e+00,-1.062994e+00
6.147238e-01,2.266979e+00,2.934610e+00,1.136590e+00
4.413153e+00,2.757643e+00,4.537162e+00,-1.020865e-01
2.942262e+00,4.651780e+00,4.669286e+00,-7.771493e-01
3.214858e+00,9.217618e-01,1.209714e+00,-9.007440e-01
5.131003e+00,4.311284e+00,1.194662e+00,-1.385207e+00
1.967150e+00,1.716633e+00,5.911646e+00,3.012728e-01
5.986739e-01,2.190843e-01,4.262622e+00,-2.187023e-01
3.442234e+00,4.455274e+00,7.212484e-02,-9.264419e-02
2.927523e+00,3.436514e+00,5.387749e+00,1.180424e+00
2.203117e+00,4.813345e+00,9.329154e-02,2.077616e-01
3.452433e+00,5.178415e+00,3.077558e+00,7.201137e-01
3.909108e+00,4.160116e+00,4.350149e+00,-1.274959e+00
4.579051e+00,1.770920e-01,4.080975e+00,5.280071e-02
4.066744e-01,2.252303e+00,4.038426e+00,8.209282e-02
5.874490e+00,3.376250e+00,3.961416e+00,8.154479e-01
5.811634e+00,1.496367e+00,3.773036e+00,-6.372945e-01
6.229805e-01,8.064897e-01,5.434417e+00,-9.785544e-02
2.420418e+00,2.671667e+00,4.251169e+00,5.727000e-01
