4.253185e+00,3.520418e+00,-3.339019e-01
5.852687e+00,4.468845e+00,2.015202e-01
4.874558e+00,4.837390e+00,-3.029934e+00
2.989620e+00,4.576148e+00,1.153631e+00
3.588018e+00,3.537284e+00,1.897494e+00
1.312985e+00,4.006872e+00,-1.171038e+00
3.603647e+00,5.883286e+00,1.766919e+00
1.207647e+00,2.404310e+00,-1.746220e+00
1.749208e+00,5.079869e+00,-2.288765e+00
3.267763e+00,3.275176e+00,2.483817e+00
5.681903e+00,1.546306e+00,-3.300688e-01
3.581757e+00,2.440015e+00,1.953599e+00
3.454912e+00,3.680402e+00,2.288728e+00
3.057261e+00,3.944045e+00,1.558595e+00
3.508080e+00,1.007552e+00,1.181096e+00
2.550533e+00,4.989764e+00,1.247034e-01
2.301032e+00,3.857824e+00,-3.833201e-01
2.818474e+00,3.078547e+00,2.247791e+00
5.683804e+00,2.902817e+00,1.195984e+00
2.748409e+00,3.244691e+00,2.080507e+00
1.639499e+00,3.498853e+00,-7.976412e-01
3.464713e+00,4.100575e+00,1.324931e+00
3.405717e+00,3.137964e+00,2.770283e+00
1.563095e+00,3.270256e+00,-8.249546e-01
5.362402e+00,1.273587e+00,-8.212727e-01
2.401956e+00,2.680140e+00,6.775881e-01
4.288868e+00,4.753630e+00,-2.177125e+00
1.742794e+00,4.240401e+00,-1.939277e+00
3.631191e+00,3.573917e+00,1.677333e+00
5.143908e+00,1.461034e+00,-1.154467e+00
2.901005e+00,3.013340e+00,2.499696e+00
2.145412e+00,1.197850e+00,-1.120046e+00
2.103042e+00,5.876936e+00,-7.345158e-01
3.768801e+00,2.740163e+00,4.779220e-01
5.118171e+00,3.852462e+00,-1.050932e+00
1.091538e+00,1.196042e+00,-1.549375e+00
4.814390e+00,4.152744e+00,-1.838086e+00
2.282232e+00,4.718861e+00,-1.552260e+00
4.669163e+00,5.840159e+00,-1.174762e+00
2.677756e+00,2.216632e+00,5.726033e-01
5.750214e+00,4.746358e+00,3.751862e-01
3.173504e+00,2.251133e+00,1.121433e+00
3.915425e+00,5.422734e+00,-5.149773e-02
2.921303e+00,1.905487e+00,4.533375e-01
3.029614e+00,4.925225e+00,1.174407e+00
5.791471e+00,1.721738e+00,4.075730e-01
2.479001e+00,2.454229e+00,6.640000e-01
4.230001e+00,1.446772e+00,-1.510371e+00
5.052330e+00,3.566710e+00,-6.879437e-01
4.786675e+00,2.501052e+00,-1.849463e+00
4.503500e+00,2.036567e+00,-2.426353e+00
1.848117e+00,1.577199e+00,-2.244286e+00
4.428071e+00,4.356231e+00,-2.738929e+00
1.561768e+00,4.743614e+00,-2.419573e+00
5.867156e+00,5.128750e+00,3.558050e-01
1.638993e+00,5.813425e+00,-9.481965e-01
3.342498e+00,4.271773e+00,9.611133e-01
5.992256e+00,1.997887e+00,7.217457e-01
1.322230e+00,4.647810e+00,-2.469403e+00
4.241971e+00,1.534469e+00,-1.815876e+00
5.594099e+00,2.269939e+00,3.413669e-02
5.494208e+00,5.750843e+00,6.433510e-01
4.750843e+00,5.514402e+00,-1.666778e+00
2.498192e+00,5.781926e+00,9.002677e-01
5.481124e+00,2.332944e+00,-4.290468e-01
1.376085e+00,2.765471e+00,-6.472874e-01
3.154261e+00,2.499822e+00,2.560182e+00
2.072031e+00,1.291539e+00,-1.303753e+00
4.688420e+00,1.036263e+00,-2.185646e+00
5.730512e+00,5.973997e+00,1.815669e+00
5.144704e+00,5.514089e+00,-1.883201e+00
3.730445e+00,4.524298e+00,-2.979343e-01
1.984745e+00,1.011549e+00,-1.390687e+00
2.843252e+00,3.472623e+00,2.136942e+00
3.029740e+00,5.298110e+00,1.340684e+00
4.706713e+00,2.680615e+00,-1.327924e+00
5.885083e+00,4.959525e+00,1.401065e-01
3.874709e+00,5.675223e+00,4.725052e-01
5.103686e+00,2.954202e+00,-2.794249e-01
2.898315e+00,4.161808e+00,1.344570e+00
3.289617e+00,5.251691e+00,1.325287e+00
3.851364e+00,5.644393e+00,4.503797e-01
5.703073e+00,3.809493e+00,1.439268e+00
5.202647e+00,3.756814e+00,-9.006036e-01
5.638401e+00,5.628636e+00,8.184937e-01
3.963667e+00,3.964887e+00,-4.684609e-02
2.093813e+00,3.125098e+00,-5.963517e-02
4.233243e+00,1.031981e+00,-1.414763e+00
3.285275e+00,4.199808e+00,2.074246e+00
5.306745e+00,3.355349e+00,-6.638007e-02
5.182347e+00,2.213584e+00,-9.720444e-01
5.840006e+00,3.980830e+00,1.320946e+00
5.876739e+00,4.484102e+00,2.054252e-01
2.298757e+00,1.004487e+00,-8.723560e-01
2.052450e+00,4.466042e+00,-1.794452e+00
3.352761e+00,3.122615e+00,3.299734e+00
1.894717e+00,1.801870e+00,-2.255555e+00
4.581011e+00,2.052956e+00,-1.897106e+00
2.342452e+00,3.978668e+00,-5.828470e-01
1.542132e+00,5.215880e+00,-2.107601e+00
2.915605e+00,3.791566e+00,1.662224e+00
1.654444e+00,2.102811e+00,-2.401184e+00
1.270080e+00,2.351497e+00,-8.737747e-01
1.710492e+00,1.170123e+00,-2.577251e+00
5.119716e+00,5.306078e+00,-1.450776e+00
1.019829e+00,5.405337e+00,-1.383549e+00
5.345424e+00,5.876481e+00,4.707682e-01
3.348365e+00,4.256335e+00,7.193311e-01
3.349454e+00,2.869886e+00,1.913120e+00
1.092585e+00,1.348095e+00,-1.786013e+00
5.606448e+00,1.241974e+00,-5.925155e-01
2.593267e+00,5.170018e+00,5.034100e-01
1.059561e+00,1.459961e+00,-2.051809e+00
1.646107e+00,3.859979e+00,-2.692959e+00
5.388905e+00,2.125913e+00,-6.171813e-01
1.176644e+00,3.309933e+00,-4.510575e-01
3.848633e+00,4.839173e+00,-1.137556e-01
2.197637e+00,1.694263e+00,-1.135157e+00
2.692797e+00,2.907207e+00,1.996582e+00
2.411821e+00,1.739575e+00,-6.636238e-01
5.782945e+00,5.006525e+00,5.277675e-01
1.544430e+00,5.890423e+00,-1.241316e+00
2.143403e+00,3.804096e+00,-6.990253e-01
2.073050e+00,5.050305e+00,-1.404017e+00
3.155055e+00,3.732933e+00,1.971379e+00
2.084729e+00,2.447823e+00,-8.801579e-01
3.910358e+00,3.544459e+00,2.306173e-01
3.389309e+00,3.493301e+00,1.657798e+00
5.045417e+00,2.797608e+00,-5.976609e-01
4.426700e+00,2.666526e+00,-1.113622e+00
1.106014e+00,4.446113e+00,-1.782974e+00
4.103393e+00,4.768319e+00,-1.137837e+00
1.704984e+00,5.157823e+00,-2.094956e+00
5.173100e+00,4.486483e+00,-1.725000e+00
3.718647e+00,4.811759e+00,3.056728e-01
1.686202e+00,3.847665e+00,-2.070126e+00
2.985274e+00,2.170307e+00,1.436328e+00
4.665025e+00,3.704670e+00,-1.218776e+00
5.458570e+00,2.977297e+00,5.958334e-01
1.180717e+00,1.871367e+00,-1.728765e+00
4.892312e+00,1.736398e+00,-2.997090e+00
5.888674e+00,2.379065e+00,1.623611e+00
2.271273e+00,3.999050e+00,-3.990928e-01
5.450110e+00,5.652342e+00,5.443134e-01
5.296342e+00,5.399494e+00,-1.014273e+00
2.788527e+00,3.436521e+00,1.879338e+00
4.854764e+00,1.054561e+00,-2.248921e+00
1.867074e+00,1.363640e+00,-2.121736e+00
5.672602e+00,1.798495e+00,-5.314988e-02
5.622171e+00,4.730751e+00,1.383847e-01
1.008489e+00,5.909050e+00,5.170506e-01
1.721602e+00,2.677065e+00,-1.143435e+00
4.884398e+00,5.864375e+00,-9.290978e-01
4.587538e+00,2.978852e+00,-5.690736e-01
4.939251e+00,2.045012e+00,-1.748510e+00
3.927057e+00,5.649560e+00,5.296167e-01
2.453118e+00,5.544219e+00,1.663443e-01
4.728711e+00,3.268240e+00,-7.497396e-01
4.175301e+00,2.881541e+00,-3.307561e-01
4.574478e+00,3.476579e+00,-1.282014e+00
5.309559e+00,5.721086e+00,-7.182946e-01
1.405235e+00,5.138077e+00,-2.436222e+00
3.151009e+00,1.645983e+00,7.336048e-01
3.054838e+00,1.486532e+00,1.140866e+00
3.388008e+00,1.800295e+00,9.432076e-01
4.650746e+00,2.275075e+00,-2.411412e+00
1.751208e+00,5.798243e+00,-1.565054e+00
2.324801e+00,3.398260e+00,1.757106e-01
5.089924e+00,1.122925e+00,-1.765303e+00
2.603353e+00,3.264640e+00,1.394721e+00
4.935126e+00,2.687145e+00,-1.105860e+00
3.566481e+00,1.655794e+00,6.244670e-01
1.425305e+00,4.764585e+00,-2.204601e+00
4.102851e+00,5.384217e+00,-3.022378e-01
1.531702e+00,5.722507e+00,-1.619166e+00
3.892228e+00,1.669284e+00,-8.263125e-01
1.638805e+00,3.847294e+00,-1.590852e+00
3.111295e+00,4.515536e+00,1.313315e+00
1.974383e+00,3.157207e+00,-8.589778e-01
4.997898e+00,1.841911e+00,-2.039778e+00
4.968775e+00,1.407733e+00,-3.046558e+00
5.090625e+00,3.297564e+00,-2.554442e-01
2.433693e+00,4.469611e+00,-4.324839e-01
2.653914e+00,2.085898e+00,6.154212e-02
3.273743e+00,5.680674e+00,2.147896e+00
3.069330e+00,1.264481e+00,8.832467e-01
2.349601e+00,5.110426e+00,6.079448e-02
3.430219e+00,1.176991e+00,1.064296e+00
5.434616e+00,5.818855e+00,-1.346524e-02
1.504863e+00,4.708835e+00,-2.913612e+00
2.768996e+00,1.846230e+00,4.872181e-01
2.488281e+00,4.152650e+00,3.114377e-01
1.412280e+00,5.827747e+00,-1.028583e+00
1.989756e+00,4.089305e+00,-1.810633e+00
3.047375e+00,5.803177e+00,2.124198e+00
5.137292e+00,5.436509e+00,-1.068755e+00
4.456207e+00,4.086484e+00,-2.016241e+00
5.753705e+00,1.699803e+00,1.314156e-01
4.043422e+00,2.478893e+00,-3.023595e-01
5.439558e+00,3.029088e+00,6.236228e-01
