5.781866e+00,2.146079e+00,6.283602e+00
3.229232e+00,4.602200e+00,3.978868e+00
2.827959e+00,2.138705e+00,3.969373e+00
1.974959e+00,5.471983e+00,-5.592340e-01
2.563484e+00,5.920368e+00,-1.414332e+00
4.125146e+00,4.905438e+00,8.612888e+00
5.487258e+00,3.760961e+00,-5.046064e-01
4.954858e+00,3.424575e+00,1.653089e-01
1.797072e+00,1.167407e+00,2.276006e+00
2.573113e+00,2.592558e+00,1.932146e+00
1.918745e+00,5.632435e+00,5.081230e+00
4.675645e+00,1.554325e+00,4.505227e+00
4.919976e+00,2.173474e+00,6.065691e+00
1.998325e+00,1.852102e+00,1.883313e+00
5.447286e+00,3.941524e+00,1.382558e+00
3.476827e+00,1.351888e+00,1.062104e+01
1.120195e+00,5.803498e+00,5.017044e-02
3.431118e+00,4.060344e+00,4.520137e+00
4.478380e+00,2.281596e+00,-3.196707e+00
3.904038e+00,2.094726e+00,-1.272768e+00
4.858172e+00,1.796255e+00,-9.467350e-02
4.487874e+00,4.374173e+00,3.586099e+00
1.514347e+00,1.393607e+00,3.293835e+00
4.538217e+00,2.484736e+00,4.481973e-01
3.108293e+00,3.394333e+00,-4.613322e+00
2.480141e+00,1.104990e+00,3.559386e+00
4.092269e+00,4.600005e+00,3.878090e+00
3.282669e+00,3.905639e+00,6.215391e+00
5.611212e+00,5.738304e+00,7.489265e+00
2.765721e+00,1.535151e+00,-2.648308e+00
3.739554e+00,5.137026e+00,4.612390e+00
5.079452e+00,5.879573e+00,2.227789e+00
3.121266e+00,1.178293e+00,4.540573e+00
1.645427e+00,1.355534e+00,9.061276e+00
1.655917e+00,2.322908e+00,4.128795e+00
1.231104e+00,3.224963e+00,2.414891e+00
5.131083e+00,4.709361e+00,-1.491502e+00
2.900335e+00,2.312008e+00,6.067488e+00
1.740323e+00,5.409918e+00,2.448769e+00
5.624749e+00,4.325130e+00,6.224785e+00
3.083389e+00,1.654502e+00,3.010156e+00
4.899723e+00,1.801462e+00,2.575449e+00
3.140956e+00,3.446902e+00,8.046474e-01
4.840763e+00,4.244438e+00,1.434420e+00
3.567460e+00,1.904558e+00,-2.951608e+00
3.367209e+00,3.196895e+00,1.420586e+00
3.218632e+00,3.913416e+00,1.116402e+00
3.658276e+00,5.396230e+00,-3.948557e+00
1.730987e+00,2.762424e+00,3.247752e-01
3.474764e+00,5.252535e+00,8.597207e+00
5.723510e+00,2.815140e+00,4.237481e+00
2.216622e+00,1.037721e+00,4.294779e+00
3.339446e+00,2.147209e+00,6.917934e-01
2.988665e+00,3.356649e+00,-2.711934e+00
5.906071e+00,1.080575e+00,7.261266e+00
3.841932e+00,4.996422e+00,2.421711e+00
2.298276e+00,3.635221e+00,1.182850e+00
3.772198e+00,2.137321e+00,4.614928e+00
5.285218e+00,5.459150e+00,6.812487e+00
3.773619e+00,5.566583e+00,4.386697e+00
3.723193e+00,3.765484e+00,5.688932e+00
4.055829e+00,3.642321e+00,8.511520e-02
1.601149e+00,5.018938e+00,3.072167e+00
5.998156e+00,5.389313e+00,6.108290e+00
2.992818e+00,3.361025e+00,6.103608e+00
1.408808e+00,4.441239e+00,5.420954e+00
1.923000e+00,2.902662e+00,4.001547e+00
4.845754e+00,5.875417e+00,1.146158e+01
4.917456e+00,4.442948e+00,3.758337e+00
4.031080e+00,4.817715e+00,1.173590e+01
3.817238e+00,5.609018e+00,1.397718e+01
4.990906e+00,1.167127e+00,2.190878e-01
4.615720e+00,2.827258e+00,5.991960e+00
5.044011e+00,3.808944e+00,-2.552403e+00
3.597683e+00,4.762351e+00,7.231536e+00
5.530817e+00,2.330430e+00,5.685154e+00
2.246161e+00,3.475172e+00,2.426758e+00
3.221077e+00,4.959880e+00,5.746609e+00
1.066027e+00,1.361395e+00,2.051456e-01
2.831643e+00,1.957252e+00,-7.064597e-01
5.219893e+00,5.609927e+00,7.262904e+00
5.038631e+00,4.059100e+00,8.693717e+00
1.121612e+00,3.259500e+00,-6.547612e-01
2.442824e+00,2.155658e+00,6.019616e-01
5.998026e+00,4.453644e+00,2.866460e+00
2.101594e+00,2.772925e+00,-1.714618e+00
2.928689e+00,1.300178e+00,4.622132e+00
5.358769e+00,3.813484e+00,1.281768e+00
2.813062e+00,5.102748e+00,-5.080942e+00
5.167939e+00,5.432521e+00,7.109194e+00
3.937162e+00,2.319518e+00,3.756215e+00
1.022368e+00,1.222695e+00,6.373827e+00
4.218236e+00,4.456815e+00,1.615262e+00
3.955583e+00,2.358431e+00,-3.337179e+00
2.035194e+00,3.363455e+00,1.969255e+00
3.138575e+00,4.697895e+00,4.511373e+00
1.494058e+00,2.978614e+00,1.976238e+00
4.707410e+00,5.716195e+00,5.888964e+00
3.084385e+00,5.693347e+00,4.076379e+00
2.136552e+00,2.309730e+00,-7.456471e-02
4.070903e+00,1.971692e+00,1.643715e-01
3.435998e+00,3.972422e+00,6.398769e+00
5.521827e+00,1.519152e+00,3.086101e+00
3.763037e+00,2.656277e+00,1.513030e+00
5.181237e+00,2.622526e+00,4.832454e-01
1.354142e+00,1.340914e+00,2.741342e+00
1.879963e+00,4.275253e+00,4.563158e-01
2.804568e+00,4.726575e+00,-2.542471e-01
3.019672e+00,5.613717e+00,1.268597e+00
4.250743e+00,3.922677e+00,-3.600475e+00
2.695459e+00,2.588431e+00,2.596037e+00
3.933270e+00,2.033470e+00,6.141493e+00
3.525318e+00,2.886703e+00,2.136366e+00
5.279290e+00,2.712452e+00,-2.781015e+00
4.931420e+00,2.293627e+00,-2.566686e-01
3.309713e+00,3.396369e+00,1.671483e+00
5.802496e+00,5.190820e+00,4.586880e+00
4.990456e+00,1.696489e+00,3.812854e+00
5.989623e+00,5.003617e+00,9.318343e+00
5.795279e+00,4.237646e+00,2.235549e+00
1.844984e+00,3.341185e+00,6.145780e+00
2.584195e+00,4.853076e+00,2.699016e+00
1.297032e+00,2.197103e+00,5.666908e+00
1.913481e+00,3.060221e+00,5.707528e+00
1.127026e+00,5.021572e+00,-1.130339e+00
5.228853e+00,2.837329e+00,5.914174e+00
1.820048e+00,2.171031e+00,-2.371380e+00
2.931936e+00,1.447100e+00,2.479138e+00
4.805456e+00,2.494564e+00,1.238632e+00
2.924089e+00,4.765329e+00,6.026239e+00
1.029623e+00,2.649360e+00,-2.329459e+00
4.331109e+00,5.164073e+00,3.414834e+00
1.804742e+00,2.658379e+00,5.278364e+00
4.332087e+00,2.014502e+00,2.559410e+00
4.007033e+00,5.089588e+00,7.585512e+00
1.249217e+00,3.162056e+00,9.311966e-01
3.449894e+00,1.744930e+00,9.713502e+00
1.576508e+00,4.212477e+00,4.125308e+00
4.388802e+00,1.564737e+00,2.095021e+00
5.680695e+00,3.666719e+00,2.134525e+00
3.268918e+00,5.670139e+00,5.965989e-01
3.970867e+00,4.081694e+00,6.575280e+00
5.284824e+00,1.590925e+00,3.143004e+00
5.375520e+00,4.172527e+00,7.034940e+00
5.908443e+00,3.560292e+00,8.082580e+00
5.669410e+00,2.865392e+00,-1.491141e+00
4.320971e+00,1.662534e+00,-3.549778e-01
2.471436e+00,1.489105e+00,-2.018049e+00
5.489245e+00,5.350501e+00,8.344022e+00
1.588794e+00,3.446676e+00,6.633057e+00
2.891243e+00,2.274651e+00,1.172720e+00
3.144411e+00,1.772123e+00,5.807747e+00
3.655387e+00,3.997817e+00,1.001645e+01
3.190506e+00,3.453572e+00,9.121059e+00
3.165499e+00,4.783060e+00,2.913063e+00
4.743745e+00,3.360076e+00,3.641311e+00
3.467654e+00,4.759855e+00,6.253496e+00
5.953011e+00,5.604477e+00,1.618779e+00
1.192258e+00,3.329229e+00,1.893126e+00
2.996643e+00,1.891020e+00,7.556274e+00
3.773547e+00,5.993860e+00,7.623474e+00
2.375325e+00,4.917379e+00,8.324332e-01
4.871080e+00,3.354171e+00,1.081238e+01
2.651572e+00,2.301296e+00,1.774520e-01
4.053983e+00,1.490158e+00,4.767868e+00
2.614778e+00,2.212244e+00,5.422752e-01
2.512302e+00,4.627983e+00,1.710463e+00
4.590198e+00,4.183436e+00,5.832143e+00
4.617576e+00,1.218121e+00,1.572111e+01
4.264553e+00,1.248312e+00,2.842945e+00
1.953740e+00,2.935360e+00,2.167889e+00
4.977727e+00,3.767001e+00,3.222797e+00
1.486490e+00,4.855460e+00,4.103023e-01
1.348153e+00,5.354280e+00,3.871602e+00
5.088894e+00,4.329192e+00,7.789879e+00
2.774116e+00,3.000213e+00,5.115762e+00
2.595678e+00,3.542867e+00,-1.671546e+00
3.312066e+00,5.989598e+00,5.420936e+00
1.146035e+00,4.292909e+00,3.165691e+00
5.765394e+00,2.364707e+00,3.416546e+00
4.611017e+00,2.963603e+00,2.455257e+00
4.913276e+00,5.270289e+00,1.935719e+00
1.933026e+00,4.932174e+00,4.920344e+00
2.112779e+00,3.231063e+00,3.300900e+00
2.404190e+00,5.878361e+00,2.596839e+00
2.892152e+00,1.040965e+00,-3.285290e+00
2.935149e+00,3.053476e+00,7.456258e+00
1.214954e+00,3.059228e+00,2.916345e+00
3.185327e+00,1.373671e+00,-2.854885e+00
1.932254e+00,2.724094e+00,4.867625e+00
5.056248e+00,5.606942e+00,-1.749222e-01
1.315194e+00,1.394517e+00,5.071337e+00
4.629175e+00,3.264177e+00,1.376687e-01
3.896314e+00,3.199213e+00,-2.817076e+00
1.532802e+00,4.370091e+00,3.799841e+00
3.104324e+00,1.705840e+00,2.032642e+00
3.953993e+00,1.200247e+00,2.176118e+00
4.158136e+00,3.640814e+00,4.531058e+00
2.990806e+00,2.328834e+00,2.514973e+00
4.565584e+00,2.203220e+00,-4.078849e+00
