3.959961e+00,2.669459e+00,4.638300e+00,4.223335e+00
2.767989e+00,4.856112e+00,1.501402e+00,2.328448e+01
3.067463e+00,3.195116e-01,1.750786e+00,-1.558776e+01
4.564925e-01,1.982406e+00,7.975258e-01,-9.089383e-01
1.313107e-01,4.803683e+00,2.592275e+00,1.539901e+01
4.109287e+00,1.049226e+00,2.112542e+00,6.975321e+00
3.085852e+00,2.061138e+00,8.568091e-01,-7.019037e-02
5.954267e-01,3.241905e+00,3.083497e+00,2.254596e+00
2.077081e+00,2.361528e+00,1.047528e-01,1.287526e+01
2.302159e+00,4.215512e+00,1.864986e-02,1.468362e+01
3.309415e+00,5.095131e-01,4.203440e+00,-3.418755e+00
4.702696e+00,3.034856e-01,6.415838e-01,1.253720e+00
4.567440e+00,3.318709e+00,2.037369e+00,2.643191e+01
4.608476e+00,3.808124e+00,1.620721e+00,1.425921e+01
8.328434e-01,4.026757e-01,1.574476e+00,4.312660e+00
4.078875e+00,2.627365e+00,2.100353e+00,1.324109e+01
1.278780e+00,7.862761e-01,2.939343e+00,8.378577e+00
3.522121e+00,1.317771e+00,2.171476e+00,3.693629e+00
2.368987e+00,3.198725e+00,3.897930e+00,1.172725e+00
1.351777e+00,1.288764e+00,1.056582e+00,7.040801e+00
1.652334e+00,1.486931e+00,3.520401e+00,3.235802e+00
1.755882e+00,2.098885e+00,4.250138e+00,6.263589e+00
2.121719e+00,2.564834e-01,3.859780e-01,2.230619e+01
2.207295e+00,9.432506e-01,3.810469e+00,-5.483689e+00
4.328379e-01,1.149943e+00,3.677171e+00,-6.581816e+00
3.779717e+00,3.566328e+00,3.162246e+00,1.935509e+01
4.085839e+00,1.246731e+00,1.484380e+00,-6.919997e+00
3.697108e+00,4.727701e+00,4.734682e+00,1.468915e+01
1.272074e+00,1.260069e+00,1.148711e+00,1.199703e+01
3.468214e+00,8.779510e-01,3.318954e+00,1.924417e+01
1.035216e+00,3.750310e+00,4.744708e+00,9.505469e+00
2.187882e+00,3.607627e+00,4.267934e+00,1.435732e+01
3.944541e-01,2.853719e+00,4.658467e+00,-1.355140e+00
1.802166e+00,8.471053e-01,2.373982e+00,-5.058555e+00
4.462027e+00,2.098080e+00,3.277461e+00,7.311530e+00
1.725139e+00,4.801294e+00,1.627577e+00,4.606285e+00
6.932941e-01,9.137019e-02,1.319013e+00,1.630799e+01
1.718132e+00,4.791223e+00,2.225615e+00,1.110620e+01
6.784371e-01,4.146669e+00,4.465722e+00,9.103501e+00
7.645971e-01,1.453719e+00,1.153552e+00,-3.235521e+00
2.080387e+00,2.322231e+00,4.476985e+00,8.970826e+00
3.360999e+00,3.726696e+00,4.631082e-01,1.454685e+01
3.393455e+00,2.722709e+00,1.787666e+00,9.128187e+00
4.436842e+00,4.348007e+00,4.900308e+00,1.496835e+01
2.277814e-01,3.928197e+00,4.516939e+00,3.844946e+00
4.150100e+00,1.847142e+00,1.118766e+00,4.189332e+00
2.273868e+00,3.672141e+00,7.426749e-02,2.400817e+01
2.448907e+00,2.135093e+00,2.391633e+00,1.952817e+01
2.286594e-01,4.189900e-01,1.390986e+00,1.239284e+01
6.119495e-01,8.988662e-02,9.856614e-01,-8.028508e+00
2.937362e+00,1.224784e+00,3.659432e+00,1.611608e+01
9.031067e-01,1.717897e+00,8.058806e-01,3.580330e+00
1.387820e+00,7.874345e-02,1.697159e+00,-2.701267e+00
3.621387e-02,2.711165e+00,3.584438e+00,-3.196397e+00
4.483572e+00,4.112387e+00,3.662266e+00,9.274525e+00
4.450406e+00,5.985046e-02,3.924056e+00,1.825364e+01
8.060561e-01,1.856165e-01,4.593266e+00,-4.237467e+00
2.608125e+00,3.191424e+00,7.434803e-01,7.195846e+00
6.952589e-01,1.435931e+00,1.078840e-02,1.053656e+01
1.871385e+00,1.734095e+00,3.638605e+00,-7.116995e+00
3.159825e+00,2.601252e+00,4.267980e-01,1.018367e+01
1.972197e+00,3.935369e+00,3.545448e+00,1.317871e+01
4.851273e+00,3.979005e+00,3.124557e+00,1.022756e+01
2.572772e+00,4.393285e+00,3.409083e+00,1.550168e+01
2.955229e+00,2.355768e+00,2.734222e+00,4.692257e+00
4.938636e+00,6.557048e-01,2.715889e+00,1.425176e+00
2.817289e+00,2.329514e+00,2.412500e+00,1.745526e+01
1.247213e+00,3.985826e+00,4.992566e+00,2.403130e+01
1.708070e+00,2.289910e+00,1.088060e+00,9.149950e+00
4.393670e+00,2.232535e-01,2.038039e+00,4.035019e+00
1.445670e+00,4.010822e+00,2.634962e+00,1.315414e+01
1.512108e+00,4.020379e+00,1.524350e+00,1.037558e+01
1.960149e+00,3.751354e+00,3.310429e+00,1.660424e+01
4.645348e-01,1.091229e+00,8.968855e-01,-6.892024e+00
1.032079e+00,1.632405e+00,3.144282e+00,7.606790e+00
1.866325e+00,2.593619e+00,2.829585e+00,1.304295e+01
4.029496e+00,3.536147e-02,2.695868e+00,-8.408310e-01
2.983693e-01,3.646893e-01,4.766696e+00,8.117778e+00
2.020575e+00,4.721405e+00,3.219370e+00,1.473976e+01
1.118808e+00,4.391644e+00,4.570569e+00,3.058316e+01
2.436452e+00,3.914458e+00,3.055745e+00,1.695486e+01
3.610437e+00,4.605861e+00,1.982171e-01,6.180108e+00
2.187577e+00,3.660719e+00,3.294066e+00,2.315662e+01
3.628454e+00,4.999733e+00,4.090781e+00,1.803518e+01
4.355385e+00,3.939998e+00,4.398430e+00,1.958597e+01
3.675472e+00,4.175286e+00,1.137503e+00,2.352249e+01
3.950386e+00,1.258273e+00,3.203268e+00,-9.080662e-01
2.253051e+00,2.115243e+00,2.048094e+00,1.847009e+00
1.117017e+00,3.533784e+00,1.278863e+00,1.028710e+01
2.810265e+00,4.011022e+00,8.646003e-01,2.488967e+00
4.053113e+00,1.154048e+00,8.729099e-01,1.985981e+01
3.718871e+00,2.988681e+00,8.984035e-01,5.574641e+00
2.956914e+00,2.731754e+00,1.964868e+00,7.416284e+00
3.777697e+00,2.417200e+00,5.276875e-01,-4.086298e+00
4.502590e+00,3.365171e+00,3.316994e+00,1.608133e+01
2.892935e+00,3.123361e+00,5.818796e-01,1.113408e+01
1.426528e+00,1.179323e+00,3.505869e+00,4.282430e+00
3.547619e+00,4.872927e+00,1.489726e+00,5.343915e+00
4.018982e+00,1.509031e+00,2.857262e+00,-2.501898e+00
4.600759e+00,3.355440e+00,8.391795e-01,7.435800e+00
1.912730e-01,3.104060e+00,1.699437e+00,5.728609e+00
1.364712e+00,2.116379e+00,1.692927e+00,1.223871e+01
6.741308e-01,6.078685e-01,2.920846e+00,1.223730e+00
4.147732e-01,5.578990e-01,1.715624e+00,2.026121e+00
2.042896e+00,3.097347e-01,8.612771e-01,7.379317e+00
7.057577e-01,2.246270e+00,5.011739e-01,6.629059e+00
7.054752e-01,3.107091e+00,3.377980e+00,9.212754e+00
1.451785e+00,2.114397e+00,2.338392e+00,-5.000652e+00
2.681156e+00,6.404088e-01,3.484070e+00,-1.297971e+00
4.650841e+00,2.457304e-01,1.995884e+00,1.152529e+01
3.743472e+00,1.639313e+00,1.195554e+00,3.622274e-01
4.004477e+00,2.976392e+00,3.900079e+00,6.384404e+00
3.426003e+00,2.278097e+00,4.649014e+00,1.751430e+01
4.458083e+00,3.547587e+00,2.367528e+00,1.095304e+01
2.619683e+00,4.746976e+00,1.222050e+00,2.601699e+01
3.413523e+00,3.696217e+00,6.115238e-01,7.965220e+00
4.726870e+00,4.244771e+00,1.189519e+00,4.410866e+00
9.340481e-01,6.549834e-01,2.185587e+00,5.139196e+00
1.235870e+00,3.584589e+00,2.786622e-01,6.243723e-01
2.866692e+00,7.192991e-01,2.349429e-01,1.083278e+01
4.664270e+00,4.785251e+00,2.598633e+00,3.979875e+00
1.438181e+00,2.259697e+00,3.769551e+00,-4.824642e+00
3.239976e+00,1.859095e+00,1.956667e+00,5.274576e+00
1.305549e+00,3.341362e+00,2.457690e+00,2.759858e+01
6.195538e-01,3.707935e+00,3.259581e+00,8.788555e+00
3.787375e-01,3.297966e+00,1.278832e+00,8.139842e+00
1.677917e+00,4.652686e+00,1.769492e+00,7.756682e+00
3.514045e+00,4.143093e-01,1.903109e+00,-1.836671e+01
4.066187e+00,4.450732e+00,2.958333e-01,2.894821e+01
4.882646e+00,5.968118e-01,1.216746e+00,6.044625e+00
3.776783e+00,2.534920e+00,2.326034e+00,2.418308e+01
4.097048e+00,1.242171e+00,2.154256e+00,1.286210e+01
2.771771e+00,3.704218e-01,1.018037e+00,2.495639e-01
1.930184e+00,1.544306e+00,2.603851e+00,-4.260099e+00
2.705830e+00,2.606036e+00,8.313009e-01,-1.767500e+00
4.671817e+00,1.122753e+00,1.360983e+00,1.969472e+01
4.451109e+00,4.060751e+00,4.461463e+00,2.166392e+01
6.173681e-01,3.334672e+00,1.872117e+00,1.277868e+01
3.889431e+00,1.263539e+00,1.147594e-01,-6.509854e-02
1.885437e+00,2.800762e+00,1.468614e+00,1.302538e-01
3.343258e-01,4.978402e+00,4.461183e+00,1.786441e+01
1.067155e+00,1.799422e-01,3.376548e+00,-7.770946e-01
4.500134e+00,2.548292e+00,2.036417e+00,-1.106593e+01
4.011690e+00,1.686798e+00,4.302218e+00,-1.308190e+00
2.572815e+00,9.736459e-01,3.433910e+00,-4.077228e+00
4.546711e+00,2.520377e+00,1.857931e+00,9.540977e+00
2.431771e+00,3.097619e+00,2.001423e-01,8.893934e+00
3.494986e+00,1.029085e+00,2.659179e+00,2.013972e+00
1.422017e-01,2.202071e+00,8.842539e-01,1.410712e+01
3.099622e+00,1.112217e+00,4.238696e+00,-1.449149e+01
3.837760e+00,2.347363e+00,6.039998e-01,1.046443e+01
3.839891e+00,4.076187e+00,4.731689e+00,2.056092e+01
2.960408e+00,3.655697e+00,5.070303e-01,1.053406e+01
4.315487e+00,2.810520e+00,1.547348e-03,1.457590e+01
3.789065e+00,3.571039e+00,4.047038e+00,1.117481e+01
9.513569e-01,6.255474e-01,3.631095e+00,-8.872919e+00
4.735650e+00,3.636693e+00,1.695147e+00,1.982880e+01
4.840386e+00,6.432779e-01,4.184146e+00,-2.148383e+00
2.157011e+00,3.739270e+00,3.177640e+00,-7.952298e+00
1.399508e-01,3.013332e+00,4.750910e+00,8.629878e+00
2.714348e-02,3.722801e+00,4.505288e+00,1.373705e+01
1.643991e+00,4.157510e+00,2.830275e+00,2.647149e+01
4.438165e+00,1.626153e+00,3.274174e+00,3.066594e+00
8.431424e-01,3.099519e+00,1.549010e+00,-6.512661e+00
4.604188e+00,9.685163e-01,1.002600e+00,1.127483e+01
3.675768e+00,2.158475e+00,2.559647e+00,-1.254674e+01
3.155158e-01,1.096121e+00,2.381226e+00,-7.381032e+00
4.736747e+00,1.952822e+00,4.472292e-01,1.051925e+01
3.286657e-01,5.754234e-01,3.615163e-01,1.707559e+00
4.509771e+00,3.032154e+00,2.192676e+00,2.104311e+01
7.037227e-01,4.970860e+00,1.188510e+00,1.263869e+01
4.277780e+00,4.181423e+00,2.101917e+00,-4.650497e+00
4.356986e+00,3.640006e+00,2.610823e+00,1.475995e+01
3.405189e+00,2.743284e+00,4.131619e+00,3.235336e+00
3.793037e+00,4.142967e+00,1.175896e+00,1.477195e+01
2.358311e+00,4.433578e+00,4.325389e+00,1.917897e+01
1.063522e+00,3.275623e+00,1.985926e+00,2.172262e+00
2.722088e+00,3.674787e+00,3.003433e+00,-3.025461e+00
2.865581e+00,1.928167e+00,3.120578e-01,1.293246e+01
2.856513e+00,1.022637e+00,1.657810e+00,6.292089e+00
1.838422e+00,2.809322e+00,3.329795e+00,1.153411e+00
2.645416e+00,2.585200e+00,4.515260e+00,8.557024e+00
2.164729e+00,4.042437e+00,8.712111e-01,8.216366e+00
2.510967e+00,2.173098e-01,2.782010e+00,-5.027405e+00
8.067533e-02,1.144919e+00,4.138989e+00,2.797666e+00
3.490339e-01,3.226222e+00,3.704356e+00,1.664878e+01
4.653769e+00,5.018061e-01,1.554232e+00,-1.556853e+01
3.361800e+00,2.942742e+00,1.180968e+00,1.834873e+01
4.083355e+00,3.574311e+00,1.345131e+00,1.931250e+01
2.221300e+00,2.129801e+00,3.893293e+00,-6.671164e+00
1.244959e+00,2.628339e-01,2.191553e+00,1.181718e+01
3.909458e+00,3.735260e+00,2.745781e+00,2.882899e+01
3.016902e+00,1.376092e+00,2.528486e-01,8.065365e+00
2.502021e+00,2.631120e+00,6.996593e-01,-2.661445e+00
2.503650e+00,2.566107e+00,4.089520e+00,2.469735e+01
2.425725e+00,3.323784e+00,3.122336e+00,1.626043e+01
3.212971e+00,7.894744e-01,1.671364e-01,3.567776e+00
1.090495e+00,6.838867e-01,9.501514e-01,1.182696e+01
3.632993e-01,2.073349e+00,2.965729e+00,6.828842e+00
3.600371e+00,2.052291e+00,3.825703e+00,1.795047e+01
