4.255135e+00,4.135724e+00,4.706252e+00,1.207882e+01
2.787160e+00,1.197754e+00,1.202718e+00,7.839646e-01
4.166896e+00,2.575657e+00,4.127697e+00,4.176845e+00
2.627583e+00,2.211467e+00,3.829909e+00,7.074101e+00
3.150156e+00,3.432704e+00,3.357103e+00,2.378124e+00
3.095337e+00,4.715956e+00,4.566528e+00,1.014410e+01
4.374950e+00,1.884807e+00,3.725365e+00,6.647901e+00
4.569956e+00,3.007058e+00,2.800802e+00,6.760409e+00
3.715248e+00,1.578754e+00,1.149955e+00,-5.688652e-01
4.322898e+00,3.592521e+00,4.404518e+00,7.560336e-01
1.442685e+00,3.875700e+00,4.989985e+00,4.393053e+00
4.192368e+00,2.998128e+00,2.673792e+00,2.838979e+00
1.540116e+00,4.295125e+00,2.397453e+00,-8.135462e-01
2.501303e+00,2.498700e+00,1.966714e+00,-7.315710e-01
3.113446e+00,2.788891e+00,4.701471e+00,5.635138e+00
3.711991e+00,2.790889e+00,1.767343e+00,6.970941e+00
3.860046e+00,1.525274e+00,3.664389e+00,3.230139e+00
3.747713e+00,3.755234e+00,2.123333e+00,1.027937e-01
2.490425e+00,4.075852e+00,3.239030e+00,6.172624e+00
3.084628e+00,4.159346e+00,2.383977e+00,7.674124e+00
2.534730e+00,1.618073e+00,3.231318e+00,8.716713e+00
3.938768e+00,1.542113e+00,2.653760e+00,3.378899e+00
3.456505e+00,2.455205e+00,2.955009e+00,6.030282e+00
1.218293e+00,2.732051e+00,2.731392e+00,9.951824e+00
3.252613e+00,4.305839e+00,4.026679e+00,-2.184611e-01
4.205416e+00,1.020635e+00,3.420678e+00,2.382066e+00
4.388136e+00,4.430701e+00,3.361427e+00,3.834635e+00
2.636807e+00,1.930145e+00,3.018357e+00,8.417284e+00
4.225311e+00,1.198013e+00,4.722231e+00,8.105300e+00
1.604117e+00,2.855723e+00,3.624835e+00,3.155559e+00
1.499850e+00,3.176039e+00,3.229985e+00,-5.392358e-01
1.417749e+00,4.030245e+00,4.676804e+00,4.878014e+00
3.813852e+00,2.487445e+00,4.745242e+00,-1.504339e+00
1.038514e+00,4.671320e+00,4.452009e+00,2.277134e+00
4.104624e+00,2.103515e+00,4.696559e+00,1.439354e+00
3.229167e+00,1.191306e+00,3.927714e+00,8.908606e+00
3.864128e+00,1.606653e+00,2.919714e+00,2.778344e+00
3.581515e+00,1.381571e+00,4.743062e+00,2.525775e+00
1.893912e+00,4.087833e+00,1.061611e+00,2.443063e+00
2.265241e+00,1.529106e+00,2.333588e+00,5.837235e+00
3.698501e+00,1.796578e+00,1.379356e+00,7.156590e+00
1.395080e+00,4.844663e+00,2.916259e+00,-3.911947e+00
2.537287e+00,3.990970e+00,4.177301e+00,8.466808e-01
1.186634e+00,2.833488e+00,2.684153e+00,-2.516746e+00
4.406392e+00,3.465713e+00,3.989224e+00,2.915889e+00
2.340165e+00,3.038064e+00,2.560664e+00,7.188914e+00
1.883239e+00,1.816716e+00,3.645906e+00,6.404520e-02
4.404144e+00,3.256731e+00,2.821921e+00,2.701883e+00
4.061717e+00,4.244902e+00,3.585621e+00,-1.298768e+00
4.445540e+00,3.849119e+00,3.404414e+00,-2.639626e+00
4.200915e+00,3.683446e+00,3.313692e+00,1.001290e+01
4.600016e+00,2.106716e+00,3.012775e+00,5.383331e+00
2.827801e+00,4.403484e+00,4.746401e+00,4.937351e+00
1.930628e+00,1.510225e+00,3.454936e+00,9.822746e+00
3.059189e+00,1.046701e+00,2.212019e+00,-2.858759e+00
3.430718e+00,1.540850e+00,1.429313e+00,8.624022e+00
2.630513e+00,1.779560e+00,4.542495e+00,4.190687e+00
1.746757e+00,4.667595e+00,3.805280e+00,1.351466e+01
4.633943e+00,4.787634e+00,2.979893e+00,3.170246e+00
2.717088e+00,2.233549e+00,3.551132e+00,1.010180e-01
4.252259e+00,1.348604e+00,1.511825e+00,2.197003e+00
1.671973e+00,2.107097e+00,1.328658e+00,4.647770e+00
4.343004e+00,4.065977e+00,1.633987e+00,6.282267e+00
2.686396e+00,2.358326e+00,3.001207e+00,2.796417e+00
2.048720e+00,3.464713e+00,3.337240e+00,1.322897e+00
3.602245e+00,2.203296e+00,2.778583e+00,-1.312351e+00
4.808629e+00,2.549398e+00,4.427767e+00,9.281656e+00
4.126732e+00,2.251398e+00,4.571626e+00,4.504409e+00
1.737865e+00,2.423966e+00,2.496210e+00,2.103673e+00
1.366429e+00,3.737423e+00,1.464816e+00,7.189087e+00
1.633421e+00,1.078143e+00,4.144207e+00,7.144047e+00
2.026194e+00,2.134852e+00,2.573626e+00,8.690392e+00
2.734673e+00,2.213960e+00,2.172548e+00,2.809516e+00
1.596422e+00,2.486820e+00,1.230673e+00,6.397874e-02
3.348650e+00,2.837627e+00,4.581231e+00,6.341377e+00
4.637466e+00,3.590220e+00,4.382306e+00,6.747797e+00
4.918651e+00,2.995886e+00,4.793729e+00,8.194660e+00
1.892205e+00,2.538164e+00,2.034858e+00,7.654636e+00
3.121058e+00,1.624738e+00,1.681964e+00,-1.210409e+00
1.032500e+00,1.294505e+00,4.216132e+00,4.426518e+00
2.984759e+00,1.824353e+00,4.852074e+00,4.496163e+00
1.480460e+00,2.117740e+00,4.699963e+00,4.798290e+00
1.019028e+00,1.815462e+00,2.105598e+00,1.139041e+01
4.208508e+00,2.449683e+00,3.584155e+00,2.163054e+00
4.387647e+00,3.219186e+00,2.776796e+00,7.115920e+00
4.689443e+00,2.762522e+00,4.929791e+00,1.585531e-01
3.170410e+00,1.389363e+00,3.160562e+00,2.246183e+00
1.647331e+00,1.142875e+00,1.894103e+00,2.086642e+00
2.168620e+00,3.897497e+00,1.486854e+00,4.146803e+00
4.286898e+00,4.576779e+00,2.518269e+00,-2.974969e+00
1.325870e+00,1.761510e+00,2.416337e+00,5.360363e+00
4.676862e+00,2.124336e+00,2.364207e+00,-1.155469e+00
1.745384e+00,4.783345e+00,1.660369e+00,7.575470e+00
3.188498e+00,3.726863e+00,4.670604e+00,-3.985925e-02
1.298577e+00,4.700639e+00,2.943864e+00,1.034891e+01
3.573945e+00,4.643426e+00,2.523400e+00,-7.103921e-01
4.873299e+00,3.536608e+00,2.105475e+00,-2.739517e+00
1.618819e+00,1.896198e+00,4.910618e+00,3.314736e+00
2.784262e+00,4.997807e+00,2.814461e+00,9.913292e+00
4.369851e+00,3.176629e+00,3.557876e+00,7.301655e+00
1.275722e+00,3.413692e+00,4.027543e+00,-3.462934e+00
1.147125e+00,3.030063e+00,1.611885e+00,-1.528564e+00
4.903005e+00,3.053668e+00,3.851042e+00,1.215985e+01
3.341243e+00,3.228911e+00,2.795555e+00,1.244233e+00
1.261440e+00,4.415564e+00,4.904249e+00,1.000736e+01
4.416688e+00,2.551649e+00,4.448282e+00,2.633743e+00
4.984503e+00,4.087123e+00,2.609633e+00,-9.575692e-01
4.253664e+00,2.244906e+00,4.308765e+00,5.192533e+00
4.585353e+00,1.196046e+00,1.619980e+00,4.379387e-01
4.134934e+00,2.920292e+00,1.598572e+00,1.323996e+01
3.145086e+00,3.611125e+00,2.001208e+00,1.095804e+00
4.974199e+00,4.507176e+00,3.721156e+00,2.696415e+00
3.706024e+00,3.150372e+00,3.219540e+00,1.002500e+01
1.729850e+00,2.690752e+00,3.878827e+00,9.681219e+00
3.691514e+00,1.814794e+00,3.810305e+00,-5.686530e-01
1.536251e+00,2.240383e+00,1.704901e+00,-1.986929e+00
2.259144e+00,4.097688e+00,2.931402e+00,6.319091e+00
4.108723e+00,4.814972e+00,2.524832e+00,-7.271709e-01
1.322482e+00,2.438402e+00,4.993541e+00,8.061732e+00
3.099491e+00,4.032685e+00,4.948216e+00,6.206851e+00
4.681632e+00,3.741393e+00,4.604673e+00,2.127879e+00
3.618388e+00,2.170838e+00,2.049193e+00,3.248289e+00
2.047335e+00,4.719149e+00,2.335688e+00,4.429765e+00
4.983126e+00,2.122382e+00,1.050849e+00,5.426042e-01
3.906062e+00,2.687427e+00,1.355364e+00,2.479008e+00
3.923139e+00,3.955980e+00,4.929643e+00,-3.037676e-01
1.536150e+00,1.958145e+00,3.876773e+00,3.139349e+00
4.547973e+00,4.824377e+00,3.123656e+00,-6.491385e-01
4.255986e+00,3.793496e+00,4.008793e+00,4.113946e+00
3.500511e+00,2.439980e+00,1.705917e+00,-1.074356e+00
1.385111e+00,1.038127e+00,2.167849e+00,3.645126e+00
4.437950e+00,4.666504e+00,1.329280e+00,4.755370e+00
4.677220e+00,2.262064e+00,1.603484e+00,-8.315975e-01
2.544270e+00,2.444871e+00,3.676544e+00,5.581014e+00
2.542250e+00,3.413924e+00,2.801891e+00,5.938800e+00
2.951668e+00,3.677389e+00,4.262624e+00,1.648996e+00
1.611355e+00,1.680123e+00,1.491832e+00,7.665847e+00
4.207884e+00,4.672109e+00,4.681953e+00,5.588151e+00
3.712467e+00,2.041587e+00,1.128742e+00,3.351151e+00
2.057623e+00,2.843768e+00,3.585866e+00,1.756332e+00
1.322761e+00,2.999178e+00,1.624529e+00,2.004029e+00
3.799066e+00,3.557156e+00,1.624611e+00,7.209678e+00
1.449252e+00,1.063287e+00,4.674087e+00,5.390704e+00
2.482969e+00,1.512247e+00,1.551085e+00,5.973586e-01
4.208373e+00,4.410322e+00,4.449982e+00,-3.225298e-01
4.878351e+00,3.180750e+00,3.666610e+00,1.047311e+01
2.438348e+00,3.710291e+00,4.809204e+00,9.562877e+00
2.182976e+00,3.521888e+00,1.348279e+00,2.704601e+00
4.230744e+00,2.514309e+00,2.683421e+00,2.285627e+00
1.036470e+00,3.586487e+00,3.284227e+00,1.314081e+00
4.344458e+00,4.656211e+00,4.676448e+00,3.658727e+00
4.984649e+00,3.429298e+00,4.442719e+00,-3.583282e+00
4.361362e+00,3.948946e+00,2.515191e+00,6.791486e+00
3.867332e+00,1.272103e+00,1.352288e+00,6.899726e+00
1.655246e+00,2.235732e+00,2.704014e+00,4.588384e+00
1.958124e+00,2.543179e+00,4.789876e+00,1.383841e+00
2.632286e+00,2.988934e+00,4.017006e+00,3.532008e+00
3.378773e+00,3.881743e+00,4.353203e+00,1.445675e+01
3.306728e+00,1.299525e+00,3.597656e+00,3.321542e+00
2.602926e+00,3.858949e+00,4.622566e+00,4.297950e+00
2.820773e+00,4.314402e+00,2.823855e+00,4.635253e+00
2.188358e+00,2.662688e+00,2.388185e+00,-3.022844e+00
4.517573e+00,3.273249e+00,1.084743e+00,7.411469e+00
1.903365e+00,2.859287e+00,1.885659e+00,4.828292e+00
2.202887e+00,4.311780e+00,3.104195e+00,5.451234e+00
3.405324e+00,2.890884e+00,3.313148e+00,2.483016e+00
3.475828e+00,2.900944e+00,3.043367e+00,4.224549e+00
2.581156e+00,3.711669e+00,1.908844e+00,5.304408e+00
1.969926e+00,3.028290e+00,4.481533e+00,2.092164e+00
3.824795e+00,4.713454e+00,3.409748e+00,1.762237e+00
2.630698e+00,4.911448e+00,3.442041e+00,1.288847e+00
3.969977e+00,1.708821e+00,1.912954e+00,6.832352e+00
4.263796e+00,4.313484e+00,3.682966e+00,2.438389e+00
4.371864e+00,3.507000e+00,1.155785e+00,3.850728e+00
1.544164e+00,4.221576e+00,2.319896e+00,6.657229e+00
4.853131e+00,3.188354e+00,4.739773e+00,-2.450752e+00
1.153072e+00,3.573644e+00,1.776507e+00,2.967380e+00
4.928883e+00,4.704440e+00,1.900337e+00,9.765490e+00
1.467051e+00,1.085638e+00,4.699400e+00,1.021529e+01
4.571386e+00,4.572353e+00,3.960597e+00,1.423234e+00
4.166115e+00,2.177111e+00,1.933357e+00,2.960620e+00
3.213636e+00,2.473588e+00,4.997260e+00,5.880819e+00
2.607989e+00,4.503062e+00,4.948702e+00,-1.824850e+00
2.496963e+00,4.273278e+00,4.336207e+00,5.499091e+00
3.719381e+00,2.289633e+00,1.612181e+00,-7.634646e-01
3.119211e+00,3.861748e+00,1.954614e+00,8.273395e+00
2.151001e+00,2.456877e+00,4.686069e+00,1.836498e+00
2.950875e+00,4.818651e+00,2.995849e+00,7.565135e+00
4.016840e+00,3.591855e+00,4.255294e+00,7.879666e+00
2.793945e+00,2.179507e+00,1.797678e+00,1.322650e+00
4.713198e+00,3.479270e+00,3.200421e+00,1.967928e+00
2.724219e+00,4.121596e+00,2.253433e+00,1.743254e+00
3.407973e+00,4.802449e+00,2.385546e+00,8.954674e+00
1.333936e+00,1.856757e+00,1.071062e+00,4.295142e+00
3.703137e+00,1.941945e+00,1.823795e+00,1.037598e+01
2.527767e+00,1.548310e+00,2.731257e+00,7.636735e+00
4.176839e+00,2.006726e+00,4.015165e+00,7.394498e+00
4.284185e+00,1.059763e+00,2.401144e+00,3.016162e+00
3.825285e+00,3.271544e+00,4.833418e+00,-3.920144e+00
2.209923e+00,2.458848e+00,3.524882e+00,-1.174159e+00
