2.741726e+00,5.104017e+00,3.530359e+00,1.228089e+02
2.586503e+00,1.612813e+00,5.903380e+00,2.364834e+01
5.542531e+00,3.473298e+00,5.935059e+00,9.705688e+01
1.280616e+00,3.710303e+00,2.456743e+00,6.449364e+01
3.452123e+00,3.864695e+00,4.463092e+00,-1.708670e+00
2.761436e+00,5.748512e+00,1.864450e+00,6.601830e+01
1.760251e+00,5.740230e+00,3.183042e+00,-2.168358e+01
4.381165e+00,1.692511e+00,4.653448e+00,6.025558e+01
2.374637e+00,1.672732e+00,4.799772e+00,2.252245e+00
1.032814e+00,3.139991e+00,2.611514e+00,3.757758e+01
3.802089e+00,4.042106e+00,5.184990e+00,1.364979e+01
1.434486e+00,3.926662e+00,5.557645e+00,2.951809e+01
5.429620e+00,5.643614e+00,1.307249e+00,5.376016e+01
1.881736e+00,5.751419e+00,3.653394e+00,-9.423347e+00
2.644405e+00,3.831077e+00,1.437523e+00,-1.458591e+01
4.139342e+00,3.525821e+00,2.954232e+00,1.698873e+01
1.979215e+00,5.240836e+00,1.862452e+00,1.636627e+01
2.969316e+00,2.700096e+00,5.674337e+00,-2.959198e+01
3.805182e+00,2.732877e+00,4.573397e+00,6.651506e+01
5.472968e+00,2.629032e+00,4.627929e+00,3.769204e+01
2.853406e+00,2.730185e+00,5.813413e+00,7.135887e+01
5.181065e+00,3.525270e+00,1.233127e+00,4.825222e+01
5.457602e+00,4.817190e+00,5.267920e+00,6.145034e+01
1.798987e+00,2.831207e+00,5.358200e+00,1.589759e+01
3.330222e+00,1.238297e+00,4.212171e+00,4.035887e+01
5.976902e+00,1.459593e+00,2.953751e+00,7.557872e+01
5.834954e+00,3.476406e+00,2.932198e+00,5.376534e+01
3.076331e+00,1.948687e+00,1.387473e+00,8.179573e+01
4.972920e+00,5.131069e+00,3.267325e+00,-3.150385e+01
2.191129e+00,1.700810e+00,1.761209e+00,6.642223e+01
2.700475e+00,2.840822e+00,5.437392e+00,4.763762e+01
4.654974e+00,4.880235e+00,5.949380e+00,5.239517e+01
4.580675e+00,5.122458e+00,2.776980e+00,-2.278522e+01
4.975923e+00,3.898707e+00,1.847270e+00,-3.796186e+00
3.894072e+00,1.844864e+00,5.248070e+00,-5.498236e+00
1.620348e+00,2.997537e+00,5.137775e+00,6.518164e+00
2.957516e+00,2.157483e+00,4.757467e+00,3.488208e+01
4.973602e+00,1.426284e+00,4.318022e+00,6.606788e+01
3.570678e+00,1.588000e+00,4.301796e+00,6.753184e+01
5.190739e+00,4.416421e+00,1.453675e+00,5.420525e+01
4.935785e+00,2.435980e+00,4.277356e+00,7.386030e+01
2.526760e+00,2.159711e+00,1.249363e+00,-1.691716e+01
1.772073e+00,5.771883e+00,4.712540e+00,9.110073e+01
3.866072e+00,3.250878e+00,1.937663e+00,-9.652664e+00
2.956586e+00,5.660629e+00,3.594660e+00,6.369071e+01
5.965075e+00,3.935940e+00,4.555834e+00,6.327315e+01
2.058877e+00,3.899912e+00,2.026804e+00,3.845437e+00
5.999740e+00,4.408747e+00,1.191745e+00,1.006404e+02
2.287307e+00,2.926505e+00,5.013309e+00,1.903537e+01
1.118209e+00,1.161013e+00,1.050014e+00,8.273259e+00
1.805241e+00,3.887411e+00,1.212021e+00,3.349091e+01
2.864376e+00,2.707476e+00,5.946076e+00,2.626902e+01
2.694994e+00,2.574430e+00,2.252192e+00,3.466782e+01
3.449748e+00,4.361605e+00,5.392445e+00,6.114351e+01
4.918732e+00,4.004536e+00,2.943106e+00,7.322468e+01
4.420998e+00,3.582047e+00,5.236575e+00,6.272836e+01
1.944446e+00,5.881245e+00,5.689048e+00,5.652045e+01
3.012559e+00,3.450372e+00,3.319141e+00,4.147197e+01
4.397424e+00,1.789676e+00,3.105742e+00,1.488406e+02
3.304830e+00,2.489877e+00,4.909172e+00,5.500069e+01
5.764410e+00,3.117864e+00,2.435782e+00,6.824216e+00
2.351360e+00,3.560557e+00,3.107409e+00,-1.573533e+01
2.270262e+00,5.545917e+00,3.153144e+00,2.326995e+01
5.829869e+00,2.936252e+00,1.496055e+00,4.719102e+01
5.877110e+00,1.675745e+00,5.020013e+00,1.630952e+02
5.476093e+00,2.835236e+00,1.675827e+00,1.219838e+01
2.293766e+00,5.500522e+00,1.728630e+00,7.774630e+01
2.343909e+00,4.481587e+00,3.063249e+00,8.375707e+01
5.687797e+00,1.912848e+00,2.751774e+00,5.145913e+01
5.712111e+00,1.894038e+00,2.671718e+00,9.139449e+01
2.287812e+00,1.944646e+00,1.916660e+00,2.131392e+01
4.610979e+00,2.989180e+00,5.677851e+00,1.216417e+02
2.216968e+00,3.623408e+00,3.323658e+00,7.296670e+01
4.119937e+00,2.434627e+00,5.074641e+00,1.353636e+01
2.146301e+00,4.842823e+00,2.010970e+00,8.368941e+00
4.331151e+00,3.935574e+00,5.978943e+00,5.054448e+01
2.140775e+00,1.829520e+00,3.271321e+00,4.747022e+00
1.114882e+00,3.291614e+00,2.131602e+00,-3.594616e+01
5.967009e+00,2.186037e+00,3.791848e+00,8.353731e+01
5.991176e+00,5.793290e+00,2.998500e+00,3.099463e+01
3.541717e+00,1.901995e+00,4.484193e+00,1.230190e+01
4.733256e+00,3.786180e+00,5.445393e+00,-5.907910e+00
1.099152e+00,4.743988e+00,2.779658e+00,8.842429e+01
3.899451e+00,3.221943e+00,4.341085e+00,8.334892e+01
3.958787e+00,5.334135e+00,2.268092e+00,-1.038697e+01
5.986140e+00,1.213694e+00,1.164371e+00,2.098533e+01
4.842932e+00,5.120124e+00,3.972091e+00,4.798716e+01
3.833605e+00,5.586131e+00,1.742442e+00,1.029906e+02
2.168093e+00,4.889321e+00,4.816879e+00,8.667463e+01
4.397079e+00,5.973530e+00,1.315033e+00,4.711864e+01
1.976239e+00,3.642384e+00,5.750362e+00,3.105070e+01
3.379747e+00,4.004306e+00,3.310890e+00,-8.105880e+00
1.390309e+00,2.728461e+00,5.370299e+00,7.861986e+01
5.323144e+00,2.048647e+00,2.939518e+00,-2.146289e+01
3.289935e+00,3.870127e+00,4.662524e+00,4.109765e+01
3.852629e+00,4.697611e+00,5.772782e+00,7.287355e+01
3.009560e+00,3.834100e+00,5.292384e+00,9.012336e+01
2.027350e+00,1.332286e+00,2.173909e+00,6.309959e+01
2.169400e+00,3.455476e+00,1.784619e+00,3.788188e+01
4.751403e+00,5.842613e+00,2.350533e+00,-4.669963e+00
5.626415e+00,5.375713e+00,1.825815e+00,5.929469e+01
2.225187e+00,4.994224e+00,5.774059e+00,1.708694e+01
4.024752e+00,5.503076e+00,5.175599e+00,1.643758e+02
5.393080e+00,2.467307e+00,3.073629e+00,4.586058e+00
5.366549e+00,4.623155e+00,1.561217e+00,7.933790e+01
3.938972e+00,3.001089e+00,4.278763e+00,3.806287e+01
5.625029e+00,1.487555e+00,3.385968e+00,9.669616e+01
1.305982e+00,1.412153e+00,4.401519e+00,5.893625e+01
3.305669e+00,4.695715e+00,5.974627e+00,2.575458e+01
1.018582e+00,5.572040e+00,3.850409e+00,4.736201e+01
1.888151e+00,5.001936e+00,5.081582e+00,3.356839e+01
1.781240e+00,4.571656e+00,2.882171e+00,2.336666e+01
5.537866e+00,3.568297e+00,3.463096e+00,3.133974e+01
2.977124e+00,5.426999e+00,2.329993e+00,-5.066115e+01
3.468461e+00,4.946619e+00,2.576081e+00,6.646923e+01
3.870395e+00,3.467864e+00,3.816112e+00,-1.389152e+01
4.621744e+00,4.552056e+00,2.265740e+00,4.530060e+01
5.494220e+00,2.194638e+00,5.389104e+00,8.257252e+01
1.409413e+00,5.254789e+00,5.213943e+00,6.326749e+01
1.178863e+00,3.016797e+00,1.745490e+00,9.133204e+00
1.826686e+00,2.468848e+00,3.504936e+00,-8.942222e+00
2.885586e+00,1.915464e+00,1.847867e+00,1.424369e+01
2.956580e+00,4.208662e+00,2.434936e+00,-1.561766e+01
2.402262e+00,1.088740e+00,5.320914e+00,-1.093253e+00
5.181217e+00,2.065778e+00,2.215309e+00,1.174287e+01
1.161508e+00,4.699709e+00,4.160245e+00,5.582529e+00
4.359339e+00,2.386426e+00,4.101356e+00,1.001096e+02
3.953499e+00,5.167179e+00,2.501644e+00,3.645647e+01
3.793380e+00,5.403471e+00,5.009473e+00,5.358745e+01
4.615339e+00,3.284493e+00,4.449441e+00,6.255814e+01
4.102257e+00,1.781421e+00,1.215578e+00,-3.756281e+00
3.442603e+00,5.350675e+00,5.356520e+00,6.268892e+01
1.864148e+00,3.435440e+00,3.735284e+00,4.797121e+01
5.283231e+00,5.038957e+00,3.017578e+00,7.896098e+01
1.620263e+00,4.107708e+00,5.509242e+00,9.194347e+01
2.767987e+00,2.224044e+00,5.184233e+00,1.997071e+01
4.893227e+00,3.971590e+00,3.219693e+00,-1.265969e+01
2.024726e+00,1.020465e+00,2.598076e+00,8.234903e+01
2.172297e+00,3.212055e+00,3.744117e+00,9.682266e+00
3.754067e+00,4.037451e+00,1.147949e+00,5.498875e+01
3.398543e+00,2.787566e+00,1.623393e+00,-4.374161e+01
3.235562e+00,5.761532e+00,3.379206e+00,1.160241e+02
4.192414e+00,3.082893e+00,4.990035e+00,-1.177678e+01
2.326677e+00,1.778507e+00,3.287293e+00,5.009289e+01
4.596919e+00,3.771359e+00,2.600361e+00,1.852721e+01
4.026503e+00,3.858476e+00,5.839358e+00,6.857850e+01
2.262991e+00,1.828652e+00,5.276495e+00,9.622949e+01
5.257530e+00,3.718259e+00,2.531112e+00,-1.214022e+01
5.450507e+00,4.218206e+00,5.536464e+00,-1.950504e+01
1.910015e+00,4.186596e+00,1.800420e+00,1.468997e+01
2.604115e+00,5.475211e+00,2.032907e+00,7.620215e+01
2.736568e+00,4.389097e+00,2.990961e+00,1.042107e+02
3.020172e+00,3.016258e+00,1.574910e+00,-1.956270e+01
1.208486e+00,3.578981e+00,4.358110e+00,2.967650e+01
5.572106e+00,2.471458e+00,2.860069e+00,6.182237e+01
2.729259e+00,2.915037e+00,1.749442e+00,2.760188e+01
1.683340e+00,4.323514e+00,4.083034e+00,1.087795e+02
1.564498e+00,3.286547e+00,2.247790e+00,-8.481393e+01
3.025275e+00,2.953263e+00,5.085741e+00,5.370287e+01
5.888927e+00,3.424089e+00,1.056181e+00,4.021520e+01
3.353529e+00,5.609456e+00,4.306633e+00,1.119701e+02
2.022988e+00,3.276366e+00,2.575726e+00,1.678727e+01
3.248337e+00,3.124699e+00,1.856942e+00,2.046609e+01
2.497458e+00,3.910757e+00,4.662543e+00,-6.400437e-01
3.255221e+00,3.785909e+00,1.986929e+00,6.481717e+01
2.128204e+00,5.725100e+00,2.164157e+00,-5.335645e+01
3.389152e+00,2.720700e+00,3.850428e+00,2.068319e+01
3.112596e+00,2.829616e+00,1.168693e+00,-1.414292e+01
2.122084e+00,5.011964e+00,4.941826e+00,-4.331257e+01
2.247688e+00,2.768362e+00,2.755530e+00,3.588134e+01
4.711866e+00,3.516052e+00,4.236744e+00,8.945858e+01
4.616109e+00,3.717466e+00,5.934288e+00,8.369452e+01
1.068265e+00,4.468375e+00,1.790930e+00,-5.175831e+00
3.588286e+00,2.598265e+00,4.946360e+00,-4.162410e+01
5.559855e+00,1.542571e+00,3.562938e+00,1.061032e+02
1.149482e+00,4.850497e+00,5.934174e+00,3.863579e+01
1.115644e+00,5.065265e+00,2.052312e+00,-2.170643e+01
1.499163e+00,2.024284e+00,1.753852e+00,2.592923e+01
5.977898e+00,2.194899e+00,4.153334e+00,2.055469e+01
3.649256e+00,4.816329e+00,2.165986e+00,4.189305e+00
3.658086e+00,4.601818e+00,3.327897e+00,1.168046e+01
3.130622e+00,3.524290e+00,4.614873e+00,1.454465e+01
3.590967e+00,4.870499e+00,3.782738e+00,4.911854e+01
2.467282e+00,5.716982e+00,5.259848e+00,7.183687e+01
2.211694e+00,2.608583e+00,4.902870e+00,-3.609154e+01
1.117916e+00,5.616262e+00,2.497816e+00,9.602151e+01
1.417974e+00,3.608641e+00,2.828565e+00,5.110640e+01
5.682440e+00,1.655963e+00,5.324843e+00,4.149280e+01
3.857987e+00,2.053718e+00,2.389908e+00,2.921675e+00
1.190723e+00,2.193502e+00,4.104687e+00,8.838858e+01
1.020660e+00,3.092132e+00,3.430768e+00,1.047977e+02
1.376967e+00,4.817097e+00,3.101499e+00,-6.052876e+01
2.789960e+00,3.209868e+00,3.842683e+00,2.187242e+01
2.161662e+00,5.775465e+00,4.253542e+00,6.350155e+01
2.581408e+00,2.917441e+00,1.154171e+00,3.193235e+01
2.714751e+00,2.614297e+00,4.577383e+00,6.166612e+01
3.131400e+00,5.370573e+00,2.614306e+00,-1.291712e+01
3.343568e+00,5.698756e+00,1.008106e+00,-2.675492e+01
5.808313e+00,1.224184e+00,4.143218e+00,7.929762e+01
1.922891e+00,1.975871e+00,3.284390e+00,-3.801347e+01
