3.218747e+00,3.252019e+00,4.223884e+01
4.156199e+00,1.620886e+00,4.294988e+01
2.932328e+00,9.745017e-01,1.302372e+01
1.588665e+00,2.280252e+00,-3.707683e+00
5.120234e+00,1.419956e+00,7.080633e+00
8.529656e-02,5.196761e+00,1.235876e+01
2.366767e+00,2.761881e+00,-9.046995e+00
4.911243e+00,1.027258e+00,2.573376e+00
3.054188e+00,1.712558e+00,2.751436e+01
1.194316e+00,1.202839e+00,1.296530e+00
1.509402e+00,3.071574e+00,7.268158e+00
5.886491e+00,3.125503e+00,4.844270e+01
7.021250e-01,2.341134e+00,3.761677e+00
7.992742e-01,4.663729e+00,3.256091e+01
5.328718e+00,3.538771e+00,4.008038e+00
2.802984e+00,4.987662e+00,3.278029e+01
3.887516e+00,5.228039e+00,5.023765e+01
1.455187e+00,2.851510e+00,8.765245e+00
4.357407e+00,2.008376e+00,1.700140e+01
1.752367e+00,3.693069e+00,2.057933e+01
1.923331e+00,1.406512e+00,-2.879249e-01
5.728364e+00,2.102738e-02,1.976190e+01
2.060727e+00,5.737469e+00,1.374463e+01
5.894531e+00,3.439789e+00,2.823692e+01
5.966412e+00,3.690221e-01,1.445284e+01
4.072601e-01,3.585166e+00,1.494628e+01
8.428077e-01,2.885070e+00,-7.889302e+00
4.099968e+00,4.187351e+00,3.405384e+01
4.410543e+00,9.816561e-01,-3.673342e+00
5.665343e+00,1.002041e+00,2.410770e+01
1.540222e+00,2.264920e+00,3.923988e+00
3.759058e+00,1.866135e+00,7.324465e+00
5.717400e+00,2.995417e+00,9.945213e+00
5.321660e-01,5.267090e+00,1.418393e+01
4.768433e+00,5.602793e+00,4.099550e+01
3.022632e+00,2.866947e+00,5.785049e+00
4.666600e+00,1.482796e+00,1.142687e+01
5.815871e+00,1.399015e+00,2.660581e+01
5.616416e+00,4.678326e+00,2.281020e+01
5.072092e+00,4.436480e+00,3.534606e+01
2.217473e+00,4.551970e+00,2.829135e+01
4.782267e+00,3.590701e+00,6.371787e+01
3.601671e+00,2.946018e+00,3.410352e+01
4.203002e+00,8.854754e-03,-2.203490e+00
1.060583e+00,2.241061e+00,-5.976939e+00
5.101731e+00,5.256247e+00,4.669542e+01
4.794036e+00,4.773150e+00,2.634500e+00
5.439075e-01,4.498574e+00,1.498671e+01
5.938190e+00,7.919385e-01,6.789484e+00
2.172258e+00,2.776235e+00,3.400312e+01
4.026973e-01,4.177549e+00,4.532637e+01
1.472062e+00,3.218430e+00,2.667716e+00
4.430680e+00,7.121972e-02,2.795550e+01
3.548080e+00,2.194068e+00,-5.991956e+00
4.118253e-01,3.433959e+00,2.403807e+01
2.105495e+00,4.643842e+00,2.889644e+01
3.717275e+00,9.553784e-01,3.484774e+01
4.270730e+00,4.952336e+00,5.163841e+01
7.251519e-01,1.748030e+00,3.533243e+01
2.678457e+00,1.086769e+00,-5.976127e+00
5.820708e+00,2.730210e+00,-4.151337e-01
2.075183e+00,5.663583e+00,4.022810e+01
3.444936e+00,3.215353e+00,6.725986e+00
6.756358e-01,4.494728e+00,3.221010e+01
2.650195e+00,1.622966e+00,1.441466e+01
1.060638e+00,2.309241e+00,-1.612062e+01
4.222782e+00,8.729468e-01,2.109466e+00
4.653325e+00,1.900704e+00,3.234222e+00
3.269409e+00,4.040439e+00,-5.664562e+00
3.900251e+00,2.148012e+00,-3.521236e+00
2.238186e+00,1.968951e+00,-3.338990e+01
5.453392e+00,9.013465e-01,2.074133e+01
4.990739e+00,3.387062e-01,3.417217e+01
5.770447e+00,3.304466e+00,4.624632e+01
3.828560e+00,1.698381e+00,1.348370e+01
3.010351e+00,2.762881e+00,2.465225e+01
2.402232e+00,5.202357e+00,-2.279778e+01
5.884002e+00,5.843531e+00,5.517126e+01
1.042351e+00,1.084874e+00,-2.122211e+01
5.438944e+00,2.036591e+00,1.875601e+01
4.049200e+00,2.914938e+00,1.069386e+01
2.395006e+00,5.038468e+00,1.108480e+01
5.711412e-01,4.023525e+00,-4.649609e+00
7.519748e-01,3.413632e+00,4.562196e+01
9.702097e-01,2.930105e+00,1.462159e+00
5.324176e+00,4.138890e+00,3.393231e+01
2.044114e+00,5.885254e+00,3.595465e+01
5.324480e+00,2.715891e+00,2.599960e+01
1.164286e+00,3.723152e+00,1.085220e+01
5.218826e+00,1.693641e+00,2.950115e+01
4.514643e+00,5.745954e-02,8.372651e+00
4.942198e+00,1.930164e+00,-2.479061e+00
5.475454e+00,1.050576e+00,1.363698e+01
4.941793e+00,2.230694e-01,1.253548e+01
4.011395e+00,1.625323e+00,3.345927e+01
3.568283e+00,8.546650e-01,1.311724e+01
4.391019e+00,2.200039e+00,2.678935e+01
2.902519e+00,3.931456e+00,1.990662e+01
3.272164e+00,2.779127e+00,2.226012e+00
1.569903e+00,1.555989e+00,2.690480e+00
5.019327e+00,3.955843e+00,2.056301e+01
5.661457e-01,2.997997e+00,1.959322e+01
7.614383e-01,3.068542e+00,2.083634e+01
1.942359e+00,4.025876e+00,6.378323e+00
2.591922e+00,4.102438e+00,4.510839e+00
1.569026e+00,5.870840e-01,2.350414e+00
4.431300e+00,2.641688e+00,1.964552e+01
4.577569e+00,5.847504e+00,3.816739e+01
1.858851e+00,4.593320e+00,1.668542e+01
1.242125e+00,4.582340e+00,2.059894e+01
1.217390e+00,1.043989e-01,-2.056763e+01
1.873174e+00,5.004346e+00,1.360746e+01
5.171255e+00,2.981208e+00,4.377766e-01
1.999967e+00,2.075041e+00,4.080128e+01
1.327341e+00,5.378111e-01,-1.808869e+01
9.467195e-01,4.696361e+00,4.422721e+01
1.678895e+00,4.851767e-01,-2.416120e+00
5.204583e+00,2.089646e+00,1.613580e+01
5.985233e+00,2.914472e+00,1.579026e+01
2.446138e+00,4.137741e+00,3.194739e+01
6.617537e-01,1.578745e+00,2.661082e+01
4.437176e+00,5.220778e+00,1.671779e+01
2.618081e+00,2.723872e+00,1.283251e+01
2.248672e+00,3.870445e+00,3.164868e+01
5.639916e+00,5.631447e+00,2.936604e+01
5.700906e-01,4.786056e+00,1.682951e+01
1.053310e+00,5.807143e+00,1.543113e+01
1.355690e+00,5.719460e+00,4.465834e+01
1.510781e+00,2.884724e-01,-1.844459e+01
5.274733e+00,4.802382e+00,3.722914e+01
5.806961e+00,6.983480e-01,1.222745e+00
3.515231e+00,1.799728e+00,-6.331859e+00
4.634960e+00,9.801312e-01,1.899105e+01
2.421187e+00,3.488872e+00,1.011678e+01
3.657646e-01,2.827952e+00,2.049338e+01
3.775221e+00,3.731393e+00,2.735737e+01
1.364408e+00,5.395978e+00,3.275792e+01
5.450449e+00,7.393142e-01,6.151300e+00
7.585906e-01,9.047122e-01,8.784367e+00
2.246652e-01,5.998787e+00,2.853067e+01
4.774329e+00,5.530131e+00,2.510228e+01
5.693404e+00,1.015042e+00,1.844665e+00
5.314198e+00,5.416103e+00,1.771893e+01
3.288666e+00,1.781249e+00,4.085352e+01
5.792509e+00,2.791816e+00,5.097582e+01
5.877033e+00,2.164088e+00,5.644837e+01
2.928352e+00,1.669211e+00,-1.237933e+00
1.302080e+00,4.573990e-01,1.727082e+00
1.505397e+00,4.072061e+00,9.731968e+00
4.522680e+00,1.791870e+00,2.333236e+01
3.909601e+00,8.440273e-01,1.467090e+01
9.419948e-01,4.817574e+00,9.611912e+00
2.545567e+00,3.997368e+00,1.462567e-01
3.005412e+00,4.049830e-01,-5.654425e+00
5.459854e+00,1.143915e+00,3.949666e+01
3.328979e+00,1.293633e+00,2.206361e+01
1.429317e+00,4.199163e+00,1.070791e+01
3.458933e+00,4.244618e+00,3.298205e+01
3.474637e+00,5.831722e-01,1.868470e+01
5.885662e+00,1.618490e+00,2.961814e+01
1.474083e+00,2.045390e+00,2.808600e+01
3.159617e+00,4.598270e+00,3.896467e+01
4.587517e+00,4.520962e+00,1.046046e+01
2.936878e+00,5.681104e+00,2.984718e+01
2.258831e+00,3.298513e+00,2.668945e+01
4.439349e-02,1.393605e+00,2.769919e+01
3.747905e+00,1.856195e+00,3.904106e+01
5.348126e+00,5.605777e+00,1.388286e+01
5.440104e+00,3.449782e+00,3.900579e+01
1.501899e+00,4.306848e+00,4.794236e+01
3.465068e+00,2.322748e-01,2.907329e+00
5.982213e+00,2.878560e+00,2.911514e+01
2.640883e+00,3.612209e+00,2.333863e+01
2.436287e+00,3.909574e-01,4.909357e+01
5.845881e+00,2.095569e+00,1.654782e+01
1.503650e+00,2.876611e+00,5.147400e+01
5.386309e-01,9.445397e-01,-2.682498e+01
5.522771e-01,3.620465e-01,3.070119e+00
3.697827e+00,5.308523e+00,2.231218e+01
3.167207e+00,5.384077e-01,1.755848e+01
5.024901e-01,2.222576e+00,2.032967e+01
1.595460e-01,4.436215e+00,2.693788e+01
2.543751e+00,1.518303e+00,-2.473466e+01
7.746758e-01,1.183622e+00,1.860302e+01
3.535143e+00,4.717140e+00,2.731033e+01
4.210482e+00,3.163581e+00,1.421955e+01
4.600641e+00,3.517638e+00,8.824591e+00
2.297010e+00,6.880548e-01,3.399930e+00
9.947327e-01,7.222103e-01,3.606622e+01
4.710103e+00,2.582096e+00,4.280414e+01
6.617686e-01,3.886788e+00,3.189386e+00
7.962777e-01,9.754910e-01,-2.616792e+01
5.093308e+00,2.057078e+00,9.240276e+00
2.418548e+00,4.997858e+00,6.236240e+01
1.091844e+00,2.917439e+00,5.076887e+01
3.767584e+00,5.784492e+00,9.116636e+00
1.885889e+00,8.633029e-01,1.232260e+01
1.706640e+00,3.870712e+00,1.575877e+01
4.689338e+00,4.381845e+00,3.338113e+01
8.134142e-01,6.549293e-01,2.359220e+01
