2.211540e+00,3.516293e+00,4.411090e+00,-5.924154e-01
3.117443e-01,1.491406e+00,1.775889e+00,-5.442916e+00
2.351621e+00,4.748192e+00,3.609462e-01,2.236384e+00
2.650395e+00,1.289848e+00,2.601384e-01,2.006224e+00
3.905607e+00,3.558395e-02,2.982603e+00,1.844116e+00
2.968262e-01,4.714810e+00,3.443717e-01,7.445639e-01
3.604618e+00,2.709728e+00,3.071178e+00,-3.710116e+00
4.388758e+00,1.530095e+00,1.998570e+00,3.168788e+00
2.351108e+00,1.709128e+00,3.497466e+00,1.149316e+01
1.827380e+00,3.392393e+00,2.914191e+00,2.831423e+00
3.129475e+00,1.113047e+00,3.965047e+00,1.859192e+00
4.318996e+00,8.159277e-01,1.532379e+00,3.475270e+00
7.023226e-02,4.427395e+00,3.670038e+00,6.969807e+00
2.236788e+00,2.893125e+00,2.736303e+00,2.568708e+00
3.392537e+00,3.183595e+00,4.467452e+00,5.346638e+00
1.111101e+00,8.154664e-02,2.798618e+00,9.632148e-01
1.691984e+00,3.792421e+00,2.770581e+00,2.082897e+00
3.461758e+00,4.015535e+00,7.162278e-01,2.127223e+00
1.295897e-01,1.764740e+00,3.572036e+00,-3.155475e+00
1.779593e+00,4.046508e-01,1.154730e+00,-6.236181e-01
3.227596e+00,3.528889e+00,4.255223e+00,2.349194e-01
4.174831e+00,4.045138e+00,3.210592e+00,9.302928e+00
9.287580e-02,2.861939e+00,1.137587e+00,7.749182e+00
3.312032e+00,1.790246e+00,1.930945e+00,7.198524e+00
4.709880e+00,3.972260e+00,2.822012e+00,-9.391212e-01
2.041565e+00,8.428925e-01,2.215061e+00,5.043029e-01
2.425794e+00,1.805329e+00,2.944623e+00,3.860576e+00
1.287279e+00,1.889363e+00,1.384325e+00,-3.170693e-01
3.766780e-01,2.085451e+00,2.237307e+00,-1.498446e-01
2.901078e+00,2.869435e+00,1.465252e+00,2.165495e+00
3.006977e+00,1.322347e+00,4.560884e+00,5.260740e+00
1.605630e+00,2.504262e+00,6.343763e-02,9.142451e-02
2.547799e+00,4.885144e+00,2.182018e+00,-4.490386e-01
2.422197e+00,3.291959e+00,2.839104e+00,5.265365e+00
8.775806e-01,1.998004e+00,6.813879e-01,3.388360e+00
2.315317e+00,1.930461e-01,1.516297e+00,-2.843227e+00
8.890411e-01,4.442824e+00,1.753744e+00,5.609297e+00
1.310758e+00,6.545049e-01,9.577033e-01,-2.627310e+00
1.594138e+00,4.848882e+00,3.633268e+00,4.291707e+00
4.205360e+00,5.480504e-01,3.185571e-01,-2.432519e+00
4.536040e+00,2.129292e+00,4.376011e+00,3.950678e+00
4.178420e+00,2.165014e+00,1.162638e+00,7.357274e+00
4.202657e+00,2.057502e+00,4.836494e+00,1.959071e+00
3.910414e+00,4.913940e+00,3.254410e+00,2.547907e+00
7.623207e-01,3.102873e+00,2.935102e-01,6.171599e+00
4.441477e+00,2.412738e+00,2.384922e-01,5.950919e+00
2.711319e-01,4.922458e+00,2.848570e+00,-9.765536e-01
4.316431e+00,1.508477e+00,1.227460e+00,4.503625e+00
6.500607e-01,6.558503e-02,4.084533e+00,-4.961198e+00
8.915911e-03,4.588241e+00,7.032335e-01,6.057490e+00
3.557240e+00,4.471074e-01,1.567374e+00,7.992611e-01
1.160154e+00,3.016496e+00,2.761891e+00,3.481782e+00
1.676944e+00,7.809172e-01,4.769333e+00,-3.229578e+00
1.349685e-02,5.418110e-02,1.714754e+00,2.394689e+00
4.671792e+00,4.851825e+00,1.432709e+00,2.442727e+00
3.174242e-01,2.184289e+00,4.507836e-01,2.037997e+00
1.249224e+00,2.861313e+00,1.858619e+00,1.669840e+00
3.801517e+00,7.198251e-01,8.581851e-01,5.759190e+00
2.159652e+00,4.448117e+00,9.391253e-02,-2.191838e+00
1.364807e-01,3.603282e+00,1.753443e+00,-7.256475e-01
1.216240e+00,3.723308e+00,3.665272e+00,-1.179001e-01
2.773678e+00,2.612514e+00,4.370425e+00,7.146427e+00
3.282328e+00,2.196288e+00,4.395003e+00,6.462039e-01
1.192407e+00,1.262670e+00,4.036061e+00,3.255960e+00
1.816132e+00,1.605551e+00,4.257272e+00,7.094416e+00
3.139145e+00,2.807729e+00,2.666576e-01,6.821913e+00
2.032263e+00,4.001090e+00,1.709472e-01,1.352366e+00
4.861647e+00,7.611727e-01,5.479810e-01,4.442377e+00
4.436988e+00,4.865664e+00,2.207632e+00,3.345400e+00
2.737569e+00,2.218968e+00,1.445238e+00,2.531418e+00
7.976793e-01,1.403535e+00,4.609560e-01,4.492170e+00
2.810334e+00,1.432386e+00,3.190356e+00,9.055166e-02
4.883789e+00,4.641348e+00,6.036113e-01,2.925815e+00
2.753130e+00,7.029938e-01,4.364538e+00,8.473866e+00
1.027644e+00,2.476184e+00,3.136764e+00,-3.969450e+00
4.398094e+00,4.952147e+00,3.282663e+00,5.468192e+00
3.689052e+00,4.880260e+00,3.412694e+00,-3.614951e+00
1.872068e+00,3.036798e+00,1.861552e+00,5.692986e-01
4.001936e+00,3.949504e+00,1.043966e+00,8.725558e+00
3.891283e+00,2.455423e+00,2.427546e+00,4.818702e+00
3.037846e+00,3.578870e+00,1.807260e+00,2.191283e-02
7.525325e-01,3.447224e+00,3.213244e+00,7.724864e+00
3.694986e+00,1.355039e+00,2.954303e+00,6.038548e-01
5.630542e-01,3.760275e+00,2.791745e+00,-2.045968e-01
9.301911e-01,2.043905e+00,1.034757e+00,5.263292e+00
5.049238e-01,3.304311e+00,4.277650e+00,2.399420e+00
3.597461e+00,4.220210e+00,1.289753e+00,4.349710e+00
4.051444e+00,3.884595e+00,1.569733e+00,7.107989e+00
4.286328e+00,2.854580e-01,3.041413e+00,3.329256e+00
4.051325e+00,2.012555e+00,1.690314e+00,6.102512e+00
4.607845e+00,4.434635e+00,2.038270e+00,1.053105e+01
3.739739e+00,2.706622e+00,4.050744e+00,7.929416e+00
2.465655e+00,2.143985e+00,3.327745e-01,-1.491226e+00
1.259111e+00,3.908494e+00,2.491206e+00,9.907310e+00
5.181980e-01,1.144887e+00,3.334475e+00,4.020084e-01
4.711987e+00,3.870340e+00,4.307305e-01,6.908336e+00
1.111388e+00,1.573355e+00,2.295458e+00,2.632060e+00
7.467317e-01,8.760264e-01,1.600357e-01,2.204889e+00
3.173057e+00,3.176020e+00,1.555424e+00,4.490621e+00
3.350252e+00,3.521426e+00,3.058166e+00,7.530615e-01
3.415959e+00,7.924954e-01,3.463341e+00,-1.054437e-01
3.676345e+00,1.334538e+00,1.773497e+00,2.647758e+00
3.652157e+00,2.288179e+00,1.184542e+00,8.318743e+00
1.775743e+00,1.158871e+00,7.114856e-01,3.261856e+00
2.933732e+00,6.474894e-01,1.079229e+00,8.483540e-01
3.194405e+00,1.399390e+00,4.219611e+00,6.523786e+00
1.747687e+00,2.307781e+00,1.433648e+00,-2.331947e+00
3.786258e+00,2.039389e+00,4.465698e+00,1.346435e+00
5.662273e-01,3.502178e+00,2.247333e+00,2.882432e+00
1.428214e+00,4.788277e-01,4.975331e+00,7.630538e+00
1.903963e+00,2.745232e+00,1.689111e-01,-9.522001e-01
3.944548e+00,4.015958e+00,2.333133e-01,8.192684e+00
8.141000e-02,4.853796e+00,3.319383e-01,-1.921688e+00
3.962333e+00,1.545527e+00,2.161845e+00,2.008905e+00
1.500359e+00,3.734572e+00,1.146679e+00,2.304962e+00
3.973030e+00,3.035030e+00,1.350245e+00,3.315999e+00
3.909047e+00,1.491596e+00,3.799176e-01,-1.410549e+00
4.996370e-01,8.516741e-01,2.008365e+00,3.897849e+00
1.645774e+00,4.023536e+00,1.807452e+00,4.037609e+00
2.846638e+00,1.143012e+00,2.536983e+00,1.622266e+00
2.254037e+00,4.765451e+00,1.154662e+00,-9.852055e-02
3.528058e+00,3.544770e+00,5.525305e-01,6.323923e+00
1.439297e+00,2.194538e+00,3.928343e+00,3.932079e+00
1.314689e+00,3.369717e-01,8.186609e-01,1.644825e+00
8.709566e-01,2.538034e+00,1.270596e+00,-2.478571e-01
3.042563e+00,3.391832e+00,3.342963e+00,3.389307e+00
4.931857e+00,4.393184e+00,2.643685e+00,3.440270e+00
2.241258e+00,1.442311e+00,1.450926e+00,-5.667584e-02
7.541847e-01,3.594221e+00,4.828664e+00,-4.887441e-01
2.981209e-01,5.313275e-02,3.538122e+00,-5.394066e+00
4.939958e+00,1.303053e+00,1.174471e+00,6.810804e+00
7.150107e-01,4.765991e+00,4.781527e+00,3.115463e+00
3.714278e-01,1.995750e+00,4.061259e+00,5.467791e+00
2.783081e+00,1.415240e+00,8.395461e-01,3.680979e+00
1.507020e+00,8.366665e-01,2.024863e-01,-3.127897e+00
9.940285e-01,7.736736e-01,2.500126e+00,2.768239e+00
1.102530e+00,7.190018e-01,1.052726e+00,3.106973e-01
1.783900e+00,1.177849e+00,3.658711e+00,-2.536210e+00
7.405166e-01,1.509158e+00,4.968302e+00,7.912447e+00
6.969855e-01,7.894157e-01,9.847968e-01,-3.513321e-01
1.370589e+00,5.156823e-01,1.170977e+00,4.069312e+00
2.306719e+00,1.977586e+00,4.034589e+00,3.911446e+00
3.582285e-01,1.058330e+00,1.192341e+00,-4.272269e+00
4.714372e+00,1.758870e+00,4.143247e+00,5.561504e+00
3.256623e+00,4.221551e-01,4.469369e+00,9.440906e-01
3.563183e+00,4.000240e+00,1.771316e+00,5.912969e+00
2.640172e+00,1.198354e-01,1.898264e+00,2.868551e+00
2.892377e+00,1.361146e-01,1.092836e+00,2.598415e+00
5.125987e-01,3.232306e+00,2.324666e+00,-2.090562e+00
9.118220e-01,1.459302e+00,2.315913e+00,6.744466e+00
4.363668e+00,3.862385e+00,3.544693e+00,7.162483e+00
3.029808e+00,3.597623e+00,3.757092e+00,4.211653e+00
3.418115e+00,4.464266e+00,1.263211e+00,8.908860e+00
3.507152e+00,1.179343e+00,4.595875e+00,4.349125e-02
1.019120e+00,8.765488e-01,1.039821e+00,4.000749e+00
1.256937e+00,1.009202e+00,4.696511e+00,1.484514e+00
3.826539e+00,1.365662e+00,2.776195e+00,-4.848570e-02
4.281756e+00,4.460906e+00,7.537947e-02,-3.771182e+00
1.384075e+00,4.304394e+00,4.461529e+00,2.272604e+00
4.239806e+00,7.182948e-01,2.772725e+00,9.192449e-01
3.577632e+00,3.252985e+00,2.454929e+00,2.530924e+00
1.526158e-01,2.083770e+00,2.496299e+00,-4.385147e-01
8.096732e-01,9.558105e-01,2.467392e+00,-1.389534e+00
2.890280e+00,2.508076e-01,1.007661e+00,2.198041e+00
1.419501e+00,4.997483e+00,3.578562e+00,4.670077e+00
6.373007e-01,7.834735e-01,7.204925e-01,3.703836e+00
1.358868e+00,3.242373e+00,1.904330e-01,6.890866e+00
4.978913e+00,3.585837e+00,2.669085e+00,3.989477e+00
6.540089e-01,3.640572e-01,2.652930e+00,1.781208e-02
3.073745e+00,1.121782e+00,2.683869e+00,3.993918e+00
1.974324e+00,3.233736e+00,4.712127e+00,8.602340e-01
1.954822e+00,1.554434e-02,4.593516e+00,-1.245812e+00
3.444677e-01,3.516812e-01,3.501114e+00,2.190324e+00
7.088028e-01,2.875665e+00,4.386835e+00,4.970055e+00
4.183939e+00,3.023159e+00,1.720908e+00,7.457606e+00
1.320937e+00,1.811673e+00,4.652922e+00,-6.807507e-01
4.684829e+00,2.317107e+00,2.463651e+00,5.944114e+00
2.382207e+00,4.563485e+00,1.264124e+00,3.960861e-01
6.774570e-01,5.981974e-01,9.140331e-01,-4.744638e+00
5.594604e-01,3.383462e+00,4.573304e+00,5.705661e+00
2.183257e+00,1.252649e+00,4.421379e+00,1.359996e-01
4.472297e+00,1.618892e+00,3.271426e+00,3.793949e+00
1.870727e+00,4.941816e+00,7.979888e-01,7.162725e-01
3.076444e+00,3.716953e+00,2.950281e+00,5.655702e+00
1.339640e+00,2.795790e+00,3.145311e+00,3.923936e-01
4.777432e+00,4.902400e-01,9.474421e-01,6.983411e-01
3.487345e+00,5.997322e-01,2.351157e-01,3.085404e+00
2.296784e+00,2.318405e+00,1.009672e+00,5.158150e+00
1.396105e-01,3.985815e+00,2.281088e+00,4.294372e+00
2.225190e+00,4.785456e+00,1.847073e+00,4.599803e+00
2.554307e+00,2.791560e+00,3.197541e+00,-4.067727e+00
1.215806e+00,4.024799e+00,1.524189e+00,2.864394e+00
2.416738e+00,2.872399e+00,1.650919e+00,3.705951e+00
1.774576e+00,1.474072e+00,2.345386e+00,1.956901e+00
2.338824e+00,3.444392e+00,3.936858e+00,1.432806e+00
7.219138e-01,3.618573e+00,4.136268e-01,-2.682262e+00
3.748843e-01,1.664988e+00,4.077547e+00,3.415048e+00
1.476723e+00,2.429621e+00,3.649116e+00,-1.983215e+00
5.287115e-01,2.355020e+00,2.257868e+00,1.396514e+00
3.070399e+00,2.880588e+00,1.899026e+00,-7.211905e-01
