1.892546e+00,5.579587e+00,4.817695e+00,7.475811e-01
2.349063e+00,3.216025e+00,6.862844e-01,1.181067e+00
3.491876e+00,5.926574e+00,2.649560e+00,8.232247e-02
4.426876e+00,3.123613e+00,2.672429e+00,9.928262e-01
6.665188e-02,1.642660e-01,3.184704e+00,1.423852e+00
5.268001e+00,3.054408e+00,5.525805e-01,-1.139024e+00
4.392856e+00,1.451154e+00,2.134539e+00,1.688035e+00
1.378081e+00,2.123066e+00,1.775268e+00,2.424903e+00
3.175640e+00,5.341944e+00,1.550852e-01,-1.129508e+00
1.162335e+00,2.140128e+00,5.052383e+00,2.438168e+00
5.271863e+00,4.711862e-01,4.874577e+00,1.296638e+00
4.428073e-01,2.847516e+00,2.919928e+00,1.363594e+00
3.152094e+00,1.849721e+00,5.235566e+00,2.390134e+00
9.321752e-01,1.898600e+00,3.035339e+00,3.167435e+00
3.192437e+00,4.034410e+00,3.953569e-01,8.926174e-01
5.559104e+00,6.742852e-01,1.696579e+00,-2.256842e-02
4.670004e+00,1.854680e+00,2.214753e+00,7.727334e-01
8.577776e-01,4.772249e+00,1.128723e+00,-1.034584e+00
1.538576e-01,4.719310e+00,1.323996e+00,-1.699431e-01
4.110714e+00,6.251534e-01,4.545741e+00,1.327738e+00
1.246649e-01,1.700888e+00,1.141363e+00,2.458900e+00
3.780277e+00,3.287292e-01,3.550220e+00,-9.053114e-02
2.912021e+00,3.454318e+00,2.458330e+00,4.512473e-01
1.134352e+00,3.284047e+00,2.439559e-01,2.924373e-01
2.290556e+00,5.872192e+00,4.452185e-01,5.787416e-01
5.794928e+00,4.627771e+00,2.364096e+00,-1.096482e+00
1.141473e+00,1.972264e+00,5.793240e+00,2.150093e+00
3.525719e+00,5.206959e+00,3.064760e-01,1.849390e-02
2.100666e+00,2.606840e+00,4.577124e+00,1.385408e+00
1.607212e+00,1.237276e-01,6.836939e-01,1.014021e+00
8.992250e-01,2.336869e+00,9.083117e-01,1.812843e+00
3.386119e+00,4.570982e+00,9.440457e-01,-1.404794e-01
5.384427e+00,2.349803e+00,6.282841e-01,1.083718e+00
7.691516e-01,1.448153e+00,1.368405e+00,3.585764e+00
2.085022e+00,3.072428e+00,3.737598e+00,1.365626e+00
1.687435e+00,3.301028e+00,5.585978e+00,2.047202e+00
3.301325e+00,1.162077e+00,2.864127e+00,9.129010e-01
3.552660e+00,2.108721e+00,2.047972e+00,8.947587e-01
6.415674e-01,3.167606e+00,4.061517e+00,1.083393e+00
1.500392e+00,5.500005e+00,1.391551e+00,-7.638948e-01
1.537988e+00,2.531194e+00,2.578542e+00,2.929196e+00
5.830334e+00,1.573129e+00,5.995688e-01,2.452221e+00
1.662923e+00,3.720933e+00,1.311268e+00,1.141963e-01
5.192524e+00,3.004635e-01,2.015022e+00,4.638573e-01
1.921178e+00,5.243918e-02,5.656077e+00,1.747211e+00
2.878396e+00,2.857425e+00,1.745669e+00,1.414206e+00
5.729832e+00,2.185890e+00,8.071490e-01,2.509267e+00
5.636397e+00,4.828528e+00,3.323953e+00,-5.661292e-01
2.162801e+00,2.088889e+00,2.378768e-01,1.877316e+00
2.727542e+00,2.308934e+00,4.916653e+00,7.429924e-01
4.868608e+00,5.609811e+00,1.748166e+00,-2.010664e-02
4.585609e+00,2.605111e+00,2.914845e+00,1.064917e-01
3.795277e+00,4.460661e+00,9.247527e-01,-8.734612e-01
3.080584e+00,4.872095e+00,6.867138e-01,-4.087685e-01
1.256401e+00,5.270586e+00,4.623616e+00,2.020409e-01
2.539225e+00,4.228035e+00,4.487704e-01,3.542029e-01
5.843279e+00,4.275669e+00,2.066226e+00,-6.175854e-01
4.760128e+00,3.984219e+00,4.629186e+00,-1.063249e+00
3.924536e+00,5.531047e+00,4.478736e+00,6.648151e-01
4.338725e+00,3.516739e+00,1.577066e+00,-2.954656e-01
5.809294e+00,3.347115e+00,8.100929e-02,6.641512e-01
5.572461e+00,6.770633e-01,1.512691e+00,6.103107e-01
1.074127e+00,1.765428e+00,5.310474e+00,1.987725e+00
8.380528e-01,3.700673e+00,4.955023e+00,1.456906e+00
8.947769e-02,2.987710e+00,2.692896e-01,9.627040e-02
3.167970e+00,3.923557e+00,4.266238e+00,2.139734e-01
5.165840e+00,2.142991e+00,5.922516e+00,1.965131e-01
7.144686e-01,3.924453e+00,1.455371e+00,-5.485505e-01
1.775845e+00,2.347696e+00,4.786954e+00,9.506336e-01
2.322016e+00,3.532718e+00,2.703938e+00,1.121322e+00
1.512134e+00,3.073088e+00,1.123411e+00,1.620967e+00
2.122413e+00,1.308438e+00,5.317400e+00,2.333706e+00
3.381972e+00,2.378047e+00,9.423352e-01,1.037867e+00
2.241411e+00,3.196345e+00,5.684589e+00,4.373387e-01
4.154836e-02,6.801004e-01,3.513516e+00,6.087688e-01
3.687985e-01,3.381588e-01,3.549777e+00,7.618583e-01
4.068589e-01,2.302863e+00,1.978656e+00,9.563042e-01
3.457468e+00,2.260004e-01,1.990286e+00,1.702165e+00
4.092988e+00,2.873944e+00,4.985612e+00,1.272642e-02
2.680657e+00,5.931660e-02,1.724793e+00,3.170481e-01
5.287783e+00,4.501087e-01,4.780160e+00,-1.053472e-02
5.227217e+00,2.318035e+00,4.941535e+00,2.477407e+00
5.262126e+00,3.545628e+00,3.884467e+00,-5.624257e-01
6.165805e-01,8.924661e-01,8.489763e-01,2.688489e+00
4.276102e+00,4.568367e+00,5.073681e+00,-2.491842e-01
3.504728e+00,3.161959e+00,2.176220e+00,4.919043e-01
4.736344e+00,3.994162e+00,3.918233e+00,-8.849164e-01
5.677073e-01,1.079691e+00,2.285203e+00,2.296923e+00
9.620964e-01,1.337195e+00,5.192612e+00,2.405852e+00
1.839035e+00,9.957987e-01,2.675715e+00,1.820828e+00
3.302314e+00,8.026951e-01,5.618691e+00,1.608500e+00
5.486945e+00,3.972674e+00,4.122123e+00,-2.222272e+00
5.380602e+00,5.230283e+00,1.249380e+00,-4.963022e-02
3.421765e+00,1.626824e+00,3.961523e+00,9.787466e-01
4.994468e+00,2.637358e+00,4.721845e+00,5.059474e-01
3.480520e+00,6.120736e-01,3.956552e+00,-6.908851e-01
1.048575e+00,4.505571e+00,4.198925e+00,3.124916e-01
2.615821e+00,8.914477e-01,3.610806e+00,1.930176e+00
1.901276e+00,2.748549e+00,4.977420e+00,2.791492e+00
2.306783e+00,1.190376e+00,5.672709e+00,2.120427e+00
2.690512e+00,5.642816e+00,5.965125e+00,-2.240814e-01
3.578633e+00,2.774605e+00,5.040388e+00,-8.252003e-01
1.971508e+00,2.671349e+00,5.482836e+00,1.620725e+00
1.646040e+00,2.399199e+00,5.642180e+00,2.165083e+00
9.100834e-01,1.669935e+00,5.649461e-01,2.671693e+00
1.244009e+00,2.597268e+00,3.821679e+00,1.541705e+00
3.433600e+00,2.627578e+00,3.219828e+00,-1.674642e-01
1.800572e+00,1.509844e+00,5.547339e+00,2.553925e+00
2.954982e-01,3.812564e+00,1.771751e+00,6.726340e-01
3.628390e+00,5.617781e+00,7.645069e-01,-1.110601e+00
3.046228e+00,3.520751e+00,3.182463e-01,-4.056166e-01
4.104052e+00,2.158991e+00,3.764803e+00,4.327741e-01
4.596726e-01,1.304499e+00,2.646953e+00,1.239691e+00
9.374350e-01,3.876718e-01,1.301864e+00,6.691836e-01
2.641872e-01,2.886957e+00,3.174190e+00,2.146438e+00
4.626992e+00,9.453871e-01,6.442925e-01,1.687106e+00
4.761128e+00,3.676844e+00,1.121218e+00,-2.255711e+00
4.212858e+00,1.220190e+00,4.531413e-02,1.662643e+00
1.660311e+00,4.188503e+00,3.837109e+00,4.008691e-01
7.072204e-01,3.281968e+00,1.241171e+00,1.034828e+00
1.629471e+00,1.707617e+00,5.479775e+00,1.989165e+00
5.902066e+00,2.446531e+00,5.770725e+00,1.074224e+00
1.340617e+00,6.338698e-02,1.660423e+00,1.879661e+00
2.645386e+00,5.093809e+00,2.723704e+00,-1.307627e+00
3.852257e+00,2.755197e+00,3.420488e+00,4.027588e-01
4.788448e+00,5.293438e+00,2.500194e+00,-1.332758e+00
2.002262e+00,6.689021e-01,5.559890e+00,2.260230e+00
3.046951e+00,5.522474e-01,3.310854e+00,2.603106e+00
1.419800e+00,1.530922e-01,1.227687e+00,1.250420e+00
4.232752e+00,1.428317e+00,1.721525e+00,1.522337e+00
1.008268e+00,4.376603e+00,2.666937e+00,9.649813e-02
4.906676e+00,5.426146e+00,1.160377e+00,-6.671912e-01
3.346625e-01,4.925848e+00,5.710486e+00,1.306682e-01
2.229619e+00,5.962473e+00,1.358230e+00,1.118522e+00
4.939813e-01,7.663115e-01,5.366944e+00,2.942547e+00
1.538510e+00,1.108201e+00,4.421235e+00,2.796057e+00
3.511999e-01,2.977201e+00,3.923599e+00,8.844946e-01
1.394976e+00,1.429586e-01,1.953747e+00,4.830886e-01
1.742610e+00,2.058788e+00,7.975443e-01,1.384990e+00
2.211764e+00,5.297653e+00,4.774375e+00,2.469380e-01
2.384354e+00,3.640806e+00,4.349491e+00,1.120301e+00
3.778960e+00,4.065934e+00,5.793504e+00,-5.968427e-01
1.265103e+00,3.310673e+00,3.874061e+00,1.500306e+00
1.670587e+00,5.563203e+00,2.302170e+00,-1.697632e-02
8.106416e-01,4.620263e+00,8.043217e-01,7.273884e-01
4.579120e+00,4.769296e+00,1.758661e+00,1.713522e-01
7.093986e-01,1.420458e+00,1.729667e+00,2.691817e+00
3.176709e+00,4.524238e+00,1.032065e+00,4.521150e-01
1.100032e+00,1.192709e+00,5.581728e+00,2.027481e+00
3.137629e+00,8.562901e-01,3.318512e+00,1.648524e+00
4.436196e-01,1.390675e+00,5.167030e+00,1.092927e+00
1.272516e+00,5.245050e+00,3.791369e+00,1.078539e-01
3.119661e+00,1.383101e+00,4.316267e+00,2.340344e-02
2.110296e+00,5.704709e+00,4.521628e+00,7.348037e-01
3.478321e+00,3.140739e+00,2.931074e+00,-1.643111e-01
5.342589e+00,1.738298e+00,5.923774e+00,5.592802e-01
8.076493e-01,1.428862e+00,1.480066e+00,1.905345e+00
1.398114e+00,1.472761e+00,4.992023e-01,3.072488e+00
4.807182e-02,5.012788e+00,2.509330e+00,-9.568618e-01
3.070154e+00,2.208755e+00,3.291024e+00,5.808455e-01
7.043265e-01,4.832101e+00,1.048483e+00,2.522061e-01
5.566031e+00,4.240603e+00,4.599484e+00,-3.847059e-01
5.823264e+00,3.311632e+00,2.344269e+00,2.326549e-01
1.692960e+00,3.281618e+00,3.373541e+00,1.665448e+00
2.956353e+00,2.632150e+00,5.564452e+00,3.133601e-01
7.445052e-01,5.770116e-01,9.281328e-01,7.420880e-01
3.727051e+00,4.906831e+00,2.662872e-01,-1.144249e+00
7.756286e-01,7.123812e-01,3.738278e+00,1.231955e+00
5.804835e+00,3.116725e+00,4.264624e+00,-1.429713e-01
6.632351e-01,5.748070e+00,4.503879e-01,7.436847e-01
3.301134e+00,3.442767e+00,4.845760e+00,-6.092903e-01
2.774544e+00,2.159164e+00,1.458426e+00,7.394273e-01
2.815570e-01,2.707674e+00,3.701619e+00,9.533550e-01
3.939412e+00,3.545709e+00,5.878777e+00,-1.012117e-01
4.093061e+00,4.653358e+00,2.963043e+00,-8.044869e-01
1.538492e+00,2.984813e+00,1.237383e+00,3.426310e+00
8.389135e-01,3.850260e-01,2.973440e+00,1.618461e+00
2.367279e+00,4.175853e+00,2.335597e-02,1.636311e-01
4.529572e+00,3.194481e+00,5.728993e+00,-1.225371e+00
3.088533e+00,1.828788e+00,1.394745e+00,2.920422e+00
1.434264e+00,2.543022e+00,1.812559e+00,1.210235e+00
7.539352e-01,5.958720e+00,4.592817e+00,7.851031e-02
1.820952e+00,2.288353e+00,4.010903e+00,4.920627e-01
3.277594e+00,1.864541e+00,2.845204e+00,1.999073e+00
1.658495e+00,4.136452e+00,2.302656e+00,8.472843e-01
5.669942e+00,1.712534e+00,5.590869e+00,1.873922e+00
2.538290e+00,6.090773e-01,3.629997e+00,6.214531e-01
2.108615e+00,3.378395e+00,2.299899e+00,8.258667e-01
4.615898e+00,4.712486e+00,5.291816e-02,-4.409969e-01
7.212499e-01,4.226383e+00,3.931384e+00,1.386827e+00
6.805359e-01,3.668685e+00,5.505182e+00,2.634065e-01
4.636287e+00,1.260583e-02,5.863758e+00,-9.278879e-01
2.065113e+00,5.301016e+00,4.831447e+00,-2.851477e-01
8.241566e-01,1.689230e+00,5.915841e-01,2.232102e+00
1.672307e+00,4.979212e+00,1.681528e+00,-1.080633e-01
3.388163e+00,5.452275e+00,3.079118e+00,-2.790447e-01
1.873423e+00,2.689647e+00,5.537221e+00,4.520908e-01
1.111394e+00,2.793707e+00,5.049714e+00,1.273909e+00
4.970737e+00,5.497620e+00,2.838619e-01,-3.629079e-01
2.025942e+00,3.854901e+00,5.055625e+00,5.996161e-01
