2.215704e-01,4.995637e+00,-4.359107e-01
4.115727e+00,8.119788e-02,3.397073e-02
5.506450e-01,4.016553e+00,-3.473406e-01
5.050195e+00,4.296264e+00,-5.269683e-01
4.816504e+00,2.483833e-01,2.357710e-01
1.468550e+00,4.247257e-01,4.896245e-01
4.244241e+00,4.810877e+00,-5.917251e-01
3.910419e+00,1.963593e+00,5.000380e-01
5.632535e+00,3.075836e+00,9.476590e-02
7.238087e-01,2.193465e-01,2.605605e-01
4.513696e-01,2.769827e+00,3.175534e-01
5.811519e+00,5.951700e+00,-1.859916e-01
1.522024e+00,2.062253e+00,7.561677e-01
3.852577e+00,5.614862e+00,-3.508884e-01
3.431360e+00,2.877240e+00,2.536805e-01
4.672761e+00,2.613610e+00,3.302184e-01
4.798222e+00,1.661110e+00,6.298317e-01
6.598375e-01,9.928921e-02,1.960601e-01
4.351872e+00,5.648339e-01,2.934455e-01
2.986176e+00,5.677554e+00,-2.073946e-01
2.944346e+00,4.971898e+00,-4.635525e-01
5.998710e+00,9.322783e-01,5.713196e-01
9.882002e-01,5.126959e-01,5.022009e-01
4.382158e-01,2.082477e+00,6.703505e-01
2.324183e+00,3.383227e+00,-1.945972e-03
4.948020e+00,3.400593e+00,-2.087422e-01
5.583989e+00,1.458775e+00,6.105368e-01
5.795970e+00,2.654966e+00,3.071613e-01
4.473154e+00,5.828765e+00,-2.226276e-01
4.537983e+00,4.119011e+00,-5.302246e-01
4.713530e+00,3.438052e+00,-1.924793e-01
4.786774e+00,3.881278e+00,-3.794465e-01
2.271671e+00,5.319923e+00,-4.456843e-01
5.651706e+00,2.503578e+00,4.094193e-01
5.655987e-01,3.645792e+00,-1.878631e-01
3.127609e+00,3.901215e+00,-2.606146e-01
3.493020e+00,2.458581e+00,5.314443e-01
6.145475e-01,2.645108e+00,3.795162e-01
3.598696e+00,3.026489e+00,9.400686e-02
2.636364e+00,4.442879e+00,-3.851595e-01
1.681655e+00,2.511251e+00,5.828782e-01
6.391026e-01,2.736096e+00,4.161321e-01
2.154502e+00,1.301318e+00,8.234579e-01
5.920319e+00,4.343976e+00,-5.537397e-01
5.249910e+00,5.046978e+00,-5.354515e-01
2.149046e+00,3.243725e+00,9.769348e-02
7.262196e-02,1.923122e+00,6.880513e-01
5.631904e+00,5.932492e+00,-1.701295e-01
3.906638e+00,3.914369e+00,-3.860887e-01
4.736907e+00,5.848046e+00,-2.415818e-01
3.121997e+00,4.752016e+00,-5.072691e-01
2.333361e+00,2.303927e+00,4.802898e-01
1.338735e+00,3.395229e+00,-6.623737e-03
5.559100e+00,9.123287e-01,5.790310e-01
4.909717e+00,5.824670e+00,-3.034416e-01
2.416379e+00,4.204263e+00,-3.206423e-01
5.938785e+00,3.759183e+00,-2.352294e-01
7.782265e-01,3.537814e+00,-4.641434e-02
4.928842e+00,4.969601e-01,2.907491e-01
3.920812e+00,5.878166e+00,-2.779004e-01
3.422221e+00,1.541210e+00,6.599373e-01
2.959427e+00,5.675815e+00,-1.965814e-01
5.223510e+00,2.525039e+00,3.552887e-01
4.760278e+00,2.308329e+00,5.166670e-01
1.693109e+00,1.646934e+00,8.239096e-01
5.068192e+00,4.360788e+00,-5.989024e-01
1.331175e+00,3.787969e+00,-2.363930e-01
4.086029e+00,4.195551e-02,1.886287e-02
9.830599e-01,1.815326e+00,7.269226e-01
2.563467e+00,4.542938e+00,-5.121104e-01
5.424270e+00,1.625988e+00,6.703311e-01
5.684483e+00,2.290441e+00,5.355540e-01
4.049448e+00,3.063513e+00,5.166398e-03
8.813762e-01,3.400855e+00,4.574022e-02
2.383893e+00,4.976871e+00,-4.153019e-01
3.956095e+00,5.136630e+00,-4.385970e-01
5.269546e+00,9.825391e-01,5.529875e-01
3.814275e+00,3.485850e+00,-2.045164e-01
5.200464e+00,1.126973e+00,6.528292e-01
2.522544e+00,4.163724e+00,-2.363706e-01
3.838223e+00,4.781125e+00,-5.894509e-01
2.796439e+00,3.309785e+00,8.500919e-02
4.429632e+00,2.403493e+00,4.375407e-01
7.616892e-01,2.394803e+00,5.792555e-01
8.682105e-01,3.822203e+00,-2.056133e-01
3.009853e+00,1.738753e+00,6.592803e-01
1.812765e+00,4.934329e+00,-3.981605e-01
5.646935e+00,1.374716e-02,-3.380903e-02
2.344030e+00,4.746006e+00,-3.582521e-01
1.971548e+00,4.638069e+00,-5.324442e-01
5.638990e+00,3.747192e+00,-3.018018e-01
3.527275e+00,2.111134e+00,5.660157e-01
2.134123e+00,1.180558e+00,6.888432e-01
4.278837e+00,1.351962e+00,5.994017e-01
7.177486e-01,3.728344e+00,-1.311155e-01
1.077644e+00,5.152114e+00,-4.518127e-01
1.166129e+00,4.193547e+00,-3.368597e-01
1.224108e+00,4.168020e+00,-3.084527e-01
1.030870e+00,5.417529e+00,-2.974871e-01
1.189069e-01,9.098590e-01,5.710900e-01
4.137774e+00,5.559598e+00,-3.562599e-01
1.582906e+00,2.766146e+00,4.026617e-01
5.118957e+00,5.501785e+00,-4.266243e-01
1.872579e+00,2.888263e+00,3.347742e-01
3.998710e+00,4.692405e+00,-4.834465e-01
1.530633e+00,4.457763e-02,1.794309e-01
5.088812e+00,3.144397e+00,-2.740269e-02
2.277016e+00,8.476804e-01,5.252843e-01
2.290275e+00,4.101695e+00,-2.957003e-01
5.788467e+00,4.048115e+00,-4.467646e-01
1.347465e+00,5.953721e+00,1.025392e-02
5.643180e+00,5.684979e+00,-2.345867e-01
4.830568e+00,4.661407e+00,-5.409367e-01
5.024743e+00,4.640907e+00,-6.671742e-01
3.309581e+00,4.103555e+00,-5.046709e-01
2.425589e+00,1.194289e+00,6.824065e-01
2.085227e+00,2.077011e+00,7.194461e-01
3.537924e+00,2.450881e+00,4.388962e-01
1.492785e+00,1.150764e+00,7.502484e-01
1.010272e+00,4.515088e+00,-3.788155e-01
2.796252e+00,2.536105e+00,4.076006e-01
2.855824e+00,5.606655e+00,-2.688911e-01
2.554209e+00,5.475390e+00,-3.136621e-01
2.733388e+00,4.042257e+00,-2.744413e-01
4.109445e+00,6.985830e-01,4.223103e-01
4.985653e+00,4.875738e+00,-5.434091e-01
3.328499e+00,1.452621e+00,7.097449e-01
2.823632e+00,5.381249e-01,3.981443e-01
5.932110e+00,5.966213e+00,-1.088799e-01
1.085112e-01,5.883676e+00,-1.546809e-01
7.415157e-01,2.385783e+00,5.979346e-01
2.786091e+00,1.928972e+00,6.936765e-01
5.686381e+00,5.224355e+00,-4.474204e-01
5.618578e-01,2.245256e+00,6.533574e-01
5.564774e-02,3.408167e+00,-7.559324e-02
1.370482e+00,5.788765e+00,-9.609324e-02
1.290248e+00,1.278030e+00,7.824660e-01
5.146968e+00,3.889720e+00,-4.185799e-01
4.484606e+00,2.958551e+00,1.571434e-01
4.940588e+00,2.541982e+00,3.607721e-01
3.361130e+00,5.050085e+00,-4.820334e-01
2.093496e+00,4.749191e+00,-4.367710e-01
3.253971e+00,2.470786e+00,5.450749e-01
2.814678e+00,3.884564e+00,-2.282962e-01
4.812060e+00,2.138937e+00,5.363057e-01
1.679310e+00,4.104472e+00,-3.249067e-01
3.792544e+00,4.135612e+00,-4.822180e-01
5.093050e-01,9.214265e-02,2.184733e-01
1.069166e-01,3.184164e+00,3.308224e-02
5.999025e+00,7.622998e-03,8.866701e-02
1.589231e+00,5.346096e+00,-2.949283e-01
1.135204e+00,4.357379e+00,-3.795846e-01
5.906350e+00,4.700421e+00,-5.135762e-01
1.566128e+00,1.411583e+00,8.524865e-01
3.194292e+00,5.461183e+00,-3.505770e-01
3.543656e+00,1.047256e+00,5.967522e-01
1.828441e+00,4.185505e+00,-3.578530e-01
5.951338e+00,3.806351e-01,2.698307e-01
5.172341e+00,5.090648e+00,-5.374823e-01
5.791534e+00,3.568822e-01,2.555010e-01
1.275976e-02,2.981774e+00,7.915848e-02
4.307744e+00,7.437070e-01,3.833395e-01
4.305588e+00,4.140889e+00,-5.114350e-01
5.167379e+00,3.618685e+00,-2.759076e-01
3.915606e+00,2.061173e-01,3.066269e-01
4.378816e+00,5.210029e+00,-4.641864e-01
2.762282e+00,2.187909e+00,6.474175e-01
4.097048e+00,1.202911e+00,5.985037e-01
5.521085e+00,2.564996e+00,3.650970e-01
2.151642e+00,2.767746e+00,3.923153e-01
3.759705e+00,5.426125e+00,-4.780617e-01
4.828515e+00,2.635031e+00,2.929721e-01
2.211428e+00,1.884575e+00,7.404855e-01
1.768676e+00,2.370879e+00,6.095701e-01
2.057876e+00,4.729041e+00,-3.937122e-01
2.653027e+00,1.965137e+00,7.018473e-01
1.606412e+00,3.941106e+00,-2.287380e-01
2.243814e+00,9.996354e-01,6.988581e-01
5.675188e+00,5.942879e+00,-1.333413e-01
5.924038e+00,4.127464e+00,-3.849534e-01
4.166475e+00,4.157474e+00,-5.429110e-01
2.541352e+00,1.414987e+00,7.100752e-01
1.125451e+00,5.649205e+00,-1.886607e-01
3.368039e+00,4.671907e+00,-4.872313e-01
3.169128e+00,3.331784e+00,-8.279064e-03
5.506002e+00,6.281399e-02,1.178996e-01
3.340093e+00,2.159674e+00,6.501364e-01
3.740345e+00,5.437958e+00,-3.399680e-01
3.680620e+00,4.601246e+00,-6.249634e-01
4.530647e+00,2.435812e+00,3.821690e-01
4.122576e+00,5.824388e+00,-2.575369e-01
3.360269e+00,1.374907e+00,6.736688e-01
3.993287e-02,3.008939e+00,1.997748e-01
5.320379e+00,8.294073e-01,5.728543e-01
2.612110e+00,2.864314e+00,2.147010e-01
4.870031e+00,2.056545e+00,5.880458e-01
4.445884e+00,3.837888e+00,-3.224681e-01
4.979342e+00,2.476144e-01,2.295418e-01
1.319511e+00,3.227555e+00,2.609927e-01
4.733391e+00,8.972992e-01,4.687190e-01
