4.369779e+00,4.259446e+00,1.835334e+00,1.148739e+01
2.234650e+00,3.549419e+00,4.689972e+00,4.554086e-01
4.103805e+00,1.313028e+00,4.547782e+00,4.482092e+00
4.874980e+00,4.934983e+00,4.312523e+00,8.048862e+00
1.890039e+00,3.193729e+00,2.789116e+00,8.785274e+00
2.515598e+00,2.301065e+00,4.641818e+00,8.323683e+00
4.130302e+00,3.671494e+00,1.862171e+00,1.224307e+01
3.090641e+00,1.289879e+00,3.736770e+00,7.186070e+00
3.717550e+00,1.892343e+00,4.431733e+00,6.766373e+00
4.372120e+00,3.603504e+00,3.344608e+00,4.380750e+00
3.094266e+00,2.953926e+00,3.390983e+00,2.730735e+00
1.872114e+00,2.216156e+00,1.785114e+00,4.219825e-01
1.437084e+00,1.725583e+00,1.660528e+00,6.376303e+00
3.581668e+00,1.979776e+00,3.521941e+00,3.875286e+00
1.741672e+00,1.900946e+00,4.314815e+00,7.875827e-01
3.341796e+00,1.582786e+00,2.572854e+00,2.382403e+00
1.764314e+00,3.442541e+00,1.966241e+00,4.765470e+00
2.043511e+00,1.944420e+00,4.409667e+00,2.843987e+00
2.557063e+00,2.277335e+00,4.818017e+00,3.810397e+00
3.614957e+00,2.889614e+00,2.609112e+00,8.583697e+00
1.579892e+00,4.599141e+00,3.202568e+00,1.064523e+01
1.225611e+00,2.168962e+00,2.331695e+00,1.057380e+01
1.286225e+00,2.594698e+00,3.683895e+00,8.430203e+00
4.800482e+00,2.188659e+00,3.012483e+00,7.732573e+00
2.280747e+00,3.811944e+00,3.938396e+00,1.555566e+00
1.786067e+00,1.490218e+00,4.036288e+00,1.174324e+01
1.052366e+00,3.823223e+00,3.567779e+00,4.782488e+00
1.400403e+00,2.491822e+00,3.605941e+00,-1.323987e+00
1.701276e+00,2.211733e+00,1.169094e+00,-1.941871e+00
4.070050e+00,1.529021e+00,2.367770e+00,1.411386e+01
4.085190e+00,1.099064e+00,2.610025e+00,-3.196764e-01
1.335409e+00,4.759654e+00,4.911279e+00,4.923459e+00
2.934792e+00,1.003565e+00,4.996363e+00,6.489294e-01
2.176265e+00,3.853465e+00,1.213919e+00,1.318352e+01
2.859768e+00,2.232897e+00,1.548399e+00,-2.585951e-01
3.736925e+00,2.276947e+00,3.327936e+00,1.354224e+01
1.328251e+00,1.858237e+00,3.495830e+00,1.169811e+01
3.030850e+00,4.543714e+00,4.839875e+00,1.110151e+01
1.891930e+00,4.659366e+00,3.432121e+00,-2.060200e+00
2.324216e+00,3.036610e+00,1.197137e+00,5.021570e+00
2.682295e+00,4.549022e+00,1.124716e+00,1.582965e+01
1.100595e+00,3.267610e+00,3.807055e+00,1.083246e+01
3.421082e+00,3.314349e+00,3.018441e+00,8.641609e+00
4.398159e+00,4.673650e+00,2.894713e+00,9.530372e+00
1.550049e+00,3.901359e+00,1.672103e+00,1.009667e+01
1.525411e+00,2.680416e+00,3.956999e+00,-2.689232e+00
1.115682e+00,1.492209e+00,1.507670e+00,-4.855063e+00
4.228543e+00,1.222770e+00,1.062428e+00,3.789370e+00
4.305441e+00,1.378551e+00,4.828556e+00,5.262054e+00
3.648154e+00,3.741785e+00,3.531273e+00,1.684781e+01
3.141286e+00,3.838482e+00,2.405954e+00,1.175951e+01
1.172479e+00,1.690432e+00,1.468427e+00,6.466932e+00
1.621729e+00,4.800651e+00,3.669375e+00,9.156279e+00
2.520951e+00,3.528921e+00,4.457357e+00,1.083680e+00
1.080452e+00,2.879955e+00,1.001371e+00,2.381892e-01
1.807493e+00,4.245988e+00,3.547703e+00,4.573962e+00
3.877823e+00,1.020890e+00,2.876312e+00,1.009364e+01
3.685608e+00,4.676851e+00,3.569012e+00,6.406927e+00
3.762075e+00,1.484916e+00,2.481989e+00,1.777507e-01
3.989190e+00,3.815657e+00,1.021926e+00,1.143583e+01
1.738460e+00,1.235317e+00,2.049595e+00,5.279906e+00
1.078929e+00,4.122743e+00,2.560400e+00,3.554057e+00
3.312166e+00,4.660095e+00,2.575134e+00,1.259513e+00
2.753749e+00,2.219725e+00,1.215125e+00,-4.654397e+00
4.923641e+00,3.536959e+00,1.156564e+00,1.337817e+00
1.861625e+00,3.055220e+00,4.523505e+00,1.152317e+01
4.042851e+00,3.588252e+00,1.908040e+00,6.879855e+00
4.283299e+00,4.406813e+00,2.361572e+00,3.348934e+00
1.628713e+00,4.257640e+00,3.255656e+00,4.585297e+00
1.101242e+00,4.879302e+00,1.538437e+00,-4.248695e-01
3.755748e+00,4.370745e+00,4.444578e+00,9.691865e+00
3.493640e+00,2.182876e+00,4.858528e+00,6.842153e+00
3.228352e+00,2.628393e+00,3.170395e+00,6.050907e+00
1.484352e+00,3.834993e+00,4.571103e+00,7.501588e+00
1.091974e+00,2.104804e+00,1.570113e+00,3.255416e-01
3.269831e+00,3.905922e+00,2.835275e+00,8.958582e+00
1.959413e+00,2.771516e+00,1.118356e+00,4.154689e+00
2.559884e+00,2.016609e+00,1.781741e+00,1.345210e+01
1.716344e+00,4.411455e+00,4.504452e+00,2.524240e+00
1.842006e+00,1.575218e+00,1.759089e+00,7.922722e-01
3.607683e+00,2.240015e+00,4.652702e+00,6.281322e-01
2.796548e+00,2.872374e+00,3.286158e+00,5.381401e+00
3.378140e+00,4.927543e+00,1.017384e+00,9.144216e+00
1.972532e+00,3.821233e+00,3.919286e+00,7.465578e-01
4.258251e+00,4.880024e+00,4.870693e+00,1.025338e+01
2.582821e+00,3.036268e+00,4.565278e+00,7.898794e+00
2.667421e+00,2.859804e+00,4.051200e+00,-5.757231e+00
2.248434e+00,1.899155e+00,1.184771e+00,6.241298e+00
4.461056e+00,4.667777e+00,3.180895e+00,1.281743e+00
2.531762e+00,4.249088e+00,2.831770e+00,1.580928e+01
2.121697e+00,2.797448e+00,1.475346e+00,8.642761e+00
1.980337e+00,1.709058e+00,2.102194e+00,5.696956e+00
4.835767e+00,3.698844e+00,1.986971e+00,4.230011e+00
1.533575e+00,1.728465e+00,1.953475e+00,-4.669736e+00
1.358816e+00,4.064728e+00,3.309342e+00,-1.080688e+00
4.223011e+00,4.744621e+00,3.434624e+00,1.283314e+00
3.152233e+00,3.159312e+00,3.520703e+00,1.552920e+01
4.002453e+00,2.313089e+00,4.852864e+00,-4.395796e+00
4.967299e+00,3.132399e+00,1.114666e+00,9.520492e+00
1.689460e+00,1.349852e+00,3.439399e+00,-7.660385e-02
4.372408e+00,1.896062e+00,2.871720e+00,-3.610027e+00
3.181549e+00,3.218198e+00,4.432358e+00,1.117738e+01
2.718037e+00,1.642600e+00,3.855746e+00,8.434187e+00
1.491421e+00,4.137410e+00,2.876601e+00,-4.719155e+00
3.924324e+00,3.365547e+00,4.101578e+00,-5.603595e+00
2.580113e+00,1.048778e+00,4.011581e+00,-7.050874e-01
3.104440e+00,4.347272e+00,4.306573e+00,1.036070e+01
2.524805e+00,1.707781e+00,3.894812e+00,7.233105e+00
4.713987e+00,1.157624e+00,4.634978e+00,-5.310010e+00
2.680856e+00,3.201293e+00,2.507953e+00,9.184014e+00
1.765946e+00,2.232057e+00,4.385694e+00,-4.328514e+00
1.946915e+00,3.522273e+00,3.808299e+00,6.528531e+00
1.479048e+00,1.720887e+00,4.281500e+00,5.825616e+00
2.552019e+00,2.271292e+00,3.163210e+00,4.538958e-01
1.505210e+00,2.330920e+00,3.775849e+00,4.549451e+00
3.939690e+00,2.524016e+00,1.073553e+00,-4.966433e+00
1.759434e+00,2.793853e+00,3.577747e+00,3.305456e+00
1.869075e+00,2.332593e+00,4.454195e+00,3.767001e+00
1.636919e+00,2.503644e+00,1.506439e+00,-8.301478e-01
3.328471e+00,2.059049e+00,1.732773e+00,2.807840e+00
4.519926e+00,1.793215e+00,4.634925e+00,-3.128837e+00
2.524479e+00,1.673967e+00,1.176010e+00,2.863014e+00
2.062347e+00,4.491410e+00,1.924702e+00,1.324987e+01
3.458873e+00,4.768356e+00,1.922543e+00,4.570399e-01
2.395589e+00,1.376266e+00,4.265400e+00,3.975122e+00
3.209613e+00,2.756194e+00,1.487526e+00,9.081808e+00
4.879130e+00,4.619729e+00,3.630985e+00,8.841705e+00
4.997912e+00,2.797834e+00,3.816322e+00,1.362826e+01
2.987296e+00,3.622867e+00,1.002340e+00,1.654461e+01
2.891885e+00,1.647093e+00,3.694795e+00,8.155299e+00
3.373272e+00,4.306861e+00,1.359618e+00,1.763911e+00
3.868335e+00,4.295656e+00,2.743568e+00,1.127012e+01
3.025200e+00,2.769947e+00,2.551196e+00,-2.348107e-01
4.653689e+00,1.261329e+00,1.232296e+00,6.800458e+00
2.498834e+00,4.603993e+00,4.022831e+00,1.529858e+00
3.364396e+00,2.102604e+00,2.853536e+00,7.834225e+00
4.033801e+00,3.003893e+00,3.281621e+00,9.039459e+00
1.272976e+00,1.836078e+00,1.646206e+00,7.311118e+00
1.040557e+00,2.197638e+00,3.053528e+00,5.302101e+00
1.449176e+00,4.896225e+00,4.830934e+00,1.973495e+00
1.691350e+00,3.240831e+00,3.358777e+00,1.063847e+00
3.541205e+00,3.424615e+00,3.043599e+00,8.298734e+00
3.487630e+00,4.959397e+00,4.300635e+00,1.111386e+01
2.126001e+00,2.510072e+00,2.858084e+00,5.605042e+00
3.031004e+00,3.471028e+00,1.398426e+00,7.930528e+00
3.973424e+00,2.154123e+00,3.522556e+00,4.357094e+00
2.082609e+00,1.679125e+00,4.016855e+00,3.464567e+00
4.261111e+00,1.239261e+00,1.872727e+00,4.167259e+00
4.768436e+00,1.332419e+00,4.340908e+00,4.042740e+00
1.101236e+00,3.465413e+00,4.921002e+00,3.023366e+00
3.028350e+00,4.664231e+00,3.969218e+00,6.599233e+00
3.505992e+00,2.350231e+00,2.249336e+00,1.751227e+00
2.939335e+00,4.220360e+00,3.752694e+00,8.265138e+00
1.950637e+00,1.537216e+00,2.628624e+00,2.645731e-01
3.345873e+00,4.890182e+00,3.525526e+00,9.866635e+00
2.914824e+00,1.716269e+00,3.085651e+00,1.794838e+00
4.821086e+00,3.104764e+00,3.562686e+00,1.057790e+01
4.110323e+00,3.903743e+00,2.742426e+00,5.323903e+00
3.337372e+00,2.167631e+00,3.327660e+00,4.683284e+00
2.864486e+00,2.086219e+00,4.201910e+00,-1.240301e+00
1.867770e+00,2.910078e+00,3.717701e+00,-8.905254e-01
1.722401e+00,3.271574e+00,3.426637e+00,7.999510e+00
2.670951e+00,1.720829e+00,3.875405e+00,3.421403e+00
4.459957e+00,1.422636e+00,4.909620e+00,3.041638e+00
3.518537e+00,2.328816e+00,3.966454e+00,1.455868e+00
3.224275e+00,1.129072e+00,2.170163e+00,2.025171e+00
3.062864e+00,3.664832e+00,3.648077e+00,1.348096e+01
4.394086e+00,4.950328e+00,2.677720e+00,7.296609e+00
4.561917e+00,2.209175e+00,1.605161e+00,2.872232e+00
2.356686e+00,3.853448e+00,3.544087e+00,-1.888687e+00
3.100001e+00,3.320111e+00,2.572366e+00,8.110083e+00
2.061006e+00,4.609176e+00,4.316185e+00,-2.190861e+00
2.398551e+00,1.598722e+00,2.746801e+00,3.598825e+00
1.656617e+00,4.550212e+00,2.432052e+00,1.191621e+01
2.032961e+00,1.253708e+00,4.650701e+00,3.505047e+00
4.346097e+00,4.302743e+00,3.080681e+00,1.570006e+00
2.760826e+00,2.983425e+00,3.690093e+00,4.465210e+00
1.561706e+00,1.741736e+00,4.071226e+00,9.348276e+00
4.223201e+00,4.411421e+00,2.156061e+00,9.478782e+00
4.334206e+00,2.341536e+00,1.300830e+00,1.905579e+00
3.039179e+00,1.450773e+00,4.424534e+00,-3.976528e+00
3.593455e+00,3.961383e+00,1.809806e+00,4.041747e-02
2.202650e+00,3.498247e+00,3.459824e+00,9.937136e+00
3.335662e+00,2.099069e+00,3.339227e+00,1.116202e+00
1.737770e+00,2.655472e+00,2.566161e+00,3.764289e-01
2.060710e+00,4.241601e+00,2.051251e+00,8.779315e+00
1.656241e+00,3.498221e+00,4.720442e+00,1.269829e+00
1.198824e+00,3.824607e+00,2.771860e+00,-2.203465e+00
3.966564e+00,1.149885e+00,2.412232e+00,1.858652e+01
2.639526e+00,2.159817e+00,3.714173e+00,-5.227485e-01
1.707381e+00,4.011268e+00,4.030195e+00,4.354107e+00
1.598246e+00,1.228684e+00,1.422409e+00,6.277644e+00
1.894253e+00,2.498452e+00,3.934085e+00,4.077905e+00
4.690712e+00,1.386461e+00,2.236117e+00,-1.924349e+00
1.044163e+00,4.881784e+00,1.202492e+00,3.634434e+00
4.911864e+00,4.172466e+00,3.959437e+00,4.767606e+00
2.923857e+00,3.462330e+00,1.464892e+00,8.002716e+00
4.520202e+00,3.237539e+00,3.752594e+00,6.508890e+00
4.832026e+00,4.482523e+00,4.630040e+00,4.674792e+00
2.375138e+00,3.408346e+00,2.612356e+00,1.120430e+01
