3.285514e+00,4.945925e+00,5.301447e+00,2.635184e+00
4.142559e+00,9.633602e-01,4.296708e+00,-2.199464e+00
4.509832e+00,1.980544e+00,4.966907e+00,1.842306e+00
1.524659e+00,1.356836e+00,4.947566e+00,3.905300e+00
3.903123e-01,4.061359e-01,4.858820e+00,5.682515e+00
1.157319e+00,5.639275e-01,1.685025e+00,1.106832e+00
8.401661e-01,3.684175e-01,2.714340e+00,-1.414396e+00
7.010353e-01,2.955188e+00,4.856273e+00,2.959305e+00
3.567468e+00,1.807782e-01,2.876487e+00,3.014808e+00
5.014731e+00,4.836593e+00,5.738112e-03,1.467701e+00
8.810616e-01,5.032677e+00,4.855016e-01,5.131193e-01
5.394146e+00,3.829374e+00,2.938408e-02,2.354483e+00
3.847080e+00,3.624643e+00,1.135995e-01,6.143991e-01
2.765222e+00,4.241520e+00,2.902122e+00,7.055790e+00
1.861486e+00,4.917720e-01,5.148732e+00,2.918664e+00
3.952779e+00,2.431406e+00,3.533563e+00,-6.760607e-01
2.058038e+00,4.589965e+00,4.398440e+00,2.038244e+00
3.144971e+00,2.618595e+00,3.796132e+00,4.477126e+00
4.575186e+00,1.636680e+00,2.626084e+00,3.627064e+00
2.828950e+00,4.385788e+00,4.636296e+00,1.097859e+00
7.779750e-01,1.687141e+00,4.130723e+00,2.041889e+00
5.051649e+00,3.900884e+00,1.828615e+00,2.589657e+00
3.740121e+00,4.457714e+00,1.245552e+00,2.608158e-01
3.595278e+00,7.144749e-01,5.010667e+00,-1.886812e+00
4.029102e+00,4.738492e+00,2.117568e-01,3.905185e+00
1.401736e+00,1.990776e+00,9.443820e-01,1.276636e+00
4.430575e+00,2.735556e+00,4.526539e+00,9.398899e-01
4.806163e+00,1.160780e+00,4.967180e+00,-7.581272e-01
5.181226e+00,4.193787e+00,2.228819e+00,1.402697e+00
3.717948e+00,1.617308e-01,2.972076e+00,4.289895e+00
4.205069e+00,1.731826e+00,5.121682e+00,3.001452e-01
1.158492e+00,3.369835e+00,1.779235e+00,3.374657e-01
5.643466e+00,5.311432e+00,1.195045e+00,2.938363e+00
3.028932e+00,5.984241e+00,6.130425e-01,3.199132e+00
6.691232e-01,5.124791e+00,1.278340e-01,4.189031e+00
4.034317e+00,6.499798e-01,5.841754e+00,3.187695e+00
2.109341e+00,2.015901e+00,5.677684e-01,5.457538e+00
3.646752e+00,4.651062e+00,2.406383e+00,7.232624e+00
6.276213e-01,5.443743e+00,4.437656e+00,4.270486e+00
5.992058e+00,4.536702e+00,2.007896e+00,-3.970433e-01
7.697299e-01,5.868125e+00,8.008199e-01,-1.102928e+00
5.521718e+00,3.021501e+00,3.721405e+00,4.006391e+00
2.240144e+00,1.096071e+00,5.287785e+00,1.676992e+00
2.877024e+00,1.564770e+00,4.699970e+00,1.125739e+00
9.412902e-01,3.052644e+00,4.054186e+00,1.908037e+00
2.621273e+00,3.299590e+00,3.193714e+00,7.846309e-01
1.938220e+00,3.004857e+00,4.407373e+00,5.887534e-01
3.456456e+00,1.116954e+00,1.399407e+00,-1.954631e+00
1.461238e+00,3.526937e+00,1.910501e+00,-7.413961e-01
4.437958e+00,1.937941e+00,4.105457e-01,5.137065e+00
3.862840e+00,1.732830e+00,1.262123e+00,2.226695e+00
2.252348e+00,4.265044e+00,5.588563e+00,-5.376932e-01
2.743347e+00,4.401248e+00,5.886901e+00,-1.478361e-01
6.788213e-01,3.803785e+00,1.249170e+00,2.833854e+00
4.189581e+00,2.006429e+00,5.940696e+00,3.210452e+00
6.395663e-01,2.357060e+00,5.975611e+00,9.107179e-01
4.921200e+00,2.814968e+00,3.269471e-01,-3.536018e-02
3.459458e+00,1.542227e-01,1.768686e+00,-2.054667e+00
4.375082e+00,4.271640e+00,1.425679e+00,3.648918e+00
1.339237e+00,2.357474e+00,4.519073e+00,6.359708e-01
3.018265e+00,5.866971e+00,4.920623e+00,4.268057e+00
4.131148e+00,5.169177e+00,4.659601e+00,-4.282705e-02
2.067745e+00,2.366990e+00,5.287721e+00,2.641267e-01
5.353002e+00,1.296588e+00,5.161910e+00,-2.542226e+00
8.786868e-01,2.218583e+00,5.681962e+00,2.623257e+00
1.399932e+00,3.090263e+00,2.840108e+00,2.350650e+00
3.099133e+00,2.610463e+00,5.546893e+00,4.392367e+00
5.417014e+00,5.819124e-01,3.366335e+00,-2.132380e+00
3.125326e-01,4.842157e+00,5.208768e+00,1.353492e+00
8.082979e-01,2.709129e-01,5.731126e+00,-1.173429e+00
4.218647e+00,1.080119e+00,1.201245e+00,-5.528407e+00
4.977778e+00,3.091055e+00,4.567208e-01,4.485167e+00
4.617449e+00,9.200120e-02,4.791810e+00,1.294642e+00
4.731517e+00,4.984198e+00,1.126769e-01,1.372331e+00
9.444203e-01,2.122017e+00,4.505064e-04,2.176756e+00
8.132528e-01,4.664772e+00,2.122715e-01,2.997693e+00
4.900915e+00,2.192775e+00,3.536548e+00,1.365212e+00
5.668529e+00,5.131195e+00,2.745406e+00,2.143136e+00
4.370724e+00,2.554820e+00,7.176173e-01,9.376288e-01
1.608761e+00,9.878271e-01,4.572998e+00,-3.088696e+00
4.867231e+00,3.263340e+00,1.037149e+00,1.607272e+00
4.556403e+00,3.511284e+00,4.358086e+00,1.275317e+00
1.243649e+00,4.143294e+00,5.089396e+00,-1.366270e+00
5.328059e+00,5.191758e+00,5.578821e+00,2.793796e+00
3.484868e-01,9.414632e-01,5.130706e+00,5.181711e+00
4.466329e+00,4.104216e+00,3.768154e+00,2.427040e+00
4.787021e+00,4.458636e+00,4.628707e+00,3.685920e+00
1.898777e+00,1.348838e+00,5.586271e-01,1.308942e+00
2.887760e+00,5.219735e-01,1.302749e+00,4.459989e+00
1.200727e+00,2.892083e+00,3.781966e+00,2.795887e+00
1.189608e+00,4.986575e+00,5.726027e+00,2.624404e-01
7.642598e-01,2.305329e+00,8.149788e-01,3.005588e+00
5.396756e+00,7.534690e-01,2.409677e+00,4.444506e+00
3.052727e+00,1.329538e+00,5.498168e+00,-3.612583e-01
5.732811e+00,2.152361e+00,1.934110e-01,3.289980e+00
4.802483e-01,3.188140e+00,2.093693e+00,-6.752995e-02
4.200792e+00,7.993020e-01,5.568750e+00,-5.390470e-02
2.979493e+00,2.536999e+00,8.125318e-01,1.766999e-01
3.086455e+00,2.126554e+00,9.525110e-01,2.260308e+00
2.490303e+00,5.882737e+00,2.510183e+00,-1.061348e+00
3.598977e+00,1.559318e+00,4.956420e+00,6.476931e+00
3.102574e+00,2.708275e+00,2.153439e+00,2.810361e+00
2.319681e+00,7.300868e-01,4.699873e+00,2.957950e+00
5.806392e+00,3.423214e-01,2.282890e+00,-1.484046e+00
3.426075e+00,5.798347e+00,3.536795e+00,1.603569e+00
2.287285e+00,4.134318e+00,2.064152e+00,4.385151e+00
5.330400e+00,5.394789e+00,2.783314e+00,3.009666e+00
2.899397e+00,1.328227e+00,5.532425e-01,3.724066e+00
1.605462e+00,1.664958e+00,2.317059e+00,4.216474e+00
3.121432e+00,5.388758e+00,1.493770e-01,4.419300e+00
2.521922e+00,4.164323e-01,1.689492e+00,3.377381e+00
3.537294e+00,2.912092e+00,3.062325e+00,2.967042e+00
5.222732e+00,5.513375e+00,5.960665e+00,5.096957e+00
8.418453e-01,2.156660e+00,5.888849e+00,1.455043e+00
2.106059e+00,3.814973e+00,5.883964e+00,1.948727e+00
3.480056e+00,5.224069e+00,1.843262e+00,3.091815e+00
4.461733e-01,3.317682e-01,5.368735e+00,4.337153e+00
5.564867e+00,2.846713e+00,4.711346e+00,3.676977e+00
4.510098e+00,1.148134e+00,4.923923e-01,-4.076000e+00
3.785862e+00,2.786299e-01,4.674498e+00,3.490468e+00
8.960937e-02,3.689109e+00,2.369863e+00,6.654212e-01
1.247095e+00,4.331361e+00,7.122783e-02,-1.192662e+00
4.346246e-01,5.320998e+00,5.961327e+00,1.149124e+00
4.680632e+00,4.876077e+00,1.153801e+00,4.989195e+00
1.122183e+00,1.371528e-01,3.963788e+00,3.409874e+00
3.680363e+00,3.640699e+00,2.302642e+00,-2.454244e-01
2.205110e+00,5.345356e+00,2.136359e+00,1.191670e+00
1.606244e+00,4.934316e+00,2.580603e+00,5.630376e+00
2.342294e+00,5.013709e+00,1.484505e+00,3.508055e+00
4.830300e-01,3.933620e-01,3.149661e+00,2.164702e+00
2.761812e-01,2.364222e+00,1.512234e+00,4.280324e+00
4.677714e+00,2.439811e+00,2.083383e+00,2.976848e+00
4.988919e+00,6.943200e-02,6.798963e-01,-3.006643e+00
1.094574e+00,5.755463e+00,1.348769e+00,1.519693e+00
2.896292e+00,1.953363e+00,5.805290e+00,1.990090e+00
2.672057e+00,2.625619e+00,5.871653e+00,2.951850e+00
5.946185e+00,2.298481e+00,5.673607e+00,5.518305e+00
2.254496e+00,2.242994e+00,7.660908e-01,1.832304e+00
3.868498e+00,4.891880e-02,4.562009e+00,4.227120e+00
4.459644e+00,4.335971e+00,5.850187e+00,1.213618e+00
5.511236e+00,3.934217e+00,5.022184e+00,9.999242e-01
2.131812e+00,2.068974e+00,2.697027e-01,-1.330302e+00
1.777906e-01,6.198663e-01,5.145311e+00,3.565917e-01
5.474003e+00,4.628322e+00,3.234571e-01,4.062479e+00
2.269728e+00,2.446759e+00,3.010007e+00,5.185368e+00
6.279946e-01,5.376088e+00,3.355085e+00,3.965665e+00
3.773060e+00,2.293674e+00,5.469820e+00,-4.185605e-01
5.001862e+00,1.206912e+00,8.176950e-01,2.955859e+00
7.914257e-01,5.842613e+00,7.550173e-01,3.239938e+00
4.130859e-01,5.353890e-01,5.792833e+00,1.295085e+00
7.523851e-01,2.431204e+00,5.190272e+00,3.643837e+00
1.686303e+00,4.951467e-01,3.801219e+00,3.168273e+00
3.778004e+00,8.446863e-01,7.973059e-01,8.087418e-01
1.997105e+00,3.725241e+00,4.527209e+00,3.290222e+00
1.766220e+00,3.457055e+00,4.541328e+00,-2.269790e+00
1.582245e+00,5.454098e+00,5.644426e+00,3.192249e+00
1.922339e+00,5.792976e+00,1.484209e+00,3.283267e+00
1.071154e+00,2.364198e+00,5.230492e-01,3.323012e+00
1.276361e+00,5.954817e+00,5.989509e+00,3.984369e+00
4.889855e+00,2.181642e+00,7.230241e-01,5.683064e+00
5.485037e+00,1.965178e-01,2.180659e+00,1.147897e+00
1.410355e+00,8.668850e-01,2.317562e+00,1.838132e+00
5.200539e+00,2.405064e+00,1.722027e+00,1.300309e+00
5.494818e+00,4.440468e+00,6.953810e-01,2.162710e+00
5.246616e+00,4.000002e+00,3.878099e+00,5.169798e+00
4.612881e-01,2.006411e+00,5.041798e+00,-1.258458e+00
1.509217e+00,5.334603e+00,3.520833e+00,2.346652e+00
3.971286e-02,5.838920e+00,3.434585e-01,3.644555e-01
2.158340e+00,8.543072e-01,7.571627e-02,5.697696e-01
1.259724e+00,4.623262e+00,1.837465e-01,3.824823e+00
3.076765e+00,3.686130e+00,2.731444e-01,8.192935e+00
1.392871e+00,5.517018e+00,3.677968e+00,5.061061e+00
4.945365e+00,5.867862e+00,7.247799e-01,3.082367e+00
5.154876e+00,5.543538e+00,2.252838e+00,8.557692e-01
2.873262e+00,4.344783e+00,5.798267e+00,4.934741e+00
1.728431e+00,3.767920e+00,2.571411e-01,1.791939e+00
1.033119e+00,4.650752e+00,7.091538e-01,3.655367e+00
8.709362e-01,5.901587e+00,1.125749e+00,4.957470e+00
1.313765e+00,3.949747e+00,1.114365e+00,4.802481e+00
2.892331e+00,5.424602e+00,6.873424e-02,3.145213e+00
8.717989e-01,2.280371e+00,3.711586e-01,1.803962e-01
1.838471e+00,4.138262e+00,1.734745e+00,1.920123e+00
2.178605e+00,2.760726e+00,2.657604e+00,1.571574e+00
5.539138e+00,1.230522e+00,5.941040e+00,2.312168e+00
1.562580e+00,4.355009e+00,5.276570e+00,3.543928e+00
1.590840e+00,4.085583e+00,4.003462e+00,3.603294e+00
4.986261e+00,5.417779e+00,3.322930e+00,4.842261e+00
1.160687e+00,8.905757e-01,4.695844e+00,3.082227e+00
6.746871e-01,2.023729e+00,1.506090e+00,2.000313e+00
2.672048e-02,4.561076e+00,8.673790e-01,5.004885e+00
1.456741e+00,4.286404e+00,2.169683e+00,1.947584e+00
6.361736e-01,5.970961e-01,3.177448e+00,3.909850e+00
5.531607e+00,5.048336e+00,1.929202e+00,4.141307e+00
4.826787e+00,4.220355e+00,5.280991e+00,4.886733e+00
3.015276e-01,5.022216e+00,1.462830e+00,8.082658e+00
4.638761e+00,5.438378e+00,8.913312e-02,3.952399e+00
1.661784e+00,3.903351e+00,4.580663e+00,1.266903e+00
4.302505e+00,7.211680e-01,5.635000e+00,5.217418e+00
8.596242e-01,3.301570e+00,3.920609e-01,1.769512e+00
1.772272e+00,6.170755e-01,2.396699e+00,2.144837e+00
