7.159683e-01,4.976474e+00,1.720197e-01,2.231008e+01
1.260924e+00,2.502686e+00,4.605855e+00,7.355919e+01
2.642378e+00,2.782313e+00,3.048634e+00,4.914630e+01
3.852486e+00,3.934736e+00,3.139474e+00,3.158534e+01
2.642842e+00,3.343849e+00,4.604902e+00,1.297914e+02
3.516858e+00,2.485161e+00,4.894053e-01,-2.646867e+01
2.353872e+00,4.762043e+00,4.403853e+00,7.342970e+01
3.558118e+00,2.112340e+00,2.546319e+00,8.963290e+00
9.936449e-01,3.996148e+00,6.424402e-01,7.686467e+01
4.047662e+00,2.109251e+00,3.823985e+00,1.046556e+01
3.632009e+00,6.716341e-01,5.748783e-01,8.859771e+01
3.689933e+00,4.287446e+00,4.846919e+00,4.846848e+01
1.175411e+00,2.516917e+00,1.799744e+00,2.275551e+01
3.788377e+00,4.947872e+00,6.410420e-01,4.123099e+01
4.858178e+00,4.167336e-01,4.829084e+00,7.863238e+01
4.876152e-01,3.710089e+00,2.687895e+00,2.306965e+01
4.028428e+00,2.325676e+00,4.176414e+00,7.163479e+01
3.402592e+00,5.171716e-01,9.469397e-01,5.532103e+01
4.523515e+00,2.585372e+00,2.258994e+00,1.585260e+01
5.855541e-02,2.488897e-01,9.795644e-01,1.772080e+01
3.952888e+00,4.884952e-01,4.584549e-01,-7.360686e+00
4.666542e-01,3.600377e+00,3.615798e+00,1.103810e+02
1.888863e+00,3.040734e+00,3.812528e+00,9.212856e+00
3.147971e+00,9.949569e-01,2.057155e+00,-7.699753e+00
4.039406e+00,1.561181e+00,2.648831e+00,1.992671e+01
1.138113e-02,1.462545e+00,5.662038e-01,2.392658e+01
2.214560e+00,4.060875e+00,1.467734e+00,6.836365e+01
3.134686e+00,9.432173e-01,1.730010e+00,2.545004e+01
2.602198e+00,3.013745e+00,1.981376e+00,4.731509e+01
2.094067e+00,1.724093e+00,4.530822e+00,3.417267e+01
3.191637e+00,3.123904e+00,7.887693e-01,1.020205e+01
2.573182e+00,3.762901e+00,6.920760e-01,1.521201e+01
2.016535e+00,4.106935e+00,3.941767e+00,5.407501e+01
3.342531e+00,2.631950e+00,4.874490e+00,9.044707e+00
4.663115e-01,1.165846e+00,2.898855e+00,1.922236e+01
4.257941e+00,2.750928e+00,1.268367e+00,-1.325308e+00
2.704745e-01,2.362171e+00,3.430410e+00,8.937577e+01
2.347181e+00,4.889097e+00,1.073116e-01,7.367138e+01
7.951665e-01,3.488181e+00,9.880171e-01,5.381651e+01
2.261770e+00,1.702567e+00,8.336149e-01,-6.370051e+01
3.368204e+00,1.323680e+00,3.742294e+00,4.435813e+01
2.436758e+00,2.158262e-01,7.291793e-01,-1.915749e+01
2.273931e+00,1.167198e+00,3.118867e+00,-2.320483e+00
1.554859e+00,2.343883e+00,2.012785e+00,7.667930e+01
4.141589e+00,3.495833e+00,3.546724e+00,7.329869e+01
1.400208e-01,4.680762e+00,3.878032e-01,2.783381e+01
7.915646e-01,2.425904e+00,1.157600e+00,5.149059e+01
3.009615e+00,1.735279e+00,5.809221e-01,4.316680e+01
4.110735e+00,3.505378e+00,2.913098e+00,5.472031e+01
4.609138e+00,3.766691e+00,2.341170e+00,7.059280e+01
3.126548e+00,6.624454e-01,1.937712e+00,1.411080e+01
2.916913e+00,2.606967e+00,3.578294e+00,5.513613e+01
8.517037e-01,2.540411e+00,1.803259e+00,1.435279e+01
3.464179e+00,6.384415e-01,3.786285e-01,-4.992531e+00
8.828911e-01,2.653474e+00,8.165514e-01,1.874596e+01
2.669390e+00,1.951266e+00,6.853523e-01,1.235294e+01
1.049558e+00,1.031407e+00,3.498468e+00,2.189711e+01
1.132501e+00,1.336597e-01,3.388541e+00,-6.495943e+00
3.596234e+00,2.084391e+00,8.351870e-01,1.647726e+01
1.098118e+00,9.024134e-01,2.137621e+00,2.723253e+01
9.903692e-01,5.336182e-01,2.078157e+00,3.608300e+01
2.466459e+00,2.254032e+00,1.624800e+00,1.065476e+02
2.107595e+00,2.784234e+00,4.702575e+00,5.783515e+01
1.300135e+00,1.958902e+00,2.225476e+00,5.567185e+01
1.196013e+00,4.133815e+00,4.940663e+00,4.670651e+01
1.855450e-01,3.359429e+00,1.589629e+00,2.008228e+01
4.518403e+00,4.935926e+00,1.915886e+00,2.984184e+01
3.172478e+00,3.582523e+00,3.908843e-01,3.190953e+00
2.567707e+00,3.424296e+00,1.003752e+00,8.544607e+01
1.460789e+00,3.998169e+00,2.584083e+00,2.749885e+01
3.151607e+00,2.274694e+00,2.351301e+00,5.042924e+01
1.571259e+00,3.598381e+00,3.297597e+00,-3.775136e+01
1.732326e+00,4.193873e+00,2.956034e+00,2.838921e+01
3.179893e+00,2.012798e-01,4.774189e+00,4.935415e+01
2.034839e+00,5.528983e-01,1.566114e+00,2.362831e+01
4.342375e+00,1.748994e+00,2.338783e+00,5.125822e+01
4.829227e+00,4.741463e+00,2.949424e+00,3.286177e+01
1.949376e+00,3.791226e+00,3.990729e+00,3.359290e+01
2.023569e+00,2.444253e+00,3.289286e+00,8.908543e+01
4.736177e+00,4.450316e+00,4.783592e+00,4.501934e+01
2.260513e+00,2.933609e+00,2.675256e+00,1.112155e+01
1.940618e-01,1.279330e+00,1.539810e+00,2.619699e+01
2.585293e+00,1.262082e+00,2.641577e+00,3.804773e+01
3.393148e+00,4.735347e+00,1.697258e-01,7.386368e+01
3.186418e+00,1.404879e+00,1.516220e+00,2.026389e+01
3.462806e+00,3.960229e+00,8.986450e-02,1.233254e+00
1.450994e+00,3.311766e+00,4.305041e+00,3.924440e+01
3.455934e+00,4.582334e+00,4.932157e+00,2.448103e+01
4.850228e+00,2.729083e+00,4.373974e+00,6.113714e+01
4.577834e+00,2.080094e+00,2.462643e+00,1.319462e+01
4.506941e+00,2.599422e+00,4.643879e+00,4.547343e+01
4.396873e+00,3.029533e+00,2.722121e+00,1.988985e+01
5.631978e-01,1.423707e+00,1.162829e+00,1.286413e+00
1.603000e+00,3.968821e+00,4.771812e+00,-1.314365e-01
1.263431e+00,4.794041e+00,3.796946e+00,1.209506e+01
3.838185e+00,2.510001e+00,2.843774e+00,-3.020819e+01
4.934457e+00,4.913375e-01,8.823484e-01,5.960927e+01
2.390846e+00,2.541353e+00,4.860040e+00,1.306115e+02
4.168683e+00,3.924432e+00,3.215567e+00,8.999684e+01
2.331314e+00,2.976559e+00,4.205219e+00,6.911981e+01
8.267739e-01,3.938456e+00,3.599859e+00,4.216445e+01
2.769813e+00,4.765973e+00,8.828008e-01,6.823216e+01
1.869808e+00,1.291043e+00,1.230173e+00,-2.057504e+01
2.295972e+00,3.951233e+00,4.265501e+00,5.748730e+01
2.270819e+00,6.707766e-01,2.653327e+00,6.006424e+01
2.016575e+00,4.160487e+00,4.748127e+00,6.148573e+01
1.577908e+00,4.866108e+00,1.583129e+00,4.060249e+01
4.634150e+00,2.082440e+00,2.704366e+00,2.005179e+01
3.445247e-01,3.983324e+00,3.161326e+00,4.126286e+01
2.392417e+00,8.284862e-01,2.895429e-01,-1.116243e+01
2.938867e+00,3.588446e+00,4.122630e-01,1.265824e+01
3.762192e+00,7.165395e-01,4.048754e+00,-4.500995e+01
3.763529e+00,2.113809e+00,8.625554e-02,1.002143e+02
2.940730e+00,1.154236e+00,4.307090e+00,8.311549e+00
3.249820e+00,2.461220e-01,3.592561e+00,2.021291e+01
3.605531e+00,4.198238e+00,1.769392e-01,8.176574e+01
2.057741e+00,3.373888e+00,2.730411e+00,2.633246e+01
4.144119e+00,2.042606e+00,1.652185e+00,-1.719201e+01
4.377627e+00,3.029688e+00,3.879115e+00,-1.699475e+01
2.283190e+00,1.177598e+00,3.364182e+00,2.230257e+01
2.208022e+00,2.641247e+00,4.668259e+00,1.041907e+02
1.209941e+00,2.845406e+00,3.574267e+00,2.153239e+01
7.248540e-01,3.586908e+00,3.217550e+00,3.347063e+01
4.166481e+00,9.887465e-01,4.177357e+00,4.503857e+00
1.501418e+00,4.159626e+00,3.922844e+00,-9.335483e-01
2.679788e+00,2.616859e+00,2.240177e+00,8.296978e+01
9.066304e-01,1.470889e+00,4.373149e+00,4.397058e+01
2.586910e+00,3.461104e-02,1.557319e+00,7.817329e+01
3.446124e+00,8.704463e-01,4.171762e-01,6.180943e+00
4.861376e-01,3.246347e+00,3.308962e+00,5.879176e+01
4.566990e+00,2.115496e+00,4.478013e-01,3.176616e+01
4.549954e+00,3.042037e+00,2.083379e+00,6.288461e+01
1.246945e+00,2.156017e+00,3.424973e+00,3.784552e+01
2.224035e+00,3.352630e+00,2.868142e+00,3.339909e+01
4.443114e+00,2.623671e+00,4.352372e+00,1.699382e+01
4.255153e+00,2.700327e+00,4.202162e+00,4.417337e+01
4.889837e+00,1.692349e+00,4.020800e+00,3.188506e+00
2.252314e+00,3.392974e+00,3.800345e+00,-1.692181e+01
1.500648e-01,4.346763e+00,3.335243e+00,5.336086e+01
1.777575e+00,1.143537e+00,1.308137e+00,6.885669e+00
6.715950e-01,6.059566e-01,9.690658e-01,-2.248041e+01
4.557113e+00,3.423866e+00,2.228167e+00,2.807891e+00
4.957739e+00,2.786478e+00,2.162727e+00,-6.326061e+00
2.906223e-01,3.680079e+00,6.339484e-02,-4.032036e+01
1.461766e-01,2.158650e+00,3.876456e-01,3.930305e+00
3.331452e+00,1.461955e+00,4.037085e+00,8.139459e+01
3.704800e+00,3.473273e+00,4.528703e+00,8.224090e+00
1.773278e+00,1.281379e+00,1.295401e-01,3.235763e+01
7.258168e-01,3.797573e+00,1.924217e+00,-9.473499e+00
2.708503e+00,1.642173e+00,1.371595e+00,3.606160e+01
3.982534e+00,4.712348e+00,2.306282e+00,7.970571e+01
2.229734e+00,6.856053e-02,4.378788e+00,-5.157706e-01
1.497553e+00,6.743502e-01,1.475371e+00,2.392326e+01
4.875052e+00,4.497570e+00,3.789043e+00,5.243581e+01
2.806249e+00,2.505308e+00,1.157703e-01,-1.483096e+01
1.849256e+00,4.397889e+00,2.658484e+00,6.235207e+01
2.009984e+00,2.039786e+00,6.362373e-01,-7.506161e+00
7.449903e-01,2.407681e+00,3.222583e+00,2.248100e+01
4.887633e+00,4.655558e+00,1.231929e+00,7.887549e+01
9.705412e-01,4.283549e+00,2.287583e-01,2.954576e+01
5.574343e-01,2.907248e-01,1.650500e+00,1.172837e+01
1.048486e-01,3.922255e+00,3.286191e-01,3.115703e+00
2.301408e+00,2.993391e+00,3.426853e+00,5.139117e+01
6.651862e-01,2.831131e+00,3.788376e+00,1.836479e+01
4.231287e-01,4.312253e+00,4.721889e+00,1.277058e+01
2.729249e+00,3.019930e+00,7.692124e-01,5.064893e+01
4.072435e+00,3.914716e+00,1.312860e+00,7.315841e+01
2.002425e-01,1.969228e+00,2.133756e-02,6.573848e+01
2.340973e+00,4.438499e+00,1.452086e+00,2.107030e+01
1.624076e+00,4.400808e+00,4.034188e-01,5.011442e+01
4.282420e+00,2.325676e+00,1.673846e+00,1.722029e+01
2.237636e+00,3.159712e+00,7.458620e-02,6.133861e+01
3.941354e+00,3.424211e+00,4.313227e+00,5.545284e+01
1.280538e+00,1.756396e+00,3.797327e+00,3.632582e+01
2.744280e+00,1.748052e+00,2.392948e+00,-1.601856e+01
1.106454e+00,2.395287e+00,1.104833e+00,3.728408e+01
1.841931e+00,3.516482e-01,2.290384e+00,1.185041e+01
3.972727e+00,5.819202e-01,3.157344e+00,2.847675e+01
2.001695e+00,3.892104e+00,2.278752e+00,7.165810e+01
3.496651e+00,5.347755e-01,3.564285e+00,3.151447e+01
3.311529e+00,2.870243e+00,4.282417e+00,1.894665e+01
3.944638e+00,4.391644e+00,5.966024e-02,6.913747e+01
1.131653e+00,3.862512e+00,3.351336e-01,-3.393583e+01
4.259584e+00,4.437931e+00,4.562199e+00,8.509691e+01
1.455724e+00,1.988654e+00,3.176663e+00,3.044847e+00
1.134053e+00,2.843478e+00,4.399832e+00,5.206188e+01
2.187539e-01,3.555104e+00,1.798123e+00,4.627439e+01
5.213429e-01,2.758325e+00,1.657159e+00,2.659781e+01
4.345478e+00,3.992396e+00,8.883646e-01,6.013220e+01
2.678780e+00,6.076230e-01,1.469066e+00,5.310209e+01
4.114324e+00,7.042595e-01,1.569597e+00,-1.493287e+01
4.905675e-01,3.809280e+00,1.322754e+00,4.176892e+01
5.500186e-01,8.855995e-02,4.439885e+00,6.798821e+00
1.508371e+00,3.954160e+00,3.376083e+00,3.918776e+01
4.526298e+00,1.341622e+00,3.062375e+00,-2.656850e+01
2.102047e+00,3.326635e+00,2.561116e-01,8.745927e+01
3.679206e+00,3.567396e+00,1.037061e+00,-4.509380e+01
2.768849e+00,3.581372e+00,3.418782e+00,3.492666e+01
2.846232e+00,7.475318e-01,3.253955e+00,6.508516e+01
3.533478e+00,2.575879e+00,1.388497e+00,3.018449e+00
