3.856081e+00,4.250426e+00,5.399432e+00,2.124586e+00
1.341068e+00,1.390822e+00,3.325147e+00,-2.802865e-01
1.357232e+00,4.632197e+00,2.467645e-01,6.653564e-01
1.285293e+00,4.864496e-01,1.028462e-01,-1.441748e+00
9.329992e-01,3.537934e+00,3.828730e+00,1.624598e+00
4.616453e+00,4.587613e+00,5.767305e+00,2.462008e+00
5.674791e+00,3.595362e+00,1.929467e+00,2.900766e-02
5.342932e+00,2.307252e+00,3.141960e+00,9.720711e-01
4.987385e+00,2.657441e+00,2.496785e+00,1.379973e+00
5.246123e+00,1.389209e+00,1.510314e-01,-7.699884e-01
4.551540e+00,5.700458e-01,2.365171e+00,2.630006e-02
3.931955e-01,1.727075e+00,4.881215e-01,-3.892708e-01
1.551192e+00,5.047939e+00,1.471667e+00,4.320330e-01
4.060961e+00,1.141164e+00,5.907337e+00,3.341683e-01
4.886775e+00,3.835266e+00,2.543107e+00,1.872619e+00
4.908925e+00,3.841769e+00,6.227572e-01,1.149963e+00
3.644500e+00,2.965130e+00,1.942467e+00,6.742763e-01
2.127078e+00,3.315097e+00,3.285415e+00,1.439127e+00
3.087297e+00,2.230790e+00,3.572423e+00,1.149728e+00
5.532203e+00,5.875301e+00,9.961660e-01,-5.559088e-01
5.766529e+00,3.932378e+00,5.619971e-01,1.868148e+00
6.720152e-01,2.299476e+00,1.433600e+00,-1.217083e+00
3.412949e+00,3.465025e+00,6.041499e-01,1.463511e+00
5.100658e+00,1.515136e+00,2.827092e+00,4.508465e-01
1.776753e+00,1.599586e+00,1.945539e-02,-4.221896e-01
4.044798e+00,4.033074e+00,4.866186e+00,1.797723e+00
4.152656e+00,3.315065e+00,4.600473e+00,2.144844e+00
4.973179e+00,8.953986e-01,5.747402e+00,4.170214e-01
2.375658e+00,1.122869e+00,1.484371e+00,-1.108146e+00
4.858887e+00,2.749518e+00,5.063055e+00,2.207109e+00
4.173289e+00,2.574624e-01,2.851785e+00,3.843799e-01
3.939393e+00,5.998105e-01,2.657938e+00,-3.432057e-01
4.629862e+00,3.712510e+00,4.983095e-01,1.737125e+00
5.519632e+00,5.013642e+00,5.332373e+00,4.233397e-01
5.748452e+00,1.596126e+00,4.564914e+00,-2.474289e-01
4.121977e-01,2.683419e+00,7.649355e-01,-2.296166e-01
5.103278e+00,2.862418e+00,4.828687e+00,2.301194e+00
1.162612e+00,2.621309e+00,3.489392e+00,-3.667082e-01
2.652682e+00,4.258019e+00,5.996626e+00,1.733161e+00
7.477509e-01,6.923798e-01,4.034277e+00,3.044702e-01
5.178661e+00,4.869087e+00,1.674679e+00,1.063920e+00
3.770221e+00,8.694083e-01,5.548873e+00,-5.828050e-02
2.775107e+00,9.076182e-02,2.299312e+00,-3.848766e-01
1.899673e+00,2.979802e+00,5.503382e+00,-1.035447e+00
3.936205e+00,5.329780e-01,2.494737e+00,-4.193003e-01
5.335547e+00,3.899653e+00,2.867383e+00,8.886033e-01
4.127364e-01,3.242026e+00,1.451881e+00,3.440401e-01
3.088537e+00,3.025288e+00,5.287104e+00,9.192747e-01
9.584713e-01,4.339135e+00,5.556624e+00,8.567076e-01
8.101224e-01,3.526951e+00,6.059130e-02,-1.610496e-01
2.495511e+00,2.963625e+00,2.960907e+00,5.277288e-02
5.231924e-02,2.524691e+00,1.044198e+00,4.609509e-01
3.094807e+00,1.203175e+00,1.921258e-01,-1.161623e+00
5.864194e+00,2.543791e+00,1.406768e+00,-8.139833e-01
1.326738e+00,7.292882e-02,2.636778e+00,-1.121229e+00
5.549905e+00,3.159613e+00,3.515172e+00,1.488032e+00
1.960820e+00,1.152768e+00,1.998572e+00,-7.584084e-01
2.616721e+00,5.775470e+00,5.246061e+00,1.476036e+00
3.030391e+00,7.188983e-01,1.484945e+00,-3.389076e-01
4.897620e+00,5.955785e+00,4.673978e+00,1.004185e+00
5.200800e+00,2.360201e+00,3.727986e+00,1.439209e+00
3.112925e+00,3.931297e-01,5.525833e+00,3.730958e-01
2.064666e+00,4.497432e+00,7.411035e-02,7.949264e-02
2.266900e+00,1.235245e+00,5.704288e+00,-7.081816e-01
1.408691e+00,4.981581e+00,1.908157e+00,-7.225785e-01
3.769761e+00,4.704093e+00,2.753934e+00,1.517023e+00
5.975671e+00,4.101330e+00,2.156055e+00,1.481667e+00
3.454263e+00,2.547893e+00,5.904964e+00,9.553689e-01
5.023440e+00,5.887281e+00,2.891939e+00,1.149226e+00
3.053223e+00,5.173904e+00,3.355627e+00,1.102652e+00
5.864447e+00,2.738650e+00,3.306965e+00,1.189146e+00
4.401708e+00,3.907174e+00,5.512012e+00,2.063916e+00
1.367572e+00,2.781658e+00,2.011045e+00,-5.849084e-01
5.267514e+00,4.070091e+00,2.616203e+00,1.259353e+00
1.655536e+00,2.142616e+00,5.451164e+00,6.459979e-01
1.401407e-01,2.914040e+00,2.177055e+00,3.208645e-01
2.143261e+00,3.494819e+00,3.349058e+00,6.105790e-01
1.753520e+00,5.807065e+00,2.325695e-01,6.311300e-02
4.103264e+00,2.527134e+00,2.127013e+00,1.055279e+00
3.397249e+00,5.808157e-01,1.807750e+00,-7.843416e-01
3.246499e+00,1.167564e+00,5.782887e+00,-7.257120e-01
1.335129e+00,1.537383e+00,8.311262e-01,-1.708847e+00
2.915027e+00,4.158399e+00,3.202699e+00,2.233357e+00
2.710885e+00,3.424115e+00,3.922795e+00,1.454766e+00
4.364661e-01,2.349812e+00,8.051445e-01,-2.243810e-01
2.020875e+00,5.740031e+00,2.498248e+00,-4.285600e-02
5.778477e+00,4.302439e+00,2.534006e+00,1.130858e+00
4.188748e+00,1.948604e-01,9.609454e-01,-5.102526e-01
5.632411e+00,2.164390e+00,4.864866e+00,2.685619e-01
1.758479e+00,9.883966e-02,1.687722e+00,-1.194666e+00
4.907508e+00,1.745968e-01,2.043308e+00,2.547809e-01
2.594360e-01,2.583947e+00,2.342938e+00,-3.595105e-02
4.504220e+00,3.170580e+00,5.080472e+00,2.472380e+00
1.374439e+00,9.896136e-01,5.990547e+00,-1.033263e+00
3.360788e+00,1.605052e+00,2.670675e+00,4.528350e-01
4.725195e+00,3.399836e+00,2.588698e+00,2.474858e+00
3.791782e+00,4.972372e+00,3.687633e+00,1.828560e+00
2.851859e+00,2.066330e+00,2.317320e+00,-2.002549e-01
4.655616e+00,6.086079e-01,2.594092e+00,1.709915e-01
1.135128e+00,1.184826e+00,3.136881e+00,-9.882162e-01
2.558542e+00,3.140372e+00,1.342594e+00,-5.765945e-01
4.770083e+00,5.321947e+00,9.568991e-01,1.766826e+00
4.162007e-02,7.200362e-01,4.581175e+00,-3.660769e-01
3.440586e+00,4.999652e+00,1.055566e-01,1.190358e+00
4.024611e+00,5.411995e+00,5.118849e+00,2.146889e+00
4.868302e+00,4.410727e+00,3.981663e+00,1.439542e+00
5.086186e+00,3.763174e+00,6.675643e-01,9.190471e-01
5.201578e+00,7.887130e-01,2.542724e+00,8.462065e-01
1.033259e+00,3.267242e+00,2.488171e-01,3.222413e-01
1.615625e+00,5.945114e-01,7.588254e-01,-1.133252e+00
3.552172e+00,2.529882e+00,3.035247e+00,3.915637e-01
5.561557e+00,5.497531e+00,2.839639e+00,1.552188e+00
2.965877e+00,6.934503e-01,1.947345e+00,-6.818922e-01
3.678418e+00,5.260515e+00,2.372180e+00,1.481965e+00
2.937472e+00,3.028302e+00,4.099953e-01,4.745327e-01
4.485532e+00,5.002370e+00,5.486528e+00,2.255019e+00
8.260741e-01,5.002012e+00,3.335169e-01,-1.019517e-01
2.771398e-01,5.818121e+00,5.462376e+00,3.792169e-01
2.486339e+00,4.387000e+00,1.268400e+00,1.048696e+00
3.918572e+00,1.318462e+00,1.066521e+00,-7.270138e-02
2.772810e+00,4.464186e+00,1.159936e+00,3.316718e-01
5.172992e+00,4.623473e+00,1.322223e+00,7.156300e-01
4.698313e+00,1.299323e+00,5.322148e+00,1.511999e-01
5.226069e-01,1.303673e+00,3.506555e+00,2.008431e-01
2.191447e+00,2.810697e+00,4.481134e+00,1.614595e+00
4.272638e+00,3.486290e+00,3.994093e-01,1.285127e+00
1.791719e+00,2.519314e+00,1.534631e+00,-1.157531e+00
5.775267e+00,5.267988e+00,2.281770e+00,-4.780376e-02
5.152387e+00,2.858573e+00,5.955938e+00,1.529269e+00
3.939351e+00,2.182072e+00,9.136421e-01,4.847605e-01
5.467896e+00,1.823410e-01,5.392432e+00,6.667325e-01
5.846331e+00,3.573333e+00,9.268100e-01,7.811664e-01
1.757090e-02,6.058595e-01,3.591257e+00,-2.100911e-01
5.455307e+00,3.473533e+00,2.138503e+00,5.780747e-01
5.831458e+00,5.014808e+00,4.338809e+00,1.632963e+00
3.337069e+00,3.949237e+00,2.537307e+00,1.373580e+00
3.166774e+00,2.328579e+00,1.114613e+00,-5.466585e-02
2.741380e+00,1.845995e+00,1.709313e+00,-9.708370e-02
3.530460e+00,2.827511e+00,3.897803e+00,1.487406e+00
3.884523e+00,2.089779e+00,2.076095e+00,-7.509575e-02
5.912057e+00,4.266542e+00,5.933559e+00,7.835786e-02
1.690486e+00,3.009114e+00,4.864775e+00,1.792619e+00
3.249840e+00,2.145996e+00,5.442577e-01,-8.354497e-01
3.296749e+00,9.233792e-01,4.589445e+00,1.093422e+00
3.312935e-01,3.796362e+00,6.368280e-01,6.133280e-01
5.687575e+00,2.843559e+00,5.882851e+00,1.257413e+00
4.687893e+00,1.715710e+00,5.550983e+00,4.731490e-01
4.356000e+00,4.912274e+00,1.937090e+00,1.693325e+00
2.372111e+00,1.947623e-01,3.347835e-01,-3.623393e-01
3.068410e+00,5.567608e+00,3.483442e+00,7.062627e-01
1.203150e+00,1.108877e+00,2.947700e+00,-7.387841e-02
5.614719e+00,5.878946e+00,4.093023e+00,2.365510e+00
1.974258e+00,5.606840e+00,1.823403e+00,4.799072e-01
1.108179e+00,8.019556e-01,2.167745e+00,-3.045518e-01
1.087415e+00,3.040346e+00,2.362497e+00,3.264245e-01
1.714235e+00,2.444921e+00,5.908613e+00,-1.015411e+00
5.980561e+00,2.785862e+00,4.075899e+00,1.602123e+00
2.814497e+00,3.733663e-01,5.571542e+00,5.691374e-01
4.607907e+00,8.022632e-01,5.895214e+00,6.950940e-01
2.335858e+00,4.200193e+00,1.434177e+00,1.247144e+00
2.383584e+00,5.003470e+00,1.104312e+00,9.303767e-01
2.079773e+00,4.222149e-01,3.868433e+00,-5.017726e-01
5.488743e+00,3.332311e+00,1.443105e+00,-1.611832e-01
2.582057e+00,5.554956e+00,4.278578e-01,1.148174e+00
1.277694e+00,9.065895e-01,3.146891e+00,-6.695587e-01
7.099952e-02,3.984618e-01,3.732077e+00,2.185702e-01
5.245971e+00,2.597408e+00,4.264896e+00,8.706082e-01
4.932449e+00,4.483799e+00,5.263185e+00,1.729804e+00
1.256892e+00,4.275135e+00,1.366855e+00,4.578591e-01
4.774426e+00,2.822200e-02,2.222607e+00,2.379499e-01
3.477591e+00,4.830826e+00,8.369960e-01,4.965454e-01
1.268827e+00,6.309705e-02,5.999424e+00,-5.002240e-01
5.286257e+00,3.434345e+00,4.847756e+00,1.924441e+00
4.085931e+00,1.604502e+00,3.729734e-01,-3.556910e-01
3.441229e+00,2.070446e+00,4.745590e+00,2.180838e+00
4.919967e+00,3.882586e+00,3.434790e+00,2.844530e+00
2.802787e+00,4.092645e-01,3.001172e+00,1.200702e-01
1.312757e-01,3.859693e-02,7.205913e-01,5.004563e-01
6.911596e-01,4.497347e+00,1.977454e+00,6.567660e-01
7.284187e-01,2.989547e+00,1.276378e+00,-4.040865e-01
1.297169e+00,2.829189e+00,4.821002e+00,9.970613e-01
1.661357e+00,6.262324e-01,2.360170e+00,-1.038879e+00
3.949044e+00,1.964083e+00,1.349989e+00,-1.032936e+00
4.113814e-01,1.068026e+00,2.327113e-01,-7.958664e-01
7.383705e-01,2.007032e+00,5.995657e+00,-5.916305e-01
1.655297e+00,1.767119e+00,3.017625e-01,-7.786651e-01
1.029345e+00,2.356986e+00,4.187049e+00,2.636463e-01
4.940886e-01,5.103445e+00,9.706314e-01,8.354059e-01
5.297133e+00,4.086807e+00,8.270250e-01,1.266676e+00
3.295346e+00,9.763632e-01,2.372671e-01,2.554050e-01
3.341385e+00,2.681664e+00,2.741896e+00,4.769813e-01
2.093179e+00,1.850522e-01,4.321075e+00,3.945059e-01
4.753750e+00,5.100529e+00,3.252194e+00,2.221802e+00
3.924318e+00,5.043586e+00,1.969900e+00,8.344573e-01
2.246295e+00,3.299387e+00,3.132914e-01,-1.274751e-01
2.861679e+00,5.837438e+00,1.417901e+00,7.124368e-01
5.465303e-02,3.432252e+00,5.892143e+00,1.199493e-01
1.132650e+00,3.822681e+00,3.781628e+00,1.328324e+00
2.655646e+00,3.952154e+00,2.059269e+00,1.438420e+00
8.671822e-02,5.837099e+00,4.911438e+00,1.559693e+00
