1.169356e+00,2.913200e+00,5.209714e+00,6.127794e-01
5.277830e+00,1.999925e+00,1.357935e+00,-2.890518e+00
1.767149e+00,3.228018e+00,1.474378e+00,1.446295e+00
1.319961e+00,8.519513e-01,4.576075e+00,2.632580e-01
2.802875e+00,1.540350e+00,4.112375e+00,-6.340448e-02
6.704751e-02,3.960901e-01,3.391840e+00,-8.422358e-01
6.406653e-01,1.357170e+00,1.250247e+00,4.630679e+00
9.678319e-01,2.835443e-02,2.869628e+00,3.901007e+00
1.878498e+00,4.820010e+00,2.750661e+00,4.430294e+00
4.169808e-01,1.613449e+00,5.914864e-01,1.745078e-01
1.838035e+00,3.193392e-01,1.652393e+00,-1.583745e+00
2.775619e+00,4.767735e+00,1.691502e+00,2.443370e+00
5.825825e+00,1.538169e-01,1.942763e+00,-8.705225e-01
1.030178e+00,2.400402e+00,4.768620e+00,2.121411e+00
3.923280e+00,4.861604e+00,2.472644e+00,4.892064e-02
3.702282e+00,2.736591e-01,3.716470e+00,5.294984e-01
4.942066e+00,1.373959e+00,5.335597e+00,1.263741e+00
3.292479e+00,1.462627e+00,1.814861e+00,3.963142e+00
3.225373e+00,4.304822e+00,3.371604e+00,2.089594e+00
2.000206e+00,3.695683e+00,4.789910e+00,2.071954e+00
3.549558e+00,5.371317e+00,1.666114e+00,2.274450e+00
3.131346e-01,2.973774e+00,2.559139e+00,-1.168207e+00
2.247187e-01,3.168012e+00,4.299162e+00,1.263930e+00
5.349029e+00,4.475057e+00,4.664231e+00,1.883017e+00
1.123726e+00,4.803541e+00,5.080019e+00,3.918718e+00
3.005293e+00,5.781438e+00,1.222959e+00,2.734103e+00
9.986557e-02,3.453798e+00,5.470860e+00,4.022509e+00
4.621432e+00,5.467390e+00,2.712564e+00,2.151117e-01
3.300928e+00,1.896099e+00,5.897478e+00,4.692555e+00
4.162683e+00,1.781475e+00,5.225404e+00,2.228139e+00
3.716501e+00,5.695146e+00,1.573169e+00,6.590516e+00
1.746106e+00,1.137026e+00,5.737020e+00,3.773451e-01
9.742863e-01,6.375017e-01,4.871229e+00,1.357484e+00
5.642674e+00,4.174021e+00,5.242057e+00,4.514492e+00
4.556350e+00,2.120885e+00,5.815844e+00,-4.095714e-02
8.370220e-01,3.305786e+00,4.485888e+00,5.696229e+00
8.622407e-01,4.944521e+00,8.539822e-01,-1.413882e+00
5.884621e+00,4.978131e+00,2.883898e+00,5.470161e+00
4.924465e+00,1.899569e+00,1.770729e+00,2.228106e+00
3.083664e+00,3.226111e+00,2.741697e+00,1.862373e+00
3.318652e-01,2.601818e-01,4.788748e-01,1.159361e-02
3.409010e+00,3.854702e+00,3.117176e+00,3.280136e+00
3.189827e+00,2.684686e+00,2.998685e-01,4.128420e+00
3.480899e+00,3.439871e+00,4.526033e+00,3.296225e+00
2.051158e+00,5.363586e+00,5.603297e+00,5.717116e+00
3.287018e+00,1.492801e+00,8.828311e-01,9.156812e-01
2.541472e+00,4.688657e+00,2.906196e+00,3.603004e+00
4.734792e+00,5.250153e+00,5.683956e+00,1.149036e+00
5.967232e+00,8.985234e-02,2.172017e+00,7.935813e+00
1.025937e+00,1.256871e+00,1.710669e+00,5.098103e-01
4.086470e+00,5.581625e+00,1.229533e+00,8.028521e+00
1.455421e+00,5.922115e+00,1.966627e+00,1.539658e+00
5.985797e+00,4.171032e+00,3.097969e-01,9.560777e-01
2.513915e+00,4.350805e+00,1.361986e+00,1.763250e+00
5.719561e+00,8.932585e-01,1.307470e+00,2.643948e+00
5.063471e+00,5.488659e+00,1.030619e+00,5.099242e-01
3.783064e-01,1.365457e+00,4.835012e+00,2.866156e+00
5.814579e+00,4.700063e+00,2.957544e+00,2.408635e+00
2.237187e+00,5.133003e+00,1.553580e+00,1.126401e+00
3.842768e+00,5.154455e+00,4.066338e+00,2.840258e+00
2.670388e+00,1.472992e+00,4.179576e-01,5.232021e-01
5.686000e+00,5.073940e+00,1.905580e+00,3.470242e-01
4.742278e+00,9.811253e-02,7.079637e-01,5.129006e+00
2.285497e+00,5.796271e-01,4.739472e+00,1.643507e-01
5.342095e+00,5.991476e+00,4.593934e-01,3.884095e+00
1.739174e+00,4.468785e+00,3.123716e+00,2.460057e+00
1.103031e+00,4.839481e+00,2.202067e+00,3.962724e+00
5.565838e+00,4.424243e+00,1.567257e-01,-1.517855e+00
2.447314e+00,2.378966e+00,3.444010e+00,3.165877e+00
1.974706e-01,3.317948e+00,1.898354e+00,2.144691e+00
4.462097e+00,3.357750e+00,6.181829e-02,4.811138e+00
4.898780e+00,4.119847e+00,1.019229e+00,1.240730e+00
4.875943e+00,2.077018e+00,5.593538e+00,3.009393e+00
5.668871e+00,5.963890e+00,2.443268e+00,6.221291e+00
2.029578e+00,3.509972e+00,3.464494e+00,7.946617e+00
5.345240e+00,4.886017e+00,5.025069e+00,3.268961e+00
1.126911e+00,4.193114e-01,2.816996e+00,2.291680e+00
5.451593e+00,2.462035e+00,4.644360e+00,5.553929e+00
4.311669e+00,3.321807e+00,2.957670e+00,7.234677e+00
1.942463e+00,2.438177e+00,3.576238e+00,-9.955367e-02
2.159894e+00,3.344164e+00,1.906330e+00,4.998244e-01
2.487902e+00,2.331877e+00,3.588967e+00,-1.068837e+00
1.383098e+00,4.142268e+00,1.433637e+00,-3.840769e-01
3.734462e+00,5.323897e+00,5.225155e-01,2.868640e+00
2.311844e+00,2.490439e+00,5.486610e+00,2.353222e+00
4.379928e+00,5.869472e+00,3.958330e+00,5.993054e+00
1.142032e+00,2.168057e+00,1.857693e+00,5.761542e+00
4.011610e+00,5.485334e+00,2.749576e+00,1.337464e+00
5.623633e+00,2.280653e+00,1.721005e+00,3.776822e+00
1.016331e+00,1.712101e+00,1.892752e+00,-3.512078e+00
4.494274e+00,2.993794e+00,5.542587e-01,4.900977e+00
5.241692e+00,2.184482e+00,1.451912e+00,3.768198e+00
4.719342e-01,3.638351e+00,3.228098e+00,2.119556e+00
5.793257e+00,4.403986e+00,4.336257e+00,5.496792e-01
5.067131e+00,3.809440e+00,1.917845e-01,9.248506e-01
6.806850e-01,2.146096e+00,4.709356e+00,-6.783741e-01
1.501017e+00,3.542562e+00,1.554705e+00,5.347009e+00
2.275895e+00,9.672854e-01,2.312762e+00,5.170829e+00
4.795308e+00,3.700920e+00,4.432942e+00,5.188521e+00
4.563507e+00,4.188941e+00,2.617739e+00,9.862830e+00
2.746367e+00,6.224614e-01,3.617550e+00,4.332134e+00
5.423043e+00,3.957636e+00,4.705866e+00,4.150863e+00
1.103691e+00,2.232224e+00,1.195134e+00,2.617408e+00
5.139433e+00,5.114541e+00,1.462354e+00,6.771747e+00
2.890314e+00,2.236814e+00,2.719035e+00,2.080184e+00
3.589079e+00,1.016157e-01,4.360831e+00,4.685129e+00
2.990180e+00,5.280554e+00,3.025407e+00,2.966048e+00
4.052393e+00,5.285336e+00,4.649460e+00,6.196243e+00
3.506646e+00,1.349334e-01,3.713531e+00,-1.707382e-01
2.736240e+00,7.328300e-02,7.684330e-01,-1.363553e+00
1.589794e-01,4.296436e+00,2.247188e+00,5.678847e+00
4.963731e+00,5.666674e+00,8.572548e-01,3.499204e+00
5.707947e+00,2.762702e+00,2.716952e+00,2.466096e+00
1.930691e+00,2.615316e+00,1.503970e+00,3.165317e+00
4.379150e+00,2.571382e+00,2.992054e+00,1.306492e+00
8.863187e-01,5.962366e+00,1.897259e+00,4.885641e+00
2.661424e+00,1.733380e+00,1.933445e+00,3.688660e+00
8.764966e-01,2.955695e-01,2.959831e+00,4.972693e+00
9.951050e-01,1.829612e+00,2.353675e+00,1.093638e+00
3.147514e+00,2.709829e+00,4.520122e+00,1.845200e+00
5.384452e+00,5.101719e+00,1.016128e+00,6.177611e+00
5.119690e+00,4.459877e+00,4.755305e+00,1.484438e+00
4.580024e+00,5.526065e+00,2.094151e+00,2.112005e+00
3.723583e+00,2.537403e+00,3.982163e+00,3.071232e+00
2.947518e+00,1.126138e+00,2.907797e+00,4.738890e+00
5.843073e+00,1.841044e-01,1.314699e+00,4.037292e+00
5.486480e+00,4.537501e+00,1.873501e+00,3.464099e+00
5.311016e+00,1.663208e+00,4.654615e+00,2.723534e-01
2.313749e+00,1.471235e+00,3.113383e-01,4.027220e-01
1.248940e+00,3.868337e-01,1.525952e+00,2.395200e-01
4.488408e+00,3.278283e+00,3.303187e+00,2.950679e+00
2.297774e+00,4.686810e+00,9.397378e-02,9.578074e-01
3.426054e+00,1.633560e+00,1.419227e+00,5.288576e+00
2.849716e-01,4.676760e+00,3.416250e+00,3.344593e+00
2.472812e+00,4.760629e+00,5.840822e+00,1.135594e+00
2.993199e+00,3.106280e+00,2.066510e-01,3.408143e+00
5.462774e+00,3.168741e+00,8.866968e-01,4.963672e+00
2.770557e-02,3.366217e+00,3.197821e+00,2.002730e+00
3.920673e+00,4.382014e+00,3.545501e+00,6.979369e+00
3.117172e+00,1.516873e+00,3.298510e+00,2.959235e+00
4.653918e-01,8.897708e-02,2.837722e+00,4.410094e+00
1.307370e+00,7.170660e-01,3.664476e+00,-1.958782e+00
1.917644e+00,4.650242e-01,5.809448e+00,1.924444e+00
5.850704e+00,4.409195e-01,2.336652e+00,4.470149e+00
3.713830e-01,3.057434e+00,4.760454e-01,1.046738e+00
1.160499e+00,4.952470e+00,1.681627e+00,2.169609e+00
5.680719e-01,3.574146e+00,1.416249e-01,-2.363344e+00
3.442936e+00,2.563737e+00,2.239742e+00,1.450093e+00
2.865172e+00,7.844697e-01,8.574268e-01,3.602145e+00
4.127603e+00,9.924750e-02,4.129179e+00,2.093859e+00
6.838030e-01,5.846972e+00,5.150011e+00,-1.745768e+00
3.347974e+00,3.345824e+00,3.975607e+00,5.421266e+00
2.862939e+00,3.942468e+00,1.231948e+00,4.266335e+00
5.901725e+00,4.236540e+00,2.448763e+00,5.269675e+00
2.440556e+00,4.668805e-01,5.584325e+00,-1.800479e+00
4.511313e+00,1.446282e+00,4.048394e+00,-6.062784e-02
2.056408e+00,5.386900e+00,8.448648e-01,8.219425e+00
2.545633e+00,3.549422e+00,4.783973e+00,1.260258e+00
4.936969e+00,4.435408e+00,1.680066e+00,3.118492e+00
2.968822e+00,1.264767e+00,5.352413e+00,6.411224e-01
3.461601e+00,3.079643e+00,5.690421e+00,2.436779e+00
3.871709e+00,1.401265e+00,3.036568e+00,5.361946e+00
1.416495e+00,1.938154e-01,3.287660e+00,2.945826e+00
4.864078e+00,9.166321e-01,3.908057e+00,1.590117e-02
5.162688e-01,5.084685e+00,5.147840e+00,5.877012e+00
1.278283e+00,2.818094e+00,1.944934e+00,8.383019e-01
4.746526e+00,2.741592e+00,5.830396e+00,-1.228336e+00
3.767728e-02,1.949961e+00,5.392470e+00,3.117563e+00
1.782240e+00,4.709873e+00,1.592549e+00,5.057617e+00
5.685586e+00,3.607524e-01,3.719920e+00,1.084274e-02
1.279626e+00,8.183565e-01,4.274695e+00,3.110145e+00
1.755791e+00,1.037690e+00,2.211486e+00,-2.674939e+00
2.774633e+00,2.565143e+00,5.367684e+00,-2.686419e+00
3.723854e+00,4.313621e+00,4.013703e+00,2.213179e+00
1.605198e+00,5.027210e+00,3.427936e+00,8.639442e+00
2.454075e+00,3.586099e+00,1.200106e+00,4.388373e+00
2.950553e+00,3.175350e+00,1.650830e+00,5.166092e+00
9.129515e-01,4.331478e+00,3.633096e+00,4.685881e+00
5.242730e-01,4.995219e+00,5.897032e+00,1.174814e-01
5.340993e+00,4.222144e+00,5.643949e+00,1.463827e+00
4.603686e+00,2.953122e+00,2.775875e+00,1.913729e+00
2.637368e+00,1.123216e+00,8.542301e-01,-1.671532e+00
2.061610e+00,5.994294e+00,7.648736e-01,-4.618570e-01
1.750844e+00,2.636750e+00,5.619299e+00,2.730408e+00
9.950335e-01,1.425860e+00,3.614120e+00,6.530613e-02
3.146855e+00,2.229682e+00,1.532700e+00,9.218803e-01
9.816655e-01,4.287092e+00,4.257706e+00,6.903416e+00
2.036642e+00,5.581949e+00,5.769501e+00,5.276331e+00
2.224460e+00,8.375725e-02,1.652861e+00,-1.900701e+00
2.773984e-02,1.207566e+00,4.847054e+00,2.648315e-01
7.252522e-02,3.184274e+00,4.208388e+00,-3.843257e+00
4.100457e+00,1.163821e+00,1.644607e+00,4.991173e+00
1.418075e+00,1.120179e+00,3.336575e+00,2.178051e+00
5.557414e+00,3.929885e+00,5.865864e+00,3.684836e+00
5.684769e+00,8.495623e-01,4.582291e+00,3.194223e+00
3.123121e+00,1.544294e+00,2.674496e+00,8.333779e+00
1.606310e+00,1.168064e+00,4.704384e+00,1.203400e+00
5.673216e-01,3.415362e+00,2.998304e+00,2.648300e+00
1.395378e+00,3.523106e+00,1.727451e+00,2.077683e+00
5.268316e+00,5.811568e+00,5.963378e+00,6.249801e+00
