1.473512e+00,4.711944e+00,4.513261e+01
2.875073e+00,4.019300e+00,5.722856e+00
1.003460e+00,1.311070e+00,-1.633451e+01
2.562162e+00,4.769734e+00,-8.058455e+00
3.096314e+00,3.497145e+00,3.142903e+01
3.665890e+00,3.345437e+00,3.543498e+01
3.239303e+00,3.136801e+00,2.613583e+00
1.491748e+00,4.349986e+00,7.239645e+01
3.579696e+00,2.498471e+00,6.997955e+00
4.574077e+00,4.353686e+00,8.433956e+01
1.433515e+00,3.187429e+00,2.974859e+01
3.191210e+00,3.080684e+00,5.847512e+01
3.685831e+00,4.207980e+00,2.505856e+01
2.050145e+00,4.541056e+00,2.251975e+00
1.468424e+00,4.896867e+00,4.517637e+01
1.364950e+00,4.486879e+00,3.079456e+01
1.848234e+00,2.680073e+00,6.371372e+01
1.700354e+00,4.214205e+00,1.883066e+01
4.617985e+00,4.804942e+00,-6.575408e+00
3.616890e+00,3.385248e+00,-2.704224e+01
1.337016e+00,2.141062e+00,-3.282696e+00
1.177837e+00,4.376866e+00,6.506832e+01
3.962809e+00,1.102536e+00,3.087389e+01
3.785882e+00,3.712623e+00,3.135681e+01
1.286785e+00,4.856799e+00,-1.339606e+01
4.253665e+00,1.618566e+00,4.281435e+01
1.280284e+00,2.248667e+00,2.376459e+01
4.944838e+00,3.668095e+00,4.066833e+01
4.858012e+00,4.602454e+00,6.330804e+01
1.116150e+00,1.045840e+00,3.145902e+01
4.596069e+00,2.946112e+00,2.880252e+01
3.964788e+00,4.128102e+00,5.720641e+01
1.370135e+00,1.953375e+00,2.998341e+01
1.475911e+00,4.236529e+00,1.124054e+01
1.597150e+00,4.801411e+00,2.905674e+01
3.339871e+00,2.065937e+00,2.641964e+01
2.820519e+00,2.545723e+00,2.429386e+01
3.534109e+00,2.674299e+00,3.439937e+01
4.220910e+00,2.510899e+00,8.771311e+00
3.972872e+00,3.132688e+00,2.231443e+01
3.050329e+00,2.399427e+00,3.936287e+01
1.983390e+00,1.928792e+00,2.744288e+01
4.394566e+00,3.958181e+00,5.207851e+01
2.969053e+00,1.587818e+00,4.173157e+01
4.821685e+00,2.703639e+00,3.931377e+01
3.599191e+00,4.480563e+00,5.332666e+01
2.190080e+00,2.265475e+00,-4.286734e+01
4.879235e+00,3.534638e+00,5.115075e+01
3.474023e+00,3.257644e+00,9.325620e+00
4.695420e+00,3.972858e+00,3.818113e+01
4.844292e+00,2.199813e+00,1.544069e+01
4.542222e+00,1.713208e+00,2.558191e+01
3.141384e+00,3.891027e+00,-1.888640e+01
4.181794e+00,3.234973e+00,4.421995e+01
3.901240e+00,4.197264e+00,4.717600e+01
2.047209e+00,2.477116e+00,9.711900e+00
3.627586e+00,3.490609e+00,1.395657e+01
4.413921e+00,3.375152e+00,6.906543e+01
4.475751e+00,1.354183e+00,8.035758e+00
1.742624e+00,2.716059e+00,-3.733100e+00
3.935985e+00,2.060744e+00,4.671713e+01
4.740603e+00,4.322333e+00,5.893007e+01
1.011332e+00,2.584745e+00,-1.394968e-01
2.530371e+00,2.937611e+00,-2.011232e+01
3.743353e+00,3.950804e+00,2.803343e+01
1.668062e+00,4.236370e+00,5.061144e+01
3.844950e+00,3.886917e+00,1.921744e+01
2.416777e+00,4.688585e+00,1.512457e+01
2.086893e+00,2.471706e+00,-3.743350e+00
1.605443e+00,4.511561e+00,4.400722e+00
3.013827e+00,1.926049e+00,2.397718e+01
1.906233e+00,2.067871e+00,1.733418e+01
4.642389e+00,3.625159e+00,-1.149830e+00
2.367391e+00,4.724336e+00,6.530499e+01
2.199337e+00,1.544328e+00,2.208846e+01
3.611359e+00,2.222785e+00,4.634064e+01
4.064135e+00,4.426666e+00,4.657128e+01
4.903520e+00,1.375255e+00,8.297770e+00
4.891039e+00,4.385565e+00,7.959667e+01
2.624553e+00,4.056309e+00,4.964435e+01
1.021588e+00,4.067402e+00,8.021578e+00
1.670049e+00,4.407807e+00,2.233053e+01
3.023546e+00,1.885673e+00,3.168780e+01
1.139878e+00,1.162807e+00,-3.600117e+01
2.688505e+00,1.287561e+00,6.121963e+01
1.026519e+00,2.792053e+00,-1.681181e+00
3.882264e+00,2.025042e+00,3.631678e+01
2.305127e+00,4.463625e+00,3.264584e+01
2.024327e+00,1.387419e+00,3.148745e+01
4.643068e+00,2.230531e+00,5.131106e+01
4.392500e+00,3.609987e+00,8.155842e+00
4.581403e+00,2.695794e+00,4.492620e+01
3.618153e+00,4.874026e+00,2.045430e+01
4.354996e+00,4.464159e+00,5.125803e+01
3.812153e+00,2.900315e+00,4.218765e+01
3.616569e+00,4.660052e+00,2.247818e+01
4.406153e+00,4.166408e+00,4.375382e+01
2.993349e+00,2.831563e+00,5.318468e+01
1.163537e+00,3.672455e+00,3.839925e+01
2.515297e+00,4.802060e+00,3.366904e+01
1.436954e+00,3.592994e+00,7.827221e+01
2.358224e+00,1.776159e+00,-2.853786e+01
3.312785e+00,3.028218e+00,-1.251161e+01
2.405694e+00,2.433814e+00,-1.281977e+00
1.233363e+00,3.183000e+00,2.023245e+01
3.820543e+00,1.704925e+00,1.664698e+00
3.329992e+00,1.124705e+00,4.595127e+01
4.447277e+00,1.356118e+00,5.988498e+01
3.354492e+00,2.495488e+00,5.323918e+01
3.029940e+00,4.830028e+00,5.149202e+01
4.387059e+00,2.167097e+00,7.188958e+00
4.010956e+00,4.805419e+00,4.005290e+01
4.122844e+00,3.542849e+00,8.102036e+01
3.271776e+00,3.357322e+00,2.881157e+01
1.785414e+00,2.465359e+00,-3.900246e+00
4.001295e+00,2.948151e+00,2.799740e+01
2.821891e+00,2.028198e+00,-1.875956e+01
3.176542e+00,3.700640e+00,-2.953707e+00
4.144698e+00,3.324968e+00,3.175384e+01
3.684025e+00,4.647432e+00,2.779524e+01
3.097175e+00,2.285646e+00,-3.471839e+01
2.858874e+00,1.328109e+00,6.207199e+00
4.033393e+00,4.107958e+00,4.694173e+01
1.402177e+00,3.978266e+00,1.418184e+00
2.395060e+00,2.838581e+00,2.253932e+01
3.535250e+00,2.478011e+00,-2.213361e+01
2.977980e+00,1.580529e+00,1.715469e+01
3.338773e+00,3.156107e+00,5.191798e+01
1.963632e+00,3.608679e+00,4.836311e+01
3.016947e+00,2.580561e+00,9.214066e+01
1.910699e+00,4.913109e+00,7.788393e+01
4.037725e+00,1.081007e+00,-4.387605e+01
3.506551e+00,3.625064e+00,5.252791e+01
4.869942e+00,1.684446e+00,1.290305e+01
3.968924e+00,2.233151e+00,-2.572806e+00
1.046831e+00,3.410573e+00,1.755623e+01
2.513790e+00,1.272397e+00,6.346476e+01
4.619195e+00,4.198149e+00,3.472320e+01
3.950590e+00,1.586417e+00,1.612117e+01
2.970329e+00,3.937799e+00,4.557073e+01
3.916892e+00,2.612152e+00,5.209129e+00
4.039141e+00,3.997284e+00,-7.176735e+00
3.241147e+00,1.670486e+00,-9.813459e+00
1.416265e+00,2.197741e+00,2.114096e+01
2.523333e+00,2.003813e+00,2.480134e+01
1.343326e+00,4.646332e+00,-1.139774e+01
1.432619e+00,2.607330e+00,1.244149e+01
2.795041e+00,2.250558e+00,-3.960314e+01
3.525766e+00,3.029000e+00,3.015014e+01
4.012400e+00,1.329114e+00,1.654848e+01
4.660690e+00,2.879471e+00,1.054245e+01
4.937441e+00,1.162122e+00,6.531058e+01
1.708758e+00,4.676586e+00,5.837377e+01
3.922881e+00,4.047163e+00,-2.247130e+00
4.675371e+00,4.451761e+00,1.173533e+00
3.417476e+00,2.451723e+00,5.083218e+01
1.130627e+00,1.545764e+00,3.269960e+01
4.682351e+00,3.791300e+00,2.017888e+00
1.227562e+00,1.843521e+00,4.385518e+01
2.643687e+00,2.173058e+00,2.369198e+01
2.939555e+00,1.277227e+00,2.578716e+01
2.774071e+00,2.012098e+00,3.543690e+01
2.703894e+00,2.567458e+00,2.136409e+01
4.607058e+00,1.414097e+00,2.944104e+01
2.537128e+00,2.188345e+00,3.855606e+01
2.982349e+00,3.577363e+00,1.202331e+01
3.068352e+00,3.922542e+00,1.301705e+00
2.681546e+00,2.935845e+00,3.161537e+01
4.192526e+00,2.904104e+00,1.008270e+01
4.132688e+00,2.471456e+00,5.594713e+01
2.746409e+00,1.345477e+00,-1.487577e+00
1.365544e+00,2.254687e+00,-1.649009e+00
3.180401e+00,1.744686e+00,1.435453e+01
3.695337e+00,3.702145e+00,1.387168e+01
4.091414e+00,3.879457e+00,4.917909e+01
2.423486e+00,4.600003e+00,7.652125e+01
4.611388e+00,3.436618e+00,1.386251e+00
4.457709e+00,2.179697e+00,2.374129e+01
2.368438e+00,3.572867e+00,4.851755e+00
2.464971e+00,2.612326e+00,8.281020e+00
2.808666e+00,1.858261e+00,-2.244211e+01
1.767267e+00,3.002041e+00,2.705026e+01
1.412858e+00,4.673351e+00,4.316412e+01
3.978433e+00,4.365984e+00,1.625437e+01
3.603526e+00,2.795011e+00,3.767305e+01
3.585444e+00,4.639535e+00,4.262155e+00
4.601997e+00,1.529811e+00,4.122795e+01
3.125680e+00,1.623939e+00,4.447270e+01
1.213996e+00,2.016436e+00,-1.214093e+01
3.885177e+00,3.562451e+00,4.438930e+01
3.038592e+00,3.604621e+00,1.915899e+01
4.974971e+00,2.867544e+00,2.826195e+01
3.423084e+00,1.043008e+00,1.709872e+01
2.162210e+00,1.053580e+00,-3.141718e-01
3.783234e+00,4.222629e+00,9.469738e+01
4.477067e+00,1.646826e+00,2.319252e+01
2.113287e+00,4.551101e+00,1.157387e+02
4.280572e+00,3.972096e+00,4.205763e+01
3.772755e+00,1.998644e+00,5.657047e+01
4.233992e+00,3.322251e+00,2.529778e+01
