3.008965e+00,4.520797e+00,5.981311e+00,5.258874e-01
2.422669e+00,1.515737e-01,5.899360e+00,1.792529e+00
3.240359e-01,3.804649e+00,6.723693e-01,1.556271e+00
2.456237e+00,5.617850e-01,5.363934e+00,1.138805e+00
4.949129e-01,2.722997e+00,3.677084e+00,-1.126768e+00
5.101845e+00,4.839769e+00,1.675651e+00,5.801371e-01
5.308419e+00,5.295733e+00,5.745377e-01,2.501003e+00
3.222149e+00,3.462597e+00,2.717722e+00,-3.032100e+00
1.338429e+00,3.619228e+00,1.775062e+00,-6.689005e-01
1.752633e+00,8.160307e-01,3.235497e+00,-8.092400e-01
1.962851e+00,4.454365e+00,2.449335e+00,-1.539555e+00
4.804480e+00,1.365447e+00,3.268951e+00,-9.474495e-01
5.462708e+00,5.020104e+00,1.932579e-02,2.696411e+00
4.031184e+00,3.920239e+00,5.417977e+00,-1.273373e-01
1.161827e+00,1.751525e+00,3.399965e+00,-1.020948e+00
1.237474e+00,7.354615e-01,3.014929e+00,-2.047159e-01
8.153308e-01,3.728763e+00,2.578491e+00,-1.134451e+00
2.454152e+00,3.205223e-01,4.378456e+00,-1.332644e-01
1.916593e+00,8.586669e-01,5.462671e+00,1.535506e+00
4.712284e+00,5.322734e+00,4.096714e+00,-1.045874e-01
1.366957e+00,5.156481e+00,4.909635e+00,1.087056e+00
3.331575e+00,3.049364e+00,5.065249e+00,-1.167430e+00
1.274365e+00,3.236344e+00,5.162415e+00,2.080802e-01
6.064466e-02,2.586619e+00,9.262951e-01,1.272448e+00
4.273522e+00,4.389993e+00,2.283226e+00,-1.475893e+00
4.714453e+00,1.295397e+00,3.548053e+00,-8.484953e-01
4.630685e+00,2.620880e+00,1.353624e+00,-3.510197e-01
2.612518e+00,3.058574e+00,4.986956e-01,-2.532833e-01
5.061489e-01,9.940906e-01,4.476761e+00,1.242750e+00
2.201691e+00,7.751382e-01,5.080930e+00,8.598811e-01
1.638324e+00,2.456595e+00,2.183298e+00,-1.439997e+00
2.794589e-02,9.945443e-01,3.357187e+00,3.057103e-01
1.866296e+00,2.270593e+00,5.085821e+00,-1.199564e-01
4.755064e+00,4.884931e+00,2.433287e+00,-7.136002e-01
3.414484e+00,1.941184e+00,5.078630e+00,-4.879219e-01
4.469500e+00,3.598567e-01,7.922822e-02,2.386608e+00
5.886141e+00,1.829871e+00,2.908214e+00,-5.672663e-01
4.273584e+00,5.905700e+00,2.652333e-01,2.130727e+00
5.668122e+00,2.244736e+00,2.323021e-02,1.935074e+00
2.177129e+00,5.748740e+00,1.950053e+00,-5.698840e-02
5.428536e+00,8.845272e-02,3.531847e+00,4.550139e-01
3.063463e+00,4.336964e+00,1.170085e+00,-5.528798e-01
5.441652e+00,2.037927e+00,5.653489e+00,1.677168e+00
2.891731e+00,3.095928e+00,2.419783e+00,-2.829429e+00
2.463121e+00,2.256443e+00,1.339614e+00,-8.172834e-01
3.955909e+00,5.830660e+00,1.339870e+00,7.649710e-01
6.663797e-01,5.589082e+00,5.830967e-01,2.921791e+00
2.815263e-01,1.511965e+00,4.493371e+00,8.886197e-01
5.411652e+00,3.849779e+00,4.997582e+00,5.520636e-01
5.094144e+00,4.049176e+00,5.482586e+00,1.017067e+00
3.489913e+00,1.798658e+00,7.767721e-01,1.022292e-01
5.103249e+00,4.142874e+00,3.709453e+00,-1.191321e+00
4.843162e+00,2.317341e+00,5.683807e+00,8.662000e-01
2.920634e+00,1.762055e+00,2.512933e+00,-2.164053e+00
1.180597e+00,5.962531e+00,3.417421e-01,2.885130e+00
1.415810e+00,7.400499e-01,3.328432e+00,-3.723661e-01
2.166715e+00,5.927196e+00,1.445069e-01,2.005491e+00
5.857926e+00,4.469962e-01,4.357874e+00,1.443372e+00
1.199024e+00,5.899014e+00,1.707894e+00,1.242588e+00
5.948969e+00,1.590516e+00,2.101183e+00,3.562167e-01
1.688274e-01,5.989988e+00,3.313997e+00,6.622538e-01
1.250058e+00,1.189598e+00,3.367104e+00,-5.335254e-01
3.900828e+00,6.315869e-01,4.102754e+00,-5.858003e-01
3.327220e+00,1.442594e+00,3.462945e+00,-2.040975e+00
3.362553e+00,1.112341e+00,3.280046e+00,-1.749615e+00
2.830153e-01,2.697197e+00,4.902053e+00,5.290919e-01
1.029444e+00,2.522561e+00,5.729169e+00,1.239281e+00
3.794414e+00,1.227675e+00,3.706143e+00,-1.487042e+00
4.687550e+00,1.190509e-02,1.991547e+00,5.472726e-01
5.043643e+00,5.738348e+00,2.854014e+00,-7.006729e-02
3.048777e-01,4.783819e+00,1.892098e+00,7.126835e-01
2.651482e+00,5.680710e+00,3.658829e+00,-1.182611e+00
4.559824e+00,1.838655e+00,3.363548e+00,-1.604286e+00
2.507478e+00,3.296999e+00,3.764966e+00,-2.738915e+00
1.232810e+00,2.579479e+00,3.022508e+00,-1.734631e+00
3.729199e+00,4.752896e+00,4.803123e+00,-4.065346e-01
2.865742e+00,4.081237e+00,3.201553e+00,-2.751587e+00
5.010064e+00,3.427422e+00,1.548209e+00,-4.008055e-01
5.064082e+00,3.823245e+00,5.967081e+00,1.254210e+00
1.933281e+00,5.339746e+00,1.785221e+00,6.711584e-02
2.496288e+00,3.817717e+00,3.570217e+00,-2.693279e+00
2.259186e+00,3.085222e+00,5.887736e-01,-1.562513e-01
4.826859e+00,8.155336e-01,1.645662e+00,8.502438e-01
2.976199e+00,2.732563e+00,2.658765e+00,-2.924058e+00
8.993666e-01,4.387435e+00,4.409622e+00,8.037223e-02
9.794880e-02,4.336919e+00,5.538608e+00,1.923635e+00
4.580326e+00,5.725194e+00,3.175189e+00,-6.052011e-01
2.295907e+00,1.886230e+00,2.925451e+00,-2.201998e+00
3.886329e+00,2.714626e+00,3.333729e+00,-2.818550e+00
5.544078e+00,8.029199e-01,5.723653e+00,2.821282e+00
2.616923e+00,2.337255e+00,2.484945e+00,-2.447974e+00
1.162614e+00,1.900994e+00,4.839574e+00,4.741486e-01
3.810736e+00,2.229219e+00,2.920749e+00,-2.577144e+00
5.405536e+00,1.988299e-01,5.282926e-01,3.123051e+00
1.190595e+00,5.976341e+00,4.882777e-01,2.768990e+00
2.359636e+00,4.134625e+00,4.043201e+00,-1.947589e+00
3.080620e+00,5.750093e+00,3.314953e+00,-1.402752e+00
1.775616e+00,1.730834e+00,5.351325e-01,1.151993e+00
3.297442e+00,5.532569e+00,4.629478e+00,-1.964549e-01
5.178043e+00,2.916217e+00,3.129226e+00,-1.744993e+00
2.514719e+00,2.322738e-01,2.906683e+00,-1.097496e+00
3.158265e+00,4.801456e+00,1.289928e+00,-2.688414e-01
4.122413e+00,2.616051e+00,1.920211e+00,-1.664969e+00
2.194328e+00,3.583956e+00,4.725575e+00,-1.220322e+00
4.500203e+00,1.020842e+00,9.874920e-01,1.341239e+00
5.407095e+00,4.135780e+00,1.029198e+00,1.085529e+00
1.980651e+00,5.792691e-01,3.771882e+00,-5.739755e-01
4.340086e+00,1.516252e-01,1.427545e+00,1.054876e+00
5.014825e+00,4.427616e-01,5.844004e-01,2.617138e+00
2.961502e-01,4.658105e+00,2.901184e+00,-3.674920e-01
4.645328e+00,4.741211e+00,3.203553e+00,-1.265364e+00
2.567331e+00,2.283286e+00,2.726314e-01,2.086460e-01
4.273203e+00,1.989614e+00,2.639286e+00,-1.872250e+00
3.803554e+00,2.412658e+00,4.303840e+00,-1.926025e+00
4.561433e+00,2.775630e+00,1.562591e+00,-8.493913e-01
4.553464e+00,2.318153e+00,1.273096e+00,-1.803478e-01
1.320561e+00,9.414307e-01,2.552793e-01,2.437635e+00
1.841766e+00,2.394358e+00,3.961153e+00,-1.762850e+00
5.115698e+00,3.292508e+00,1.271892e+00,8.086294e-02
5.290719e+00,5.461909e+00,2.178636e+00,5.381916e-01
4.369396e+00,3.056835e-01,4.748778e+00,8.231784e-01
1.564185e+00,4.472460e+00,4.615423e+00,-1.513932e-01
4.388039e+00,1.537252e+00,5.965427e+00,1.336108e+00
6.534705e-01,3.550234e+00,1.273931e+00,5.975619e-01
3.127546e+00,5.271448e+00,3.463825e+00,-1.669268e+00
3.698456e+00,2.253925e-01,4.988607e+00,6.888959e-01
5.397039e+00,4.102206e+00,2.827127e+00,-1.151427e+00
5.639157e+00,4.221710e-01,2.984611e+00,4.424441e-01
3.194618e+00,4.259109e+00,7.995482e-01,-1.691950e-01
8.532578e-01,6.476687e-01,2.204962e+00,7.379073e-01
4.107637e+00,4.478922e+00,3.448717e-01,8.320244e-01
5.192973e+00,4.325990e+00,4.827464e+00,4.675562e-01
1.491855e+00,1.907926e+00,5.214367e+00,7.459386e-01
2.079777e+00,3.747825e+00,9.996831e-02,4.883612e-01
1.995310e+00,3.848658e+00,5.592649e+00,2.511858e-01
5.356239e+00,5.536352e+00,1.652616e+00,1.420748e+00
4.446871e+00,1.425736e+00,3.269785e+00,-1.338714e+00
3.766811e+00,4.061264e+00,1.493496e+00,-1.123349e+00
1.055433e+00,9.845451e-01,1.813643e+00,9.058766e-01
4.237050e+00,3.815180e+00,2.850384e+00,-2.404898e+00
3.711545e+00,4.122163e+00,3.943398e+00,-2.178457e+00
1.493793e+00,2.893967e+00,5.957728e+00,7.749938e-01
3.897617e+00,4.693728e+00,5.835521e+00,7.988433e-01
3.637506e+00,3.854695e+00,4.459418e+00,-1.646943e+00
1.197492e+00,6.367152e-01,9.896674e-02,2.795030e+00
3.445405e+00,5.064965e-01,4.486835e-01,1.419462e+00
1.532921e+00,2.528171e+00,2.625605e+00,-1.826651e+00
2.431333e+00,5.066920e+00,1.170530e+00,3.524597e-01
5.588557e+00,5.404162e-01,3.284403e+00,3.349007e-01
3.930098e+00,3.470355e+00,2.062031e+00,-2.087387e+00
3.425965e-01,4.302930e+00,4.999461e-01,2.038323e+00
2.257064e-01,7.299316e-01,4.906830e+00,2.177706e+00
4.221901e+00,1.282508e+00,2.480316e-01,1.454711e+00
1.950161e+00,2.900261e+00,5.928038e+00,3.742011e-01
3.541164e+00,7.407477e-01,1.300816e+00,4.324237e-01
2.550714e+00,2.506181e+00,1.916185e+00,-1.892586e+00
4.291248e+00,2.347906e+00,5.714415e+00,3.848292e-01
5.189583e+00,2.761037e+00,5.460791e-01,1.101286e+00
4.996599e+00,2.079696e+00,5.178820e+00,7.199077e-01
4.113588e+00,3.408518e+00,4.978351e+00,-8.375755e-01
1.734375e+00,3.877359e+00,2.539655e-01,7.989287e-01
1.482942e+00,3.229764e+00,2.577771e+00,-1.919638e+00
5.287345e+00,5.512925e+00,3.049663e+00,-7.447587e-02
1.719754e+00,2.251554e+00,4.229587e+00,-1.195742e+00
4.608321e+00,3.743465e-02,2.466563e+00,-1.690567e-01
5.033415e+00,3.976340e-01,1.461983e+00,1.556969e+00
5.182679e+00,2.127695e+00,2.357953e+00,-9.203319e-01
5.900083e+00,5.492067e+00,4.634963e+00,1.660137e+00
5.252792e+00,5.814915e+00,5.107028e+00,2.130639e+00
4.470485e+00,3.157188e+00,3.433333e+00,-2.394704e+00
1.510302e+00,3.180888e+00,3.524048e+00,-2.099242e+00
2.293317e+00,2.932030e+00,1.950462e+00,-1.890880e+00
3.157011e+00,1.630661e-01,1.923120e+00,-3.563671e-01
2.798276e+00,9.437796e-01,5.764133e+00,1.188905e+00
2.866910e+00,5.391929e+00,1.593578e+00,-1.264619e-01
5.190255e+00,1.001035e+00,3.699016e+00,-7.250225e-02
1.517041e+00,1.966359e+00,1.453447e-03,1.394341e+00
2.634746e+00,2.925728e+00,5.443785e+00,-6.401031e-01
2.952427e+00,3.329666e+00,5.069754e+00,-1.177030e+00
4.921347e+00,3.300496e+00,4.546750e+00,-7.446827e-01
3.682923e+00,2.810039e-02,3.018198e+00,-1.143363e+00
1.493448e+00,5.404679e+00,2.405364e+00,-1.804069e-01
3.472281e+00,4.772686e+00,3.809519e+00,-1.875515e+00
5.426603e+00,2.284928e+00,4.492580e+00,-6.472000e-02
1.948432e+00,5.235045e+00,4.666398e+00,2.757546e-01
4.168638e+00,5.741093e+00,5.782721e-01,1.841545e+00
1.899021e+00,3.733392e-01,3.591706e+00,-6.028741e-01
1.461960e+00,3.629457e+00,5.474079e+00,5.035990e-01
1.304607e+00,2.747427e+00,9.572665e-02,1.055903e+00
5.113660e+00,2.863956e+00,2.409897e-01,1.110717e+00
4.989550e+00,3.588806e+00,2.295191e+00,-1.378548e+00
4.075650e+00,2.479827e+00,3.564041e-01,2.931243e-01
2.006034e+00,4.124193e+00,1.902694e+00,-1.185071e+00
5.268214e+00,8.081763e-01,4.164140e+00,5.874699e-01
5.378173e-01,4.195718e+00,5.689452e+00,1.862745e+00
9.453858e-01,3.286756e+00,1.411728e+00,1.020720e-01
1.074616e+00,2.159386e+00,5.258231e+00,9.881903e-01
2.036436e+00,5.047308e+00,1.792171e+00,-1.808720e-01
5.684712e+00,1.988483e+00,1.520969e+00,7.431787e-01
1.275802e+00,3.184545e-02,2.754189e+00,6.102301e-02
