5.964492e+00,1.203032e+00,3.766512e+00,-4.977077e-01
5.816873e+00,4.730125e+00,4.987603e+00,-6.412451e-01
1.482436e+00,8.433490e-01,3.825192e+00,7.449635e-01
1.113990e-01,2.713076e+00,3.822848e+00,1.406669e-01
3.809398e+00,4.935407e+00,1.510125e+00,4.703528e-02
5.255646e+00,1.092968e+00,5.593230e+00,-1.047618e+00
2.057448e+00,2.651809e+00,9.374332e-01,1.452418e+00
3.661047e+00,4.647703e+00,2.038692e+00,-4.743911e-01
2.187856e+00,3.972820e+00,2.757020e+00,7.536632e-01
9.168819e-01,2.932153e+00,3.867908e+00,8.381388e-01
4.930562e+00,2.594204e+00,8.935333e-01,8.099097e-02
8.245678e-03,2.871200e+00,1.805139e+00,7.785225e-01
3.127340e+00,4.681237e+00,2.518568e+00,6.225651e-01
5.542421e+00,5.903266e+00,5.546115e+00,-3.840730e-01
1.630789e+00,4.368927e+00,5.763903e-01,1.672791e+00
2.246573e+00,4.662622e+00,6.463661e-01,8.578049e-01
7.794271e-01,4.603571e-01,4.319917e+00,3.500986e-01
5.715665e+00,1.074847e+00,1.517383e+00,6.841199e-01
2.172934e+00,3.663036e+00,6.321831e-02,8.234764e-01
4.122072e+00,1.853256e+00,5.353365e+00,-8.591888e-01
6.806895e-01,5.134307e+00,5.632056e+00,4.822524e-01
5.648932e+00,3.067506e+00,4.046298e+00,-6.994679e-01
2.406142e+00,1.284094e+00,2.770558e+00,1.231764e+00
2.788915e+00,3.072210e+00,5.707922e+00,1.676683e-01
8.167780e-01,5.940097e-01,1.456055e+00,1.442122e+00
9.955373e-01,2.918280e+00,3.592605e+00,7.989360e-01
5.191016e+00,3.210074e+00,5.770524e+00,-1.041466e+00
6.439646e-01,1.019840e+00,5.770553e+00,9.837881e-01
4.631353e+00,1.588016e+00,9.688764e-01,-2.424098e-01
3.663625e+00,3.017634e+00,2.619672e+00,-1.144255e-01
1.819703e+00,5.220013e+00,1.091027e+00,1.464386e+00
4.278723e+00,1.315831e+00,3.992927e+00,-7.325927e-01
2.501515e+00,5.633937e+00,5.811586e+00,4.710578e-01
3.175293e+00,4.212385e+00,1.308199e+00,6.559398e-01
2.475957e+00,4.953611e+00,2.127189e+00,9.051760e-01
4.354061e+00,5.801050e+00,3.490979e+00,-1.088139e+00
4.428964e+00,5.525065e+00,4.820720e+00,-1.118632e+00
3.313375e+00,4.099461e+00,5.694013e+00,-4.046790e-01
2.420413e+00,2.394462e+00,4.561631e+00,4.476691e-01
4.792189e+00,2.201818e+00,7.041359e-01,-5.644420e-01
4.573779e+00,5.006734e-01,2.410680e+00,7.944422e-02
4.034507e+00,2.437652e+00,2.232760e+00,8.725388e-03
2.088115e+00,1.231910e+00,3.443887e-01,1.368095e+00
2.837993e+00,5.930916e-01,1.483437e+00,1.104977e+00
5.394203e-01,1.057682e-02,1.923968e+00,1.509203e+00
2.584492e-01,1.852864e+00,3.706664e+00,4.609047e-01
3.619333e+00,5.170327e+00,2.531215e+00,-1.227239e-01
1.886037e-02,5.262446e+00,1.956815e+00,4.729144e-01
1.839550e+00,5.368323e+00,1.886168e+00,1.556126e+00
5.273538e+00,5.025086e+00,5.152305e+00,-1.264797e+00
5.284406e-01,5.463114e+00,5.789501e+00,4.049377e-01
5.505143e+00,8.011560e-01,9.823693e-02,-4.020736e-01
4.799539e+00,1.541859e+00,4.522577e+00,-1.194137e+00
9.902082e-01,5.519866e+00,1.230022e+00,1.621556e+00
1.837481e+00,3.841804e+00,1.086104e+00,1.159202e+00
2.985402e+00,3.242087e+00,1.705330e-01,4.944514e-01
2.156651e+00,1.383668e+00,1.306247e+00,1.782784e+00
6.718813e-01,5.476478e+00,3.773089e+00,5.476645e-01
3.572434e+00,1.195058e+00,1.245063e+00,2.150043e-02
2.134972e+00,4.920804e+00,5.075536e+00,1.789899e-01
1.296032e+00,2.248508e+00,3.971335e+00,8.872828e-01
1.629129e+00,4.785738e+00,1.819563e+00,1.307589e+00
3.214536e+00,2.238112e+00,5.196382e+00,-2.889313e-01
3.527794e+00,3.576247e+00,1.353894e+00,5.716038e-01
7.501862e-01,3.922250e+00,3.968389e+00,2.291827e-01
2.633595e+00,2.968382e+00,3.532189e+00,5.456418e-01
4.420636e+00,3.935294e+00,2.548779e+00,-3.347895e-01
7.946239e-02,8.128474e-02,4.045761e+00,-6.024068e-02
2.546662e+00,2.897397e+00,5.990106e-01,1.297176e+00
4.485087e+00,4.859548e+00,4.335682e+00,-1.254713e+00
1.677286e+00,4.602502e+00,5.090369e+00,3.423054e-01
1.794284e+00,1.299129e+00,2.364794e+00,1.788234e+00
5.121041e-01,7.101760e-01,3.177255e+00,4.936409e-01
2.705214e+00,6.273946e-01,5.151128e+00,2.959435e-01
1.962975e+00,1.459728e-01,4.996823e+00,5.839823e-01
4.438381e+00,2.314755e+00,5.936082e+00,-7.312121e-01
5.505563e+00,4.219079e+00,2.362104e-01,-4.800195e-01
4.429398e+00,1.983158e+00,5.600047e+00,-1.378233e+00
4.197966e+00,1.487461e-01,3.348420e+00,-1.016016e+00
1.593466e-01,6.155719e-02,5.448748e-01,1.004197e+00
1.834484e+00,2.242671e+00,4.899767e+00,6.830957e-01
3.799425e+00,4.797878e+00,5.046198e-01,-7.498249e-02
1.780159e+00,2.629538e+00,4.634523e+00,6.525670e-01
4.056298e+00,3.499257e+00,5.864320e+00,-8.262959e-01
2.468392e+00,4.401926e+00,3.164874e+00,2.948170e-01
5.705642e+00,2.620790e+00,1.841673e+00,3.123243e-01
1.930437e+00,5.832361e-01,2.893462e+00,1.722621e+00
5.239597e-01,5.910428e+00,9.694668e-01,1.058559e+00
2.857758e+00,5.495399e+00,2.413885e+00,4.652929e-01
4.084477e+00,4.108922e+00,3.163976e+00,-6.181700e-01
4.694595e+00,4.297358e+00,1.452271e+00,-2.635242e-01
2.295241e+00,2.331463e+00,3.836228e+00,6.545495e-01
2.105327e+00,5.008205e+00,5.930086e+00,4.049485e-01
5.918233e+00,4.469741e+00,4.831385e+00,-6.926936e-01
1.088082e+00,5.776715e+00,4.198265e+00,4.020630e-01
5.454814e+00,4.538478e+00,4.537797e+00,-1.426164e+00
1.467590e+00,4.241919e-01,6.926493e-01,1.548636e+00
3.073051e+00,5.731901e+00,3.632323e+00,-2.470813e-01
2.437909e+00,3.811924e+00,4.129698e-01,4.993129e-01
4.318577e+00,3.459448e+00,1.290719e+00,2.282811e-03
5.308558e+00,1.890136e+00,3.519172e+00,-3.024851e-01
8.167267e-01,4.704135e+00,5.445578e+00,7.866007e-02
1.449345e+00,9.183381e-01,5.127430e-01,1.615685e+00
3.411441e+00,7.771639e-01,5.640275e+00,-2.440821e-01
5.161291e+00,5.796559e+00,4.495001e+00,-1.398486e+00
4.752801e-01,5.032947e+00,5.222986e+00,-2.271543e-01
2.439138e+00,2.355845e-01,5.174045e+00,1.275268e-01
5.527854e+00,2.607888e+00,4.216898e+00,-1.159227e+00
2.853673e+00,5.178094e-01,2.055409e+00,8.479483e-01
1.404355e+00,3.949429e+00,2.466982e-01,1.028806e+00
1.764203e-01,4.727766e+00,4.203088e+00,-2.828368e-01
5.605400e+00,2.627659e-01,3.215410e+00,-3.130240e-01
3.580281e+00,4.421499e+00,7.710611e-01,1.655370e-01
2.093260e+00,1.130862e+00,5.719195e+00,9.293565e-01
5.429526e-01,1.430591e+00,3.658588e+00,6.862366e-01
7.519892e-01,2.306598e+00,3.967028e+00,4.123522e-01
3.473510e+00,3.669145e+00,1.415691e+00,6.840198e-01
5.542758e+00,3.116719e+00,1.334295e+00,2.370024e-01
5.840879e+00,2.677176e+00,5.805242e+00,-6.580552e-01
1.390885e+00,5.536936e+00,4.537216e+00,5.906168e-01
3.136060e+00,1.176083e+00,4.933161e+00,2.260268e-02
5.457763e+00,2.844619e+00,3.103809e+00,-7.053254e-02
1.548830e+00,4.851392e+00,2.792877e-01,1.188369e+00
4.941041e+00,1.972451e+00,4.573747e+00,-7.642770e-01
5.525978e-01,8.352180e-01,1.017524e+00,1.301245e+00
2.494785e+00,3.045821e+00,2.450933e-01,1.128446e+00
4.488987e+00,3.869235e+00,1.316538e+00,-3.213087e-01
1.467505e+00,1.367524e+00,6.910248e-02,9.609334e-01
4.614089e+00,4.806460e+00,4.819542e+00,-1.664199e+00
3.949796e+00,6.362417e-01,3.494268e+00,-9.026108e-01
1.299929e+00,4.316747e+00,1.471891e+00,1.627831e+00
1.474297e+00,2.690833e-01,2.953468e+00,1.201089e+00
4.576007e+00,1.044139e-01,2.130098e+00,-5.079637e-02
4.686352e+00,4.872779e+00,9.865355e-01,-5.748268e-01
2.973963e+00,5.957749e+00,3.674872e+00,2.354764e-02
4.337291e+00,3.240288e+00,5.101917e+00,-1.277162e+00
7.349071e-01,3.545185e+00,2.818606e-01,1.107815e+00
3.157491e+00,5.522483e+00,3.961048e+00,-8.882463e-02
5.710648e+00,3.177227e+00,1.468569e+00,2.389820e-01
3.421694e+00,3.328097e+00,2.988894e-01,2.666133e-01
3.457130e+00,2.859232e+00,4.494225e+00,-4.299388e-01
5.528373e+00,5.528283e+00,3.016961e+00,-3.448680e-01
9.158013e-01,2.614533e+00,1.054650e+00,1.687375e+00
3.872627e+00,4.539990e+00,3.483505e+00,-8.112954e-01
5.757923e+00,1.078144e+00,2.420826e+00,3.209462e-01
3.299411e+00,3.079418e+00,1.017929e-01,9.550602e-02
1.154863e+00,1.651711e+00,4.043642e+00,7.886573e-01
7.173284e-02,5.891925e+00,3.417574e+00,-2.222960e-01
2.199354e-01,1.591326e+00,3.752624e-01,4.902533e-01
4.126440e+00,1.967857e+00,4.674841e+00,-1.319348e+00
4.296830e+00,5.393897e+00,1.154280e+00,-3.818184e-01
1.263731e+00,2.912145e+00,4.234335e+00,4.729180e-01
5.659086e+00,3.158730e-02,2.965861e+00,-3.784952e-01
4.641295e-01,9.290674e-01,3.837662e+00,1.848275e-01
4.082491e+00,5.749058e+00,5.042743e+00,-1.269600e+00
3.142793e+00,2.477222e+00,2.572438e+00,6.470097e-01
2.537243e+00,5.583436e+00,1.128959e+00,9.570098e-01
5.227965e+00,5.948663e+00,2.128513e+00,-5.999936e-02
4.554840e+00,2.401120e-01,5.674088e+00,-9.636362e-01
3.207757e+00,5.995827e+00,3.206744e+00,9.636382e-02
4.090331e+00,5.093005e-01,1.202794e+00,-5.831267e-02
4.166493e+00,1.081211e+00,4.082539e+00,-9.115196e-01
1.820529e+00,7.662125e-01,4.669541e+00,9.503938e-01
5.732581e+00,4.757003e+00,1.065860e+00,4.558366e-02
4.186281e+00,6.793403e-01,3.155758e+00,-5.760659e-01
2.511949e+00,7.288935e-01,1.967540e-02,1.268888e+00
4.269061e+00,1.882009e-01,4.169456e-01,-3.789092e-01
5.035300e+00,1.706142e+00,3.851603e+00,-6.923678e-01
2.404468e+00,1.424270e+00,6.056369e-01,1.290812e+00
6.763022e-02,3.878259e+00,4.988661e+00,-3.702212e-01
1.582357e+00,4.488013e+00,1.214572e+00,1.354621e+00
5.410179e+00,3.515845e+00,2.396301e+00,1.552515e-01
5.576741e+00,2.905908e+00,4.273176e+00,-7.071382e-01
5.688418e+00,4.348021e+00,4.244504e+00,-1.165982e+00
1.659633e+00,3.201058e+00,1.204247e+00,1.570274e+00
3.173697e+00,1.697501e+00,4.226862e+00,-3.282384e-01
4.117874e+00,4.736947e+00,2.211462e+00,2.029283e-01
5.509974e+00,1.381472e+00,4.781095e+00,-6.967081e-01
1.712631e+00,2.646420e+00,5.012267e+00,3.897749e-01
3.533915e+00,2.667326e+00,1.230850e+00,5.527202e-01
1.644432e+00,2.667396e+00,3.381399e+00,9.563664e-01
1.754959e+00,5.120099e-01,3.087596e+00,1.381296e+00
5.179388e+00,2.609103e+00,2.064822e+00,-1.184753e-01
2.949370e+00,4.683475e+00,4.974594e+00,-6.134500e-01
5.615516e+00,1.280198e+00,5.110272e+00,-6.633464e-01
3.567887e+00,1.488631e+00,2.402393e+00,4.438449e-01
2.732054e+00,2.695983e+00,4.807690e+00,8.059696e-02
8.839451e-02,4.884138e+00,2.701969e+00,1.599590e-01
5.196900e+00,3.007403e+00,2.472540e+00,-3.749381e-01
8.068410e-01,2.622787e+00,1.972022e+00,1.388704e+00
2.824632e+00,4.438498e+00,1.056496e+00,7.952066e-01
1.270004e+00,5.600187e+00,1.137669e+00,1.375377e+00
7.430049e-01,9.220306e-01,2.856094e+00,1.251479e+00
1.116460e+00,1.388957e+00,4.603380e-01,1.472172e+00
3.768159e+00,2.348466e+00,5.544770e+00,-9.396893e-01
1.338294e-01,2.199834e+00,6.558888e-01,9.905360e-01
4.061021e+00,2.343817e+00,5.345708e+00,-1.074760e+00
6.944914e-01,3.364039e+00,2.608765e+00,1.139029e+00
4.366463e+00,4.589599e+00,2.219858e+00,-6.377104e-02
1.943876e+00,2.240853e+00,5.712517e+00,9.440054e-01
