4.070797e+00,1.242803e-01,4.849583e+00,3.275178e+00
1.197656e+00,2.200412e-01,4.645532e+00,7.814803e+00
1.003325e+00,1.508269e+00,2.846119e+00,2.337770e-02
2.727390e+00,1.500219e+00,4.976313e+00,1.753828e+00
1.140164e+00,2.915461e+00,1.215839e+00,5.370630e+00
1.772438e+00,2.414051e+00,3.491806e+00,-6.548412e-01
1.184884e+00,4.264751e+00,1.643278e+00,3.689055e+00
3.478678e-01,3.840744e-01,1.464793e+00,7.306209e+00
3.927916e+00,4.263269e+00,1.384142e-01,4.758741e+00
1.409774e+00,2.484391e+00,3.482374e+00,3.902729e+00
5.321309e-01,3.522834e+00,4.539179e+00,1.268306e-02
4.016439e+00,1.729229e+00,3.630654e+00,7.965481e-01
1.799618e+00,1.169755e+00,4.693681e+00,6.286633e+00
2.633310e+00,1.817187e-01,4.461354e+00,6.539564e-01
2.922181e-01,1.529396e+00,3.708824e+00,4.451348e+00
4.451860e+00,3.505093e+00,1.125176e+00,4.614890e-01
3.769596e+00,4.258344e+00,3.157318e+00,2.548926e+00
4.510377e+00,4.201131e+00,3.757449e+00,9.853783e-01
4.482867e-01,4.862480e+00,4.908803e+00,3.331915e+00
2.967508e+00,3.240504e+00,4.827544e+00,6.009673e+00
2.375686e+00,4.971772e+00,1.582518e+00,4.627343e+00
2.499408e+00,7.965980e-01,1.219298e+00,2.819899e+00
1.698355e-01,1.377526e+00,2.379674e+00,-1.043704e-02
2.127453e+00,1.949465e+00,2.754099e+00,1.721508e+00
1.727718e-01,2.645277e+00,4.578840e+00,-6.258255e-02
3.341162e+00,4.116400e+00,2.510721e+00,2.802016e+00
2.720574e+00,1.476744e+00,3.422520e+00,6.191384e-01
3.876839e-01,4.554708e+00,8.626486e-01,1.953638e+00
3.273217e+00,1.214281e+00,2.468280e+00,7.792485e-02
4.382546e+00,2.527578e+00,1.035049e+00,2.913058e+00
4.465504e+00,1.843156e-01,2.474937e+00,5.043525e+00
1.248102e+00,1.145977e+00,2.444241e+00,2.884203e-01
6.207872e-01,4.747170e+00,4.326771e+00,-3.526643e-01
3.289559e+00,6.622527e-01,2.568978e+00,-3.309126e+00
2.236881e+00,3.377511e+00,6.643330e-01,6.801383e+00
4.292012e+00,1.308626e+00,1.070091e-01,1.273897e+00
7.897899e-01,1.016236e+00,3.950409e+00,3.553788e+00
4.369668e+00,4.009003e+00,4.416707e-02,1.201932e+00
6.079007e-01,1.274178e+00,4.857681e+00,3.145443e+00
1.947012e+00,8.193417e-02,3.412582e+00,-3.299139e+00
1.062665e+00,3.367731e+00,4.606699e+00,6.984998e+00
5.998847e-01,1.555104e+00,3.778354e+00,3.614886e+00
3.223641e+00,4.312122e+00,1.485625e+00,1.307236e+00
1.926610e-01,1.575493e+00,4.543362e+00,1.121037e+00
2.155643e+00,5.379568e-01,3.483777e+00,3.466632e-01
1.170322e+00,2.367214e+00,1.578756e+00,3.943409e+00
9.828676e-01,4.499163e+00,3.032412e+00,3.011999e+00
1.115371e+00,3.521909e-01,1.067283e+00,-9.006942e-01
1.423032e+00,4.988130e+00,7.396848e-02,6.190298e+00
1.020926e+00,4.927636e+00,8.068662e-01,6.646483e-01
7.141119e-02,2.178749e+00,5.835330e-01,3.948262e+00
1.657134e+00,1.736502e+00,1.015527e+00,2.710374e+00
3.519422e+00,1.875920e+00,4.772770e-01,-8.336209e-01
3.428668e+00,1.022286e+00,4.882475e+00,3.219075e+00
4.274059e+00,7.646886e-01,2.553117e+00,3.504546e+00
2.963876e+00,1.232886e+00,1.253913e+00,5.406484e-01
7.005776e-01,4.598661e+00,8.746164e-01,7.519159e-01
3.353394e+00,1.928495e+00,4.164728e+00,3.269694e+00
8.663784e-01,4.436525e+00,4.393054e+00,1.736805e+00
4.485766e-01,1.062326e+00,4.162492e+00,2.474727e+00
2.402491e+00,3.314129e+00,1.681689e+00,6.501688e+00
2.700391e+00,3.242346e+00,4.270422e+00,4.473713e+00
4.672266e-01,2.188936e+00,1.470688e+00,3.091756e+00
2.348267e+00,5.002326e-01,2.362884e+00,2.874888e+00
3.729304e+00,3.865707e+00,1.016765e+00,3.265414e+00
4.887005e+00,4.626174e+00,3.897420e+00,1.716693e+00
6.150192e-01,1.198337e+00,2.217733e+00,1.712907e+00
3.159657e+00,4.646166e+00,4.770716e+00,-3.113928e+00
2.217722e+00,2.904826e+00,1.381978e+00,2.475809e+00
4.762386e-02,4.694557e+00,6.540979e-01,9.594609e-01
1.350503e+00,1.032031e+00,4.596798e+00,1.564295e+00
9.495717e-01,1.208509e+00,3.299843e+00,-8.312474e-01
2.848155e+00,3.312489e-01,2.656721e+00,1.498725e+00
3.348058e+00,3.137210e-01,2.169760e+00,3.365021e+00
1.174431e+00,4.736075e+00,3.327247e+00,5.628407e+00
2.069963e+00,2.854705e+00,1.770596e+00,-3.176267e+00
4.997474e-01,3.775370e-04,1.075392e+00,-1.927917e+00
2.975800e+00,4.214583e+00,2.159456e+00,2.386952e-01
1.879264e+00,2.775622e+00,3.490975e+00,4.696091e+00
3.592896e+00,1.798220e+00,2.502162e+00,5.096363e+00
8.280557e-01,3.826292e+00,2.311524e+00,3.071341e+00
4.741279e+00,1.954483e+00,9.229278e-01,3.167664e+00
4.000357e+00,1.795103e+00,2.843365e-01,3.111953e-01
3.626655e+00,3.596452e+00,1.372100e+00,2.447959e+00
4.913072e+00,2.907053e+00,4.912009e+00,4.459884e+00
7.744200e-01,3.041121e+00,2.045667e+00,-4.557212e+00
3.544857e+00,2.058874e+00,3.576762e+00,4.109546e+00
2.334352e+00,1.532771e+00,2.796166e+00,1.039583e+00
3.850273e+00,9.223790e-01,2.509630e+00,-3.978052e-01
2.846170e+00,5.833826e-01,3.529248e+00,2.187332e+00
1.259164e+00,1.372437e+00,1.759805e+00,4.363453e+00
1.271515e+00,6.102318e-01,7.224682e-01,-2.302147e+00
8.233354e-01,1.425072e+00,4.983736e+00,2.684125e+00
2.988799e+00,1.759373e+00,7.915016e-01,5.617786e+00
2.984166e+00,3.235879e+00,2.565556e+00,3.013586e+00
2.514581e+00,4.780066e+00,3.951167e+00,2.147383e+00
3.302696e-01,4.113167e+00,4.037303e+00,2.220274e+00
1.011768e+00,4.442747e-01,1.751563e+00,3.664109e+00
2.845562e+00,1.545958e+00,1.015455e+00,-1.225189e+00
1.890658e+00,3.255393e+00,2.651024e+00,3.571945e+00
2.794843e+00,8.765694e-01,2.344813e+00,1.140705e-01
3.773860e+00,1.784567e+00,2.820866e-01,2.181416e+00
4.977525e+00,2.720826e+00,1.823388e+00,7.437909e+00
2.702331e+00,2.999317e+00,4.790136e+00,3.052570e+00
4.653453e-01,4.480332e+00,2.437444e+00,1.624332e+00
1.610378e+00,3.380301e+00,3.810768e+00,4.707997e+00
9.613698e-01,6.944254e-02,4.408167e+00,7.724732e+00
2.966389e+00,1.605650e+00,2.272003e+00,2.101664e+00
2.487504e+00,4.858465e+00,2.117277e+00,8.087600e+00
5.554260e-01,2.025586e+00,2.907206e+00,3.157826e+00
3.298707e+00,3.371584e+00,1.072037e+00,3.120766e+00
1.892895e-01,3.460960e+00,4.235329e+00,8.125832e-01
4.726865e+00,1.453891e+00,1.097237e+00,4.178663e+00
4.471117e+00,4.044927e+00,2.296799e+00,1.603287e+00
1.724025e+00,4.534785e+00,9.838715e-02,4.172316e+00
3.390172e+00,1.549953e-01,1.390486e-01,5.826033e+00
2.516604e+00,3.358616e+00,4.394163e+00,-2.835627e+00
3.176241e+00,2.142945e+00,1.863368e+00,1.232325e+00
1.765515e+00,2.155867e+00,3.874428e+00,2.352216e+00
1.118837e+00,2.371219e+00,4.200918e+00,2.252930e+00
1.167500e+00,7.388777e-03,4.729866e+00,3.049882e+00
2.480240e+00,2.730325e+00,2.097674e+00,2.256448e+00
1.000411e-01,2.642534e+00,3.519080e+00,9.160458e-01
3.065933e+00,4.613817e+00,2.002535e+00,1.515580e+00
4.979341e+00,4.402093e+00,1.201835e+00,-2.168038e-01
4.645976e-01,1.747969e+00,3.456207e+00,5.914246e+00
1.248421e+00,4.777485e+00,4.131626e+00,1.606643e+00
2.587411e+00,3.040276e+00,2.985979e+00,2.439741e+00
1.521701e+00,4.131692e+00,6.413952e-01,5.587105e+00
1.682822e+00,1.743026e-01,9.015978e-01,-1.976908e+00
3.796362e+00,2.673767e+00,1.668286e+00,3.873730e+00
3.072935e+00,5.023994e-01,4.039177e+00,1.045329e+00
3.282574e+00,1.048834e+00,3.671157e+00,1.417642e+00
3.334533e+00,4.928763e+00,3.193837e+00,3.804603e-01
1.418782e+00,4.527459e+00,2.700870e+00,2.788419e+00
8.850046e-03,3.466350e-01,2.749634e+00,2.458733e+00
9.386489e-01,3.028751e+00,3.997487e-02,1.617691e+00
3.828211e+00,1.457445e+00,2.700437e+00,2.805944e+00
9.666944e-01,2.430712e+00,4.308856e+00,1.181071e+00
2.148397e+00,1.769408e+00,1.754717e+00,4.706940e+00
1.072552e+00,3.335892e+00,1.108119e+00,9.331872e-01
4.809267e+00,4.884765e+00,3.384463e+00,1.333962e+00
3.684632e+00,2.554117e+00,2.067208e+00,2.916166e+00
2.839661e-01,4.216444e-01,2.220098e+00,3.478406e+00
3.379634e+00,4.486206e+00,4.089495e+00,3.131569e-02
2.762698e+00,9.379179e-01,2.112226e+00,1.561412e+00
1.481336e+00,2.807468e+00,4.450651e+00,1.633833e+00
8.749680e-01,2.447625e+00,2.682250e+00,2.132370e+00
4.204001e+00,2.866588e+00,2.478318e+00,-5.373215e-01
7.693305e-01,6.905901e-01,3.725141e+00,2.188252e+00
2.944912e+00,4.291843e+00,2.287034e+00,2.513684e+00
1.612342e+00,3.549936e+00,1.651639e+00,2.678888e+00
1.088026e+00,2.577090e+00,4.123640e+00,-3.582306e-01
8.836315e-01,4.440210e+00,3.640457e+00,2.652975e+00
2.150942e+00,1.405706e+00,1.123038e-01,1.623744e+00
1.439914e+00,2.752060e+00,2.479417e+00,7.214989e+00
3.531045e-01,4.509401e+00,5.591744e-01,9.009165e-01
2.790560e+00,4.219231e+00,2.282908e+00,1.277179e+00
7.573459e-01,1.512928e+00,3.896117e+00,5.140103e+00
3.407735e+00,2.215134e+00,4.665268e+00,2.417635e+00
4.223410e+00,8.792337e-01,1.319774e+00,2.520842e+00
2.150576e+00,2.115132e+00,1.965987e+00,4.666678e+00
4.691712e+00,1.077738e+00,4.150460e+00,-1.093107e+00
1.425381e+00,3.068104e+00,3.633717e+00,1.982564e+00
3.702967e+00,3.865794e+00,2.826085e+00,1.631414e+00
1.130854e+00,1.089298e-02,4.886745e+00,-1.602115e+00
3.485262e+00,1.023645e+00,4.726844e+00,2.509759e+00
4.596021e+00,4.540561e+00,2.625885e+00,-3.188774e-01
1.577573e+00,4.883531e+00,2.934183e+00,1.749790e+00
4.642146e+00,1.153596e+00,4.705684e+00,3.616713e+00
2.925855e+00,1.997306e+00,2.128168e+00,-1.157289e+00
1.506266e+00,1.334645e+00,2.311795e+00,-1.474746e-01
4.611051e+00,3.044946e+00,3.821033e+00,1.390625e+00
6.369651e-01,2.426021e+00,4.721678e+00,3.499941e-01
4.284586e+00,4.576842e+00,4.361911e+00,-3.244288e-01
2.541781e+00,3.512189e+00,4.623101e+00,-4.471915e-01
2.344697e+00,1.314304e+00,4.282851e+00,4.402634e+00
6.613210e-01,3.727622e+00,4.671448e+00,4.540050e+00
1.103258e-01,7.508221e-01,1.403089e-01,4.491625e+00
2.982359e+00,1.674186e+00,4.405805e+00,2.065915e+00
2.475780e+00,1.702335e+00,4.855961e+00,3.586757e+00
4.864613e+00,1.297135e+00,3.612814e+00,1.899789e+00
2.595984e+00,3.603099e+00,2.315166e+00,-2.912007e-01
1.842395e+00,3.686376e+00,1.971714e+00,4.640035e+00
2.183394e+00,2.086315e+00,1.099985e+00,2.262146e+00
6.957541e-01,4.295861e+00,4.593150e+00,1.616242e+00
4.177874e+00,4.168357e+00,3.556808e+00,8.979097e-01
2.403977e+00,1.737885e+00,2.137109e+00,-3.518003e-01
2.525404e-01,1.323529e+00,1.281510e+00,2.856348e+00
4.909494e+00,9.148812e-02,4.861486e+00,2.511128e+00
1.022832e+00,3.408795e+00,9.190141e-01,2.280817e+00
3.648087e+00,2.065324e+00,3.362570e+00,-2.057779e+00
2.353502e+00,3.386699e+00,4.771846e+00,3.736703e+00
2.551764e+00,3.718032e+00,4.359392e-01,5.381723e+00
3.720821e+00,1.836535e+00,4.299556e+00,7.679925e-01
3.790390e+00,5.966964e-01,3.926041e+00,-2.862900e-01
2.242371e+00,4.564712e+00,3.288839e-01,3.869739e-01
3.543185e+00,1.122798e+00,1.677872e+00,4.137719e+00
9.631831e-01,1.627358e+00,1.091094e+00,8.134040e-01
2.360158e-01,2.201371e+00,4.783492e+00,3.151709e+00
