1.495394e-01,2.580978e+00,1.110631e+00,2.247629e+01
3.082026e+00,1.518403e+00,2.449032e+00,1.426396e+00
4.650062e+00,1.902561e+00,2.330086e+00,3.987540e+00
3.459667e+00,1.313340e+00,2.496913e+00,4.929382e+00
3.088840e+00,3.024845e+00,2.246772e-01,-1.263772e+01
1.707083e+00,1.453286e+00,4.841908e+00,3.273025e+01
3.367361e+00,2.553556e-01,3.282819e+00,6.033898e+00
9.073795e-01,2.838116e+00,2.081072e+00,2.855072e+00
2.208223e+00,4.124077e+00,3.108121e+00,8.095618e+00
2.472783e+00,1.749109e+00,4.261475e+00,2.134138e+01
2.432812e+00,4.114320e+00,3.956773e+00,1.493445e+01
2.620273e-01,2.717577e+00,4.351760e+00,2.330953e+01
8.679921e-01,2.215903e+00,9.553807e-01,3.803158e+00
4.305078e+00,3.567717e+00,2.736235e-01,-3.787747e+00
2.796598e-01,2.391591e+00,4.581273e+00,2.586882e+01
1.145950e+00,4.790494e+00,2.147585e+00,2.414146e+01
4.801060e+00,4.322091e+00,4.903884e-01,6.613881e+00
1.246855e+00,5.812557e-01,3.071610e+00,1.701519e+01
2.542998e+00,3.118137e+00,2.502361e-01,-9.800517e+00
2.233933e+00,4.699937e+00,2.294602e+00,3.427823e+01
4.913754e+00,3.487325e+00,3.486531e+00,2.689790e+01
1.784287e+00,1.004143e+00,4.385820e+00,1.215675e+01
2.684957e+00,9.365238e-03,2.373553e+00,1.717156e+01
2.578474e+00,2.982632e+00,2.480001e+00,3.726659e+00
4.075744e+00,4.258515e+00,4.025404e+00,-3.438259e-01
2.988105e+00,1.641479e+00,2.600542e-01,-8.346427e+00
3.873763e+00,2.741473e+00,2.742898e+00,1.396598e+01
3.847274e+00,4.715545e+00,1.211195e+00,3.604860e+00
2.577480e+00,3.137229e+00,3.064069e+00,1.424327e+01
1.097822e+00,8.135358e-01,3.801160e+00,3.651251e+01
3.618211e-01,4.265500e+00,3.297752e-01,1.861538e+01
8.927785e-01,4.075084e+00,1.752934e+00,1.237252e+01
3.327711e-01,3.240117e+00,3.019887e-01,-7.981725e+00
8.001150e-01,1.133566e+00,6.024524e-01,-7.940097e+00
4.149678e-01,1.505739e-01,3.995089e+00,3.249060e+01
7.348253e-01,4.901664e+00,3.607463e+00,3.368662e+01
2.150197e+00,1.314942e+00,3.270108e+00,-1.855696e+01
4.762777e+00,4.963471e+00,2.643477e+00,2.430297e+01
4.692823e+00,1.491263e+00,1.001677e+00,-1.319010e+00
2.422061e+00,4.037491e-01,2.793682e-01,7.965017e+00
1.195131e+00,3.707659e+00,3.356498e+00,1.943895e+01
8.644235e-01,4.927913e+00,3.648475e+00,7.830362e+00
4.334993e+00,1.917056e+00,3.660378e+00,2.719197e+01
8.675016e-01,4.210796e+00,1.231818e+00,5.455250e+00
3.002996e+00,2.397272e+00,3.268127e-02,9.070962e+00
3.665293e+00,7.444411e-01,1.775110e+00,1.949688e+01
3.182245e+00,2.938110e+00,3.309741e+00,1.589463e+01
1.185822e+00,4.833859e+00,2.394774e+00,5.864601e+00
5.849172e-01,1.685946e+00,1.708964e+00,-8.831821e+00
1.754187e+00,4.237381e+00,2.714263e+00,-2.577694e+00
2.536473e+00,3.494826e+00,2.155609e+00,6.874798e+00
2.996443e+00,1.978282e+00,1.685004e+00,-4.052244e+00
1.945110e+00,4.332366e+00,3.491578e+00,7.781495e+00
2.897042e+00,4.892374e+00,7.229105e-01,-1.465568e-01
4.280912e+00,6.826008e-01,3.475705e+00,2.927827e+01
2.471808e+00,3.417245e+00,2.014288e-01,6.731934e-01
3.033562e+00,2.252530e+00,1.624415e-01,9.825559e-01
3.632521e-01,4.815517e+00,2.981571e+00,1.520101e+01
1.706439e+00,1.791748e+00,1.578083e+00,-1.707968e+01
1.255669e-01,1.861055e+00,4.176611e+00,2.459671e+01
3.620329e+00,1.739955e+00,4.324219e+00,1.578376e+01
2.599219e-01,8.762615e-01,4.981006e+00,2.440825e+01
1.526215e-01,1.021083e+00,4.065413e+00,3.018609e+01
4.183844e+00,2.620586e+00,1.081572e+00,1.139926e+01
2.570248e+00,2.974443e+00,2.795295e+00,6.337661e+00
1.283657e+00,4.344840e-01,3.064330e+00,1.470834e+01
4.029159e-01,3.697353e+00,2.263776e+00,6.669577e+00
3.220638e+00,4.658917e+00,1.690200e+00,-2.266316e+00
2.203477e+00,2.393390e+00,4.550502e+00,4.816516e+01
2.919219e+00,1.280138e+00,1.173542e+00,9.092764e+00
3.138445e+00,3.002368e+00,3.987478e+00,7.470238e+00
3.896967e-01,1.721242e+00,5.370596e-01,-1.469105e+01
1.098743e+00,4.404994e+00,1.273761e+00,-2.808592e+00
3.706684e+00,4.604173e+00,3.102253e+00,-8.821504e-01
2.806210e+00,2.572513e+00,6.141928e-01,1.055149e+01
4.413815e+00,3.364708e+00,2.335909e-01,5.752806e+00
1.160979e+00,4.703318e+00,3.603439e+00,1.830901e+00
4.654698e+00,3.852981e+00,4.411858e+00,3.398612e+01
3.689365e+00,3.188130e+00,8.510697e-01,-4.912763e+00
4.162795e+00,1.070999e+00,1.438935e+00,-3.140917e+00
2.923163e+00,1.855279e+00,9.793933e-02,2.312815e+01
1.007819e+00,3.240194e+00,1.880439e+00,1.156636e+01
8.531464e-01,2.226568e+00,3.963529e+00,1.095514e+01
1.905057e+00,1.597107e-01,2.724023e+00,-1.116468e+00
2.288871e+00,3.718490e+00,1.563339e+00,-7.855217e+00
2.830176e+00,4.421237e+00,4.261305e+00,2.417009e+01
2.489146e+00,9.622824e-01,2.758608e+00,8.570143e+00
3.303590e+00,2.663183e+00,6.660864e-02,-8.143934e-01
2.851143e+00,3.635295e+00,1.793401e+00,1.261543e+01
1.436101e+00,3.469014e+00,2.010745e+00,5.212968e+00
1.554160e+00,4.433508e+00,1.489605e-01,1.268444e+01
1.545131e+00,2.364942e+00,4.033605e+00,1.458554e+01
6.625313e-02,4.759108e+00,1.380338e+00,5.545512e+00
4.824491e+00,3.165890e+00,2.546996e-01,2.179523e+01
9.249401e-02,4.675075e+00,3.823262e+00,1.670879e+01
3.098245e+00,3.690315e+00,1.119642e+00,-1.271271e+00
4.917647e+00,3.443875e-01,1.321919e+00,8.073578e+00
2.001019e+00,4.192600e+00,8.874577e-01,-1.113184e+01
2.856274e+00,5.489968e-01,8.120602e-01,1.046320e+00
2.174849e+00,2.328412e+00,3.945480e+00,1.012303e+01
4.009798e+00,4.489981e+00,2.483411e+00,1.437949e+01
5.310298e-01,3.380396e+00,3.642839e-01,-3.766073e+00
4.842978e+00,3.079649e+00,3.901199e+00,7.038943e+00
1.645880e+00,1.930997e+00,1.867041e+00,1.154308e+01
5.284180e-01,6.424852e-01,4.231119e+00,1.013384e+01
2.586121e+00,3.268785e+00,4.809319e+00,1.770115e+01
4.503476e+00,2.025645e+00,4.341480e+00,3.400587e+01
2.400130e+00,1.839427e+00,2.842874e+00,-2.771098e+00
1.340186e+00,1.411455e+00,1.628198e+00,9.682481e+00
3.928060e+00,2.497392e-01,1.582798e+00,3.855334e+00
2.600989e+00,2.556589e+00,3.992302e+00,1.661010e+01
4.573093e+00,2.900630e+00,1.461011e+00,1.852997e+00
2.133080e+00,3.525765e+00,2.291962e+00,7.998415e+00
1.927119e+00,1.416547e+00,4.392864e+00,2.339349e+01
6.403635e-01,2.634661e+00,2.639079e+00,6.815900e+00
2.834088e+00,1.290798e+00,5.140834e-01,1.456356e+01
2.092472e+00,4.305580e+00,4.089247e+00,2.490507e+01
3.185162e+00,2.524035e+00,4.837973e+00,2.688321e+01
2.807582e+00,3.311086e+00,3.240580e+00,1.341134e+01
4.706780e+00,4.999296e+00,4.385882e+00,3.857077e+01
2.380780e+00,9.990748e-01,8.624238e-01,2.015753e+00
4.127220e+00,9.855205e-01,4.243603e+00,-5.662487e-01
1.374043e+00,4.324929e+00,1.267010e+00,8.885074e+00
1.460304e+00,4.981383e+00,4.904443e+00,3.007195e+01
1.713088e+00,2.015907e+00,3.871917e+00,2.698988e+01
1.977050e-01,1.268025e+00,2.772746e+00,2.827361e+00
2.251359e+00,9.806916e-01,8.515124e-02,-1.306860e+01
4.776378e+00,7.330788e-01,3.946858e+00,-4.352625e+00
2.647308e+00,3.044016e+00,3.744916e+00,1.486602e+01
1.772885e+00,4.622176e+00,2.320178e+00,8.485212e+00
3.511893e+00,1.537025e+00,4.257938e+00,1.847200e+01
3.020572e+00,1.447229e+00,3.860798e+00,2.811643e+01
3.713317e+00,1.162654e+00,8.374156e-01,-1.745242e+00
4.711096e+00,7.779669e-01,4.675554e-01,-7.594012e+00
1.409505e+00,2.855038e+00,3.227106e+00,-2.674313e+00
1.072536e+00,1.176451e+00,3.835030e+00,1.652692e+01
1.890891e+00,1.497960e+00,4.476601e+00,1.191679e+01
6.171043e-01,1.862389e+00,1.668926e+00,1.075706e+01
4.269854e+00,4.628502e+00,1.440995e+00,2.216431e+01
9.015418e-01,2.826536e+00,1.176733e+00,1.490409e+01
3.122027e+00,2.032223e+00,4.167856e+00,6.631801e+00
4.493702e+00,4.170551e+00,2.452710e+00,-7.175199e+00
4.596692e+00,2.069466e+00,4.505300e+00,2.122115e+01
2.979620e+00,4.921419e+00,4.508137e+00,1.164665e+01
4.058274e-01,4.232242e+00,3.318643e+00,1.391080e+01
1.891411e+00,2.655332e+00,2.713730e+00,1.888897e+01
4.185496e+00,4.414421e+00,3.343269e+00,2.695103e+01
4.955687e+00,9.172350e-02,2.808801e+00,1.274048e+01
3.466250e+00,3.120947e+00,3.500507e+00,2.140236e+01
3.962200e+00,2.165133e+00,4.306607e+00,1.000889e+01
4.918048e+00,4.583183e-01,2.372635e+00,1.275478e+00
2.897050e+00,3.154692e+00,1.941432e+00,2.040811e+01
4.536871e+00,4.236563e+00,4.524561e+00,1.940309e+01
1.685218e+00,3.746453e+00,9.206081e-01,5.660988e+00
4.250711e+00,4.716154e+00,1.015761e+00,-4.029421e+00
4.694976e+00,3.001029e+00,2.036426e+00,4.781423e+00
4.222932e-01,3.864713e+00,2.892240e+00,1.558720e+01
3.205083e+00,2.549313e+00,7.884015e-01,-1.246848e+01
3.425380e+00,4.497387e+00,6.431081e-01,-1.022721e+01
3.041239e+00,4.920116e+00,4.477774e+00,3.277154e+01
4.887572e+00,1.125263e+00,4.910797e+00,4.504755e+01
2.071307e-02,3.774156e-01,4.608464e+00,2.925822e+01
1.690174e+00,1.246687e+00,2.165334e+00,1.124442e+01
3.689708e+00,2.722729e+00,5.315659e-01,-1.638520e+01
1.832891e+00,3.219327e+00,2.256194e+00,1.303211e+01
4.902729e+00,5.736450e-01,8.341761e-01,-1.841148e+00
6.516695e-01,2.041282e+00,4.655492e+00,3.423848e+01
8.788741e-02,4.215696e+00,2.030913e+00,1.318660e+01
1.576900e+00,4.684970e+00,2.674311e+00,2.751599e+00
3.251379e-01,2.037274e+00,4.279814e+00,1.045283e+01
4.538792e+00,1.052258e+00,4.365114e+00,2.698432e+01
6.069478e-01,2.482586e+00,2.914118e+00,1.493263e+01
1.835331e+00,1.096051e+00,3.136430e-01,-7.727550e+00
4.287814e+00,3.622704e+00,4.764370e+00,2.398153e+01
1.246071e+00,2.197776e+00,3.144852e+00,7.210801e+00
1.915744e+00,3.865835e+00,1.519745e+00,7.259182e+00
1.691885e-01,1.525712e+00,3.212191e+00,2.853474e+01
2.990909e+00,4.379946e+00,2.858912e+00,1.699631e+01
5.353295e-01,2.508003e+00,3.747275e+00,1.580705e+01
3.250370e+00,2.423361e+00,3.264434e+00,-7.771591e+00
3.793573e+00,2.683294e+00,2.924597e-02,1.609549e+01
8.248499e-01,1.437871e+00,4.435254e+00,1.541611e+01
4.777483e+00,4.400716e+00,2.373686e+00,1.677312e+01
4.256698e+00,4.495975e+00,3.356522e+00,2.000390e+01
4.078330e+00,4.296232e+00,4.847254e+00,1.538509e+01
3.697967e+00,3.265001e+00,1.267338e+00,1.887941e+01
8.145723e-01,1.822169e+00,1.651915e+00,5.756200e+00
1.169604e+00,1.260104e+00,3.424383e+00,4.718634e+00
3.271479e+00,4.021204e+00,3.196129e+00,1.348569e+01
1.168665e+00,2.315797e+00,7.096971e-01,-7.226752e-01
2.782266e+00,1.870512e+00,3.130427e+00,2.470789e+01
9.318543e-01,3.753537e+00,1.010217e-01,1.451329e+01
3.643117e+00,8.303226e-01,2.651005e+00,8.938546e+00
8.510291e-01,3.770266e+00,2.393805e+00,5.057484e+00
1.730081e+00,1.216548e+00,2.652599e+00,1.604462e+01
8.032436e-01,8.823404e-01,2.080525e+00,-1.309141e+00
2.932940e-02,3.221231e+00,2.206244e-01,1.295804e+01
2.262476e+00,4.736846e+00,1.959323e+00,6.621879e+00
9.736720e-01,9.730948e-01,1.898772e+00,-2.345108e-01
2.789908e+00,6.252929e-01,3.485978e+00,1.647633e+01
