4.156856e+00,2.817859e+00,8.679894e-01
4.163734e+00,2.780211e+00,2.797388e-01
1.250706e+00,1.521519e+00,8.891959e-01
3.547380e+00,2.336869e+00,6.346268e-01
1.298781e+00,4.274320e+00,6.170842e-01
2.250389e+00,3.734524e+00,1.797561e-01
1.471521e+00,2.009049e+00,5.885153e-01
4.254051e+00,4.693572e+00,5.880648e-01
1.064495e+00,4.272307e+00,1.515243e+00
3.511650e+00,1.527241e+00,9.950261e-02
4.116565e+00,1.972460e+00,9.582554e-01
4.094692e+00,3.945137e+00,1.215136e+00
1.701894e+00,4.487291e+00,-3.572087e-01
2.992629e+00,4.198522e+00,-1.077069e-01
4.867375e+00,4.401262e+00,-5.000320e-02
3.435892e+00,2.988850e+00,6.273440e-01
3.854038e+00,3.238361e+00,4.454553e-01
1.683814e+00,2.104973e+00,-1.241296e-01
1.215817e+00,3.185039e+00,3.449430e-01
2.006183e+00,1.113637e+00,7.177642e-02
3.237176e+00,3.586979e+00,1.781880e-01
1.368006e+00,3.418823e+00,8.331926e-01
2.565656e+00,2.887588e+00,-3.806963e-01
3.469001e+00,1.599077e+00,8.026211e-01
3.661058e+00,1.350854e+00,5.683295e-01
2.889026e+00,3.515479e+00,4.444815e-01
4.032621e+00,2.338631e+00,5.609088e-01
4.283102e+00,2.677531e+00,8.977826e-02
4.253212e+00,1.290523e+00,8.458097e-01
1.558297e+00,4.004134e+00,8.522717e-02
1.935174e+00,3.953137e+00,-2.998641e-01
1.774561e+00,3.709291e+00,-4.072074e-03
4.220293e+00,4.796217e+00,1.111032e+00
1.679097e+00,3.508554e+00,3.942923e-01
3.536292e+00,1.673252e+00,1.318283e-01
2.461632e+00,1.329708e+00,-4.729366e-01
4.656948e+00,2.808490e+00,-1.431846e-01
4.259250e+00,3.350460e+00,1.191993e+00
4.896989e+00,4.909638e+00,3.402811e-01
3.475009e+00,2.229776e+00,1.544844e-01
4.014888e+00,2.478590e+00,8.561542e-01
3.654939e+00,2.168156e+00,-2.129768e-01
1.139568e+00,3.703037e+00,1.542989e+00
2.604553e+00,1.534947e+00,-7.296791e-01
1.143125e+00,3.330248e+00,7.648826e-01
4.598158e+00,3.240626e+00,6.034248e-01
3.958416e+00,1.019779e+00,1.380882e+00
3.962288e+00,3.848670e+00,1.166982e+00
3.846416e+00,1.116686e+00,7.868278e-01
1.816512e+00,3.569986e+00,-2.815157e-01
3.382264e+00,1.856499e+00,1.898707e-01
1.266790e+00,4.809483e+00,2.668508e-01
3.905580e+00,3.682845e+00,1.459958e+00
3.874529e+00,4.157924e+00,1.317637e+00
1.735642e+00,2.458273e+00,-5.526598e-01
4.124803e+00,3.877912e+00,5.677646e-01
4.214977e+00,4.927663e+00,1.308748e+00
2.420585e+00,1.997526e+00,-9.177837e-01
1.442328e+00,2.721938e+00,-4.261994e-02
4.914054e+00,3.360118e+00,2.422393e-01
2.339426e+00,1.539920e+00,-6.076842e-01
4.758102e+00,3.229543e+00,1.046522e+00
3.714399e+00,2.062031e+00,-1.605507e-01
2.995721e+00,2.036129e+00,-8.968879e-02
4.693678e+00,4.544768e+00,4.923388e-01
3.372740e+00,1.325807e+00,5.037226e-01
1.160352e+00,4.783297e+00,7.146112e-01
3.910437e+00,2.295084e+00,7.092645e-03
1.758084e+00,3.442489e+00,-1.937664e-01
4.320385e+00,3.134696e+00,1.131730e+00
3.313726e+00,4.273316e+00,2.038701e-01
4.818444e+00,1.685519e+00,-5.531845e-01
3.937367e+00,2.418709e+00,2.640297e-01
2.992862e+00,3.842432e+00,7.378630e-01
3.312820e+00,3.974046e+00,6.883339e-01
2.712445e+00,1.604439e+00,-2.980299e-01
4.946706e+00,4.819481e+00,-2.252632e-01
2.766715e+00,3.316446e+00,-4.485899e-01
2.895879e+00,4.961902e+00,-7.189548e-01
3.537985e+00,3.975274e+00,4.471362e-01
3.014685e+00,4.316026e+00,-6.257171e-01
4.722701e+00,1.825952e+00,1.997365e-01
4.905170e+00,4.505943e+00,-2.864069e-01
1.237439e+00,1.938965e+00,1.292391e+00
4.321805e+00,1.125505e+00,4.633165e-01
4.920452e+00,1.144955e+00,4.628827e-01
3.393166e+00,2.925438e+00,8.690543e-01
3.978575e+00,2.012013e+00,6.650297e-01
3.462711e+00,4.058765e+00,1.162945e+00
2.786945e+00,2.464139e+00,1.852671e-01
1.892664e+00,1.119538e+00,-1.994560e-01
4.931572e+00,4.836518e+00,-5.348955e-03
1.015173e+00,4.455699e+00,1.212574e+00
2.988402e+00,3.322767e+00,-1.679055e-01
1.861647e+00,2.869869e+00,-1.122729e+00
4.251865e+00,3.581943e+00,4.882135e-01
4.752038e+00,4.686920e+00,2.478657e-01
1.963078e+00,4.173159e+00,2.532352e-02
3.927942e+00,4.160476e+00,1.523518e+00
2.878086e+00,2.844705e+00,-2.420381e-01
2.512546e+00,2.038036e+00,-4.125639e-01
2.859235e+00,4.524896e+00,1.452249e-01
3.943645e+00,1.878842e+00,1.065238e+00
4.133741e+00,2.015168e+00,7.693798e-01
1.064472e+00,4.055001e+00,9.723607e-01
4.172040e+00,3.366957e+00,2.035163e+00
1.873448e+00,1.031486e+00,-4.548845e-01
1.401135e+00,4.072885e+00,1.393050e+00
1.770108e+00,1.913558e+00,-1.380056e-01
2.394161e+00,3.958026e+00,2.195641e-01
2.612778e+00,3.947802e+00,-1.531947e-02
4.367707e+00,1.706775e+00,2.389270e-01
1.214747e+00,4.104214e+00,9.508666e-01
1.308925e+00,4.566479e+00,4.123141e-01
3.955146e+00,1.729715e+00,6.108069e-01
4.106960e+00,3.710053e+00,1.177644e+00
3.856096e+00,1.891105e+00,6.281302e-01
1.053394e+00,4.536319e+00,1.098296e+00
4.852980e+00,4.895524e+00,4.903928e-01
1.670097e+00,1.212892e+00,9.101678e-01
3.254358e+00,3.490261e+00,1.437166e-01
4.896201e+00,3.617702e+00,6.716065e-01
3.471221e+00,2.026109e+00,1.401772e+00
3.894911e+00,1.164033e+00,1.931157e-01
3.139932e+00,1.002099e+00,3.426364e-01
1.483344e+00,3.521099e+00,1.166771e+00
2.773723e+00,3.782973e+00,-4.358062e-01
1.812737e+00,1.882536e+00,-4.056327e-01
2.755219e+00,4.296950e+00,-5.144305e-01
4.873002e+00,2.965595e+00,-1.149637e-01
3.842475e+00,4.280315e+00,4.094359e-01
3.406938e+00,1.140449e+00,1.071677e+00
2.908736e+00,1.375305e+00,-1.505673e-01
3.040443e+00,1.043988e+00,7.205258e-01
1.103326e+00,4.546535e+00,1.274643e+00
1.125347e+00,3.378753e+00,9.626211e-01
2.073332e+00,2.997324e+00,-2.606559e-01
3.775016e+00,3.679452e+00,4.683952e-01
1.857964e+00,2.259089e+00,-4.443187e-01
3.002712e+00,2.274366e+00,2.402529e-01
3.827690e+00,2.456023e+00,7.052098e-01
4.774622e+00,4.353626e+00,4.872497e-01
1.313052e+00,4.633835e+00,5.650856e-01
2.100477e+00,3.248145e+00,7.265154e-02
4.132259e+00,4.250891e+00,1.590585e+00
1.925170e+00,3.872347e+00,-6.166790e-02
3.262347e+00,4.736083e+00,-1.077437e-01
4.845262e+00,4.328517e+00,3.950084e-01
1.380426e+00,3.159453e+00,5.201326e-01
4.544723e+00,4.173234e+00,7.146690e-01
3.561500e+00,1.049157e+00,6.579634e-01
3.846538e+00,1.066318e+00,1.558770e+00
3.319338e+00,2.339351e+00,7.524078e-01
3.031752e+00,2.544552e+00,-1.456652e-01
3.956666e+00,4.518683e+00,6.393004e-01
3.514593e+00,2.900390e+00,2.853785e-01
3.872240e+00,2.911665e+00,1.811528e-01
3.089056e+00,3.049519e+00,-1.819304e-01
1.502234e+00,4.077358e+00,4.742303e-02
3.032304e+00,1.066966e+00,-8.813711e-02
3.782139e+00,3.576320e+00,1.950947e+00
2.980575e+00,1.833595e+00,-2.347699e-01
1.426261e+00,1.246510e+00,2.251624e-01
3.860017e+00,1.919241e+00,1.063377e+00
1.045240e+00,1.841443e+00,1.475739e+00
4.526852e+00,1.926691e+00,-1.927753e-01
1.226280e+00,4.835471e+00,5.561115e-01
4.576071e+00,1.997342e+00,-4.034413e-02
3.280961e+00,4.668559e+00,8.102024e-01
1.946386e+00,3.362861e+00,-5.955081e-01
4.202819e+00,1.893635e+00,1.821911e-01
4.508012e+00,2.189726e+00,7.217068e-01
3.747229e+00,3.348188e+00,7.997122e-01
3.675430e+00,1.970405e+00,6.837321e-01
1.960312e+00,3.026518e+00,-6.611523e-01
2.407148e+00,2.017293e+00,-3.346678e-01
4.476743e+00,2.077037e+00,-5.478855e-01
4.850946e+00,4.066841e+00,-3.857622e-01
2.350485e+00,4.243835e+00,-8.133458e-01
3.829452e+00,3.283272e+00,1.343427e+00
1.106274e+00,2.485635e+00,1.549915e-02
2.566668e+00,4.883357e+00,-2.787902e-01
1.449500e+00,4.005782e+00,4.160890e-01
2.970530e+00,4.820506e+00,-6.452633e-01
3.098465e+00,4.264639e+00,-2.100340e-01
1.297349e+00,2.984269e+00,5.913597e-01
1.329094e+00,4.740224e+00,1.614448e+00
3.526346e+00,2.451522e+00,4.473510e-01
2.852898e+00,4.082568e+00,-3.507664e-01
2.981374e+00,3.174710e+00,2.778958e-01
4.089697e+00,4.747834e+00,1.499017e+00
4.719730e+00,2.229320e+00,1.647448e-01
1.548976e+00,3.687431e+00,9.333163e-01
3.165017e+00,4.468104e+00,-3.355832e-01
2.632296e+00,2.142925e+00,-4.141328e-01
2.160589e+00,1.029883e+00,-2.013235e-01
2.574023e+00,4.559659e+00,-1.857986e-01
3.896435e+00,3.657435e+00,1.008703e+00
4.571067e+00,1.243461e+00,3.413160e-01
4.669186e+00,3.740975e+00,1.099303e+00
