4.396180e+00,3.968179e+00,3.146929e+00,9.482621e-01
3.569222e+00,2.351264e+00,3.227753e+00,3.677344e+00
4.588976e+00,5.225262e+00,1.903852e+00,1.151933e+01
4.551082e+00,2.851264e+00,3.845204e+00,4.575709e+00
4.571913e+00,2.740959e+00,4.674941e+00,6.452149e+00
3.587596e+00,4.519820e+00,1.229306e+00,6.406933e+00
2.612402e+00,2.165806e+00,5.971926e+00,1.370160e+00
2.175620e+00,2.712971e+00,3.768697e+00,8.024285e+00
5.144036e+00,3.259127e+00,4.232241e+00,8.370806e+00
4.518660e+00,1.257153e+00,3.693588e+00,2.189494e+00
5.326919e+00,2.865436e+00,5.130801e+00,1.772478e+00
2.367041e+00,3.368159e+00,3.711840e+00,7.442267e+00
3.291423e+00,4.938134e+00,1.370712e+00,-3.097975e+00
1.029918e+00,2.031763e+00,4.894775e+00,4.361852e+00
3.926970e+00,1.475599e+00,4.155145e+00,6.393544e+00
1.654848e+00,1.330864e+00,2.404581e+00,-2.533117e+00
2.184202e+00,3.061734e+00,4.023503e+00,8.381778e+00
5.967094e+00,3.054785e+00,4.934947e+00,7.250222e+00
1.409722e+00,1.713003e+00,4.768911e+00,9.816939e+00
2.624280e+00,3.261771e+00,1.807349e+00,4.505426e+00
5.190702e+00,3.657846e+00,2.821782e+00,2.606762e+00
1.223653e+00,2.920782e+00,4.799806e+00,-2.971827e+00
4.227359e+00,2.656962e+00,1.835759e+00,9.078050e+00
1.964628e+00,4.280195e+00,1.734612e+00,-9.556312e-01
3.078995e+00,2.931889e+00,1.256487e+00,-4.791551e-01
1.627589e+00,4.696246e+00,5.050619e+00,5.716256e+00
5.119549e+00,5.806509e+00,1.767361e+00,2.633169e+00
1.968331e+00,3.959119e+00,4.823328e+00,1.101734e+01
4.513828e+00,5.535888e+00,4.109249e+00,7.340535e+00
3.470768e+00,1.867159e+00,3.481720e+00,-5.329338e-01
2.558991e+00,2.206411e+00,2.848606e+00,4.716604e+00
1.056827e+00,1.877691e+00,1.893035e+00,-1.838955e-01
4.855286e+00,4.272546e+00,2.223961e+00,4.605170e+00
1.612177e+00,4.774686e+00,3.769243e+00,7.358562e+00
4.828922e+00,1.897202e+00,5.015917e+00,2.903953e-01
5.958417e+00,3.800463e+00,5.747361e+00,2.345554e+00
4.579426e+00,3.581889e+00,2.673703e+00,7.003334e+00
2.387183e+00,4.530175e+00,2.525962e+00,-3.170217e-01
5.051199e+00,1.342195e+00,3.132645e+00,3.187775e+00
3.086288e+00,2.779372e+00,1.996822e+00,8.723064e+00
3.176221e+00,3.556800e+00,1.362055e+00,-1.718968e+00
1.682973e+00,5.713545e+00,4.471084e+00,3.347451e+00
2.651410e+00,3.623778e+00,4.163770e+00,6.293255e+00
2.357540e+00,1.270817e+00,5.002146e+00,4.721462e+00
3.287721e+00,5.668324e+00,2.543147e+00,5.746130e+00
3.633996e+00,2.880923e+00,5.523978e+00,2.777786e+00
2.276362e+00,1.966329e+00,4.777424e+00,-3.856433e+00
3.373816e+00,5.001670e+00,5.017957e+00,4.089702e+00
3.955277e+00,1.161783e+00,2.406812e+00,2.574121e+00
2.130045e+00,3.988507e+00,3.787393e+00,-1.431847e-01
2.672396e+00,3.780291e+00,5.342201e+00,5.932494e+00
1.353082e+00,4.759042e+00,3.052307e+00,4.020950e+00
5.367022e+00,4.964269e+00,4.564618e+00,3.426606e+00
4.124047e+00,3.851804e+00,4.312795e+00,-2.148542e-01
3.769835e+00,1.852623e+00,4.970357e+00,2.485747e-01
1.639525e+00,5.852057e+00,1.104023e+00,2.054040e+00
5.104302e+00,2.144712e+00,1.364447e+00,8.467425e+00
2.728028e+00,2.892293e+00,4.348116e+00,4.256312e+00
3.981033e+00,1.539449e+00,2.891972e+00,7.317470e+00
1.260041e+00,2.364280e+00,1.932383e+00,-1.852526e+00
3.903126e+00,3.011353e+00,3.194004e+00,5.256260e+00
3.051765e+00,3.905359e+00,3.780773e+00,4.517827e+00
1.593558e+00,5.540721e+00,5.638504e+00,9.360182e+00
4.432827e+00,2.021779e+00,5.612376e+00,1.745864e+00
1.217806e+00,4.055877e+00,3.329906e+00,4.495158e+00
1.145540e+00,1.786141e+00,3.685011e+00,7.839480e+00
3.027351e+00,3.766635e+00,1.613212e+00,5.074953e+00
2.115654e+00,1.866161e+00,4.758477e+00,3.249180e+00
4.732542e+00,3.593552e+00,1.089095e+00,7.039970e+00
5.162792e+00,3.905030e+00,3.551477e+00,7.782044e+00
4.790809e+00,1.630605e+00,5.066391e+00,2.472395e+00
5.046593e+00,2.987701e+00,5.124909e+00,-5.287229e-02
4.396262e+00,5.080516e+00,5.358512e+00,5.521960e+00
2.446563e+00,4.075344e+00,1.088529e+00,-2.000664e+00
4.124609e+00,4.047015e+00,2.571615e+00,1.683314e+00
2.318547e+00,5.247863e+00,5.492094e+00,2.237661e+00
3.199049e+00,4.377533e+00,4.357244e+00,3.053419e+00
2.320182e+00,3.633886e+00,4.816590e+00,1.808668e+01
5.989250e+00,5.279011e+00,5.194228e+00,-1.481105e+00
3.128438e+00,2.940012e+00,2.259395e+00,3.922203e+00
3.902506e+00,1.925365e+00,2.308521e+00,1.029648e+01
5.087707e+00,1.734403e+00,2.129945e+00,-1.135407e-01
3.111513e+00,3.654907e+00,4.728347e+00,8.565031e-01
3.984233e+00,1.267175e+00,2.562607e+00,6.342013e-01
3.839915e+00,1.017147e+00,5.607482e+00,1.445554e+01
4.888757e+00,3.292175e+00,3.122001e+00,1.672954e+00
5.730322e+00,4.012182e+00,1.765668e+00,3.954967e-01
4.316142e+00,3.384666e+00,3.522374e+00,3.430539e+00
3.333596e+00,1.483252e+00,1.210509e+00,4.481447e-02
2.369325e+00,5.471863e+00,3.693850e+00,3.011657e+00
1.864385e+00,1.515385e+00,3.977774e+00,1.015916e+01
4.206640e+00,4.060575e+00,2.323812e+00,7.276371e+00
5.432832e+00,4.129350e+00,1.379858e+00,5.152320e+00
5.011021e+00,4.642194e+00,2.388929e+00,1.141391e+01
3.509510e+00,1.461036e+00,3.928315e+00,3.897532e+00
2.358736e+00,2.776507e+00,4.686465e+00,1.174978e+00
1.025520e+00,5.241179e+00,5.490413e+00,-6.446325e+00
5.054159e+00,3.690942e+00,3.356849e+00,1.320405e+01
1.311685e+00,1.562792e+00,4.650266e+00,6.003091e+00
3.276561e+00,5.319886e+00,1.005173e+00,1.213521e+01
5.315044e+00,1.499147e+00,2.625837e+00,5.708877e+00
3.451499e+00,2.034337e+00,1.083675e+00,-4.925630e-01
1.633151e+00,2.102538e+00,5.203035e+00,2.019070e+00
5.215503e+00,3.646726e+00,4.730621e+00,7.583838e+00
4.369012e+00,5.871855e+00,5.187939e+00,1.850258e+00
4.968146e+00,5.212157e+00,2.578118e+00,9.765928e+00
1.361617e+00,1.969065e+00,2.405271e+00,2.336445e+00
3.967397e+00,1.522339e+00,2.258847e+00,1.355621e+00
3.932320e+00,4.577911e+00,1.517639e+00,4.999617e+00
3.358638e+00,5.347712e+00,4.845479e+00,5.331247e+00
2.922497e+00,2.655188e+00,4.549347e+00,9.894698e+00
3.512651e+00,1.541279e+00,1.521597e+00,5.208813e+00
3.305573e+00,3.402854e+00,4.346316e+00,6.932419e+00
1.389322e+00,4.240793e+00,1.213733e+00,-1.229476e-02
2.526203e+00,4.984206e+00,2.800232e+00,-1.773085e+00
1.967578e+00,1.388625e+00,2.883067e+00,1.454357e+00
2.766870e+00,2.623220e+00,1.607929e+00,-1.836682e+00
4.861219e+00,3.328633e+00,5.733294e+00,1.359601e+00
4.888368e+00,1.992479e+00,2.472668e+00,5.840481e+00
3.506994e+00,3.339928e+00,5.845355e+00,3.629473e+00
5.733503e+00,1.344010e+00,2.770955e+00,8.643459e+00
2.070907e+00,1.193775e+00,5.741232e+00,5.814089e-01
3.221030e+00,2.814606e+00,2.888727e+00,2.853868e+00
1.635619e+00,3.778026e+00,5.458551e+00,1.195772e+01
5.460388e+00,2.257672e+00,5.794459e+00,8.871702e+00
4.140722e+00,5.380842e+00,3.409025e+00,3.649704e+00
5.113468e+00,5.695305e+00,3.641869e+00,-2.257961e+00
3.972923e+00,1.445369e+00,4.769123e+00,1.121191e+01
2.774656e+00,3.745037e+00,3.737432e+00,2.362599e+00
1.096752e+00,3.976500e+00,1.464066e+00,2.617901e+00
1.583197e+00,5.914981e+00,5.320321e+00,9.094581e-01
5.142147e+00,4.275084e+00,1.622705e+00,5.290182e+00
2.644069e+00,5.085088e+00,4.959682e+00,2.965308e+00
2.935359e+00,3.498987e+00,1.268211e+00,-3.715751e+00
2.593880e+00,5.952341e+00,5.619335e+00,1.083074e-01
1.166851e+00,4.418944e+00,3.638192e+00,8.537871e-01
2.423495e+00,2.306250e+00,1.614978e+00,5.687990e+00
2.483396e+00,1.178489e+00,5.933665e+00,6.703248e-01
3.077830e+00,5.079921e+00,1.988686e+00,8.285124e+00
2.989800e+00,1.197587e+00,3.853537e+00,2.014047e+00
2.808405e+00,4.309569e+00,5.833693e+00,4.426113e+00
1.183961e+00,1.903275e+00,5.253620e+00,4.501242e+00
3.130384e+00,5.449035e+00,2.283560e+00,6.796432e+00
3.096932e+00,5.656519e+00,1.956979e+00,-1.998084e+00
3.210179e+00,2.109670e+00,2.997326e+00,2.491431e-01
5.593142e+00,3.309881e+00,2.979370e+00,6.465579e+00
4.531943e+00,4.967159e+00,4.812553e+00,3.958223e+00
5.497750e+00,1.978992e+00,4.402186e+00,2.159512e+01
4.144803e+00,2.184314e+00,5.496446e+00,6.537250e+00
2.637990e+00,4.219604e+00,1.409365e+00,1.044208e+01
4.814068e+00,4.461966e+00,2.758949e+00,1.306191e+01
4.166842e+00,5.815034e+00,3.145744e+00,-9.529058e-01
3.132978e+00,5.278452e+00,5.974746e+00,7.179837e+00
2.180572e+00,2.715199e+00,3.851124e+00,5.448494e+00
1.493798e+00,3.098527e+00,2.679419e+00,7.423607e+00
5.172834e+00,1.268414e+00,4.065045e+00,8.401170e+00
3.165414e+00,4.734341e+00,4.295624e+00,5.156724e+00
3.707776e+00,1.486110e+00,2.843642e+00,9.165972e-01
5.445569e+00,1.705365e+00,1.136284e+00,5.561293e+00
2.263155e+00,4.302277e+00,3.520447e+00,8.509424e+00
4.438148e+00,3.528938e+00,4.249344e+00,-2.376101e-01
4.375421e+00,4.041671e+00,5.952492e+00,3.934035e+00
3.883445e+00,4.951381e+00,3.056185e+00,6.708039e+00
3.372985e+00,5.054230e+00,1.675624e+00,9.492441e+00
3.672207e+00,3.543697e+00,5.243851e+00,2.099423e+00
5.198993e+00,1.792143e+00,5.221706e+00,6.126086e+00
4.847355e+00,2.546513e+00,3.647487e+00,9.254020e-01
1.729666e+00,5.925723e+00,2.769989e+00,1.739560e+00
1.710981e+00,4.589470e+00,4.148129e+00,7.419083e+00
4.440832e+00,3.934945e+00,3.754981e+00,6.061664e+00
5.226746e+00,1.026231e+00,4.110681e+00,1.678812e+00
5.032138e+00,2.864758e+00,2.803747e+00,1.142735e+00
1.902821e+00,1.952208e+00,1.514826e+00,2.259073e-01
1.728840e+00,3.044577e+00,1.905933e+00,2.332925e+00
4.770074e+00,4.946281e+00,2.618577e+00,1.282591e+01
5.138349e+00,5.697207e+00,1.448711e+00,-1.078253e+00
1.624769e+00,2.081844e+00,2.928971e+00,7.593890e+00
3.207550e+00,3.710948e+00,3.890927e+00,4.872525e+00
5.053660e+00,4.024565e+00,5.455985e+00,3.705486e+00
4.441748e+00,2.824701e+00,4.172923e+00,2.918012e+00
3.798972e+00,2.286968e+00,1.331364e+00,5.676452e-01
4.008858e+00,5.665126e+00,5.489807e+00,1.102843e+01
3.186114e+00,4.787013e+00,4.386717e+00,7.513595e+00
4.264653e+00,3.742878e+00,4.850372e+00,1.694994e+00
5.070116e+00,3.610966e+00,5.069066e+00,3.054578e+00
4.802523e+00,3.508225e+00,2.007110e+00,6.764568e+00
4.146473e+00,3.023453e+00,1.137669e+00,4.104657e+00
1.458905e+00,1.043288e+00,4.744185e+00,7.284171e+00
3.473930e+00,1.636584e+00,5.304238e+00,-1.538372e-01
4.687091e+00,5.410988e+00,4.721358e+00,2.965486e+00
2.977334e+00,4.805509e+00,3.353235e+00,-9.922446e-02
2.103159e+00,4.463402e+00,3.390842e+00,9.680851e+00
2.127490e+00,1.267795e+00,4.735542e+00,6.961954e+00
5.227398e+00,3.659509e+00,3.350256e+00,2.273699e+00
4.909058e+00,1.364321e+00,1.655140e+00,4.993220e+00
4.439242e+00,5.902160e+00,3.080981e+00,5.849589e+00
4.515081e+00,4.621611e+00,2.800006e+00,7.096487e+00
5.867848e+00,2.648234e+00,5.526728e+00,4.956488e+00
5.789580e+00,4.815789e+00,2.704008e+00,8.331491e-01
2.315876e+00,1.178996e+00,5.030557e+00,5.700126e+00
