1.086880e+00,4.611051e-01,-1.066874e+01
7.595158e-01,6.083949e-01,4.129881e+00
9.124096e-01,6.242161e-01,4.419350e+00
3.634887e+00,1.684197e-02,1.515274e+00
3.269375e+00,3.904485e+00,1.018873e+01
1.242929e+00,3.062799e+00,1.159194e+00
5.820390e-01,4.056264e+00,7.310082e+00
1.306516e+00,7.014737e-01,4.738257e+00
3.132955e+00,2.130848e+00,-1.330895e+00
4.771836e+00,1.670608e+00,4.769896e+00
3.696856e+00,1.451446e+00,4.863467e+00
1.897521e+00,4.620963e+00,8.784843e+00
4.521105e+00,3.954958e+00,2.885523e+00
3.901720e+00,1.984514e+00,6.067319e+00
4.859720e+00,9.551724e-01,4.845907e+00
4.871399e+00,1.297871e+00,5.744000e+00
1.535579e+00,2.529598e+00,3.134394e+00
3.972244e+00,2.289706e+00,3.385092e+00
2.462718e+00,1.822944e+00,4.391334e+00
9.286181e-01,3.466355e+00,7.973726e+00
1.546019e-01,1.356710e+00,1.394360e+00
1.104460e-01,4.383579e+00,8.749111e+00
1.489887e+00,1.270049e+00,5.605372e+00
3.106817e+00,3.579159e+00,5.985186e+00
3.946167e+00,1.699822e+00,3.706802e+00
7.242673e-01,1.517376e+00,3.205688e+00
1.069356e+00,4.357003e+00,7.718921e+00
2.175791e+00,4.018996e+00,4.049185e+00
2.701650e+00,1.566968e+00,1.893471e+00
3.828908e+00,4.124957e+00,1.520781e+00
2.715883e+00,4.003712e+00,6.300733e+00
2.218848e+00,7.527726e-01,6.483434e+00
3.119971e-01,4.382787e-01,3.737204e+00
9.571476e-01,3.482688e+00,4.171305e+00
3.345261e+00,2.527447e+00,7.183228e+00
4.259685e+00,6.846823e-01,9.004928e+00
3.686074e+00,3.849420e+00,8.793323e+00
1.142299e+00,2.435976e-01,8.288974e-01
1.957008e+00,1.523257e-01,3.904133e+00
4.576364e+00,2.812820e+00,8.039466e+00
2.162948e+00,2.121168e-02,-1.836037e+00
4.937237e+00,3.584926e+00,4.885309e+00
4.502259e+00,4.755094e+00,9.321714e+00
1.927313e+00,3.725212e+00,3.840259e-01
2.488713e+00,3.990408e+00,-3.547806e+00
9.552260e-01,8.264137e-01,9.453563e+00
4.439371e+00,1.003319e+00,3.308881e+00
2.299242e+00,2.595389e-01,-6.624410e-01
1.709406e+00,8.376848e-01,-3.896701e-02
1.635788e+00,2.445800e+00,6.414069e+00
6.524623e-01,3.235945e+00,-4.643108e-01
2.070312e+00,4.000972e-01,9.121861e+00
4.864077e+00,6.602095e-01,2.870433e+00
4.949274e+00,4.221196e+00,4.402201e+00
9.180795e-01,1.903712e+00,3.939719e+00
1.125717e+00,4.465509e+00,6.321773e+00
5.158240e-01,4.703473e+00,-3.270731e+00
2.666288e+00,4.829316e+00,4.710523e+00
1.347370e+00,4.679972e+00,8.286274e+00
2.456732e+00,1.865598e+00,2.625401e+00
4.650557e+00,1.225183e+00,3.396341e+00
2.033652e+00,1.698340e-01,-2.705326e+00
2.446447e-01,1.789640e+00,2.170549e+00
3.004049e+00,4.530760e+00,3.756174e+00
4.378085e+00,1.051137e+00,8.709748e+00
2.954154e+00,1.324782e+00,2.280706e+00
3.393446e+00,2.832382e+00,1.187553e+01
1.417384e+00,3.360152e+00,4.694158e+00
3.788792e+00,2.580284e+00,6.698057e+00
1.151214e+00,3.932459e+00,4.554948e+00
2.141169e+00,4.305270e+00,9.911092e+00
4.317794e+00,2.715152e+00,1.630938e+00
2.143385e+00,1.764919e+00,2.593408e+00
3.972267e+00,3.599437e+00,1.063321e+00
1.563004e+00,4.747147e+00,8.412407e+00
9.809313e-01,4.855117e-01,4.562419e+00
1.651001e+00,4.123098e+00,6.672369e+00
9.905277e-01,3.257170e+00,-1.287306e+00
4.428729e+00,2.132359e+00,6.012864e-01
2.012331e+00,5.520704e-01,1.905549e+00
2.624797e+00,3.055094e+00,8.115079e+00
4.367429e+00,3.600022e+00,7.193787e-01
3.312136e+00,4.489873e+00,3.774696e+00
1.118441e+00,4.385691e+00,6.916130e+00
3.605064e+00,2.264303e+00,2.707143e+00
2.160507e-01,7.130199e-01,9.594703e+00
3.605594e-01,4.943732e+00,1.642553e+00
4.332998e+00,4.465880e+00,3.097694e+00
3.302929e+00,2.186711e+00,8.018955e+00
4.453865e+00,3.713078e+00,3.984662e+00
3.655362e+00,5.762597e-01,1.681855e+00
9.094151e-01,1.079583e+00,8.148064e+00
5.684510e-01,1.978915e+00,-7.587508e-01
1.801428e+00,5.802872e-01,9.936166e+00
3.458173e+00,2.915933e+00,2.734363e+00
7.817876e-01,3.797951e+00,1.388656e-01
1.779397e+00,1.688478e+00,4.448267e+00
1.972056e+00,3.885165e+00,3.423104e-01
4.435018e+00,1.221436e+00,6.886198e+00
2.181576e+00,2.405585e+00,4.566416e+00
1.152081e+00,3.215948e-01,-7.318168e-01
3.782663e+00,1.776491e+00,1.055424e+01
3.268232e+00,3.183384e+00,1.520932e+00
4.935146e+00,3.596645e+00,6.817128e+00
4.494614e+00,3.533596e+00,-8.078508e-01
4.024375e+00,4.843072e+00,6.100968e+00
1.698412e-01,7.476615e-01,5.824646e-01
2.113757e+00,2.448888e+00,3.093840e+00
1.393548e+00,3.157414e+00,9.189400e-01
3.477810e+00,2.350426e+00,3.987847e+00
4.959393e+00,4.217507e+00,4.680458e+00
1.422930e+00,8.795551e-01,8.657505e+00
2.198591e+00,3.751736e+00,9.918580e-01
3.676222e+00,3.059179e+00,4.126470e+00
2.714303e+00,1.422486e+00,7.049380e+00
1.811420e+00,3.977542e+00,7.693644e+00
4.025817e-01,3.696559e+00,2.348259e+00
1.778597e+00,3.375257e+00,9.109301e+00
8.586960e-01,4.340333e+00,8.516082e+00
4.066613e+00,2.633598e+00,4.571333e+00
1.911598e+00,4.017427e-02,-1.016205e-01
2.473728e+00,4.593962e+00,-1.932191e+00
2.416967e-01,4.444517e+00,4.690123e+00
4.014091e+00,4.941204e+00,1.906823e+00
1.240208e+00,9.932887e-01,4.350105e+00
2.951536e+00,3.008751e+00,-1.593054e+00
3.232302e+00,3.075857e+00,1.152157e+01
1.313511e+00,4.995382e+00,4.687984e+00
3.762971e+00,3.504464e+00,6.666004e+00
3.610702e+00,3.929282e+00,8.666143e+00
7.703292e-01,4.080410e+00,1.048784e+00
4.797975e+00,4.471952e+00,5.183529e+00
4.683179e+00,3.173484e+00,9.107107e-01
4.710837e+00,7.645985e-01,6.429349e+00
3.086900e+00,3.446843e-01,2.362633e+00
8.544223e-01,1.298143e+00,2.477391e+00
5.570616e-01,1.453104e+00,4.925399e-01
4.296277e+00,1.663256e+00,2.466081e+00
1.136387e+00,3.289076e+00,3.732102e+00
2.030739e+00,4.567747e+00,-1.378578e+00
1.791363e+00,1.644893e+00,5.515403e+00
3.110138e+00,3.441601e-01,1.752109e+00
6.323135e-01,2.189777e+00,2.224694e+00
1.621419e+00,1.382472e+00,2.099813e+00
1.410925e+00,2.711019e+00,5.904965e+00
2.161856e+00,4.592470e+00,3.470012e+00
6.792650e-01,3.718037e+00,8.068183e+00
2.963669e+00,4.735907e+00,7.709385e+00
9.143759e-01,2.903875e+00,-8.957432e-01
1.212082e+00,4.236746e-01,2.364931e+00
1.771910e+00,4.086187e+00,5.290295e+00
3.472906e+00,3.206505e+00,4.365274e+00
4.263995e+00,2.903044e+00,4.202133e+00
2.449859e+00,7.413947e-01,8.763891e-01
4.569781e+00,4.153559e+00,3.721334e+00
4.232111e+00,6.221228e-01,-5.653511e+00
2.517059e+00,3.568127e+00,5.221647e+00
4.223751e+00,2.803911e+00,9.619338e-01
1.953028e+00,4.687621e+00,4.801458e+00
1.014607e+00,4.660680e+00,-4.759750e-01
8.532480e-02,1.120289e+00,1.728670e-01
5.776846e-01,2.960094e+00,1.327332e+01
1.164425e+00,3.651968e+00,4.147994e+00
2.252425e+00,2.375903e+00,-4.060303e+00
1.713019e+00,3.514959e+00,9.934957e+00
1.441119e+00,1.916103e+00,4.260636e+00
2.806531e+00,3.387820e+00,3.819201e+00
4.278004e+00,5.457799e-01,1.911627e+00
4.103516e+00,4.237332e+00,9.039696e+00
3.127259e+00,4.313354e+00,2.022623e+00
2.948343e+00,1.011034e+00,3.941508e+00
2.442623e+00,2.086919e-01,3.481436e+00
3.764914e+00,3.572994e+00,-3.917920e-01
1.254025e+00,4.127602e+00,1.167601e+01
2.732886e+00,1.682853e+00,2.992723e+00
1.540424e+00,1.633578e+00,-2.817941e+00
2.629993e-01,3.771495e+00,5.253353e+00
1.310610e+00,2.542764e+00,9.623910e+00
1.808076e+00,3.185834e+00,7.413746e+00
4.070234e+00,1.029653e+00,2.433662e+00
3.889926e+00,3.929442e+00,7.683636e+00
2.530925e-01,2.627729e+00,-4.768697e+00
4.548106e+00,4.317733e+00,6.125047e+00
1.256473e+00,4.049830e+00,1.348098e+00
4.891916e+00,3.489437e-01,3.223899e+00
4.187702e+00,1.327579e+00,4.480255e-01
1.241444e+00,2.195418e+00,5.281408e+00
3.717661e+00,3.807629e+00,2.515246e+00
7.993117e-01,3.990578e+00,7.764498e+00
4.218052e+00,5.104530e-01,-1.421266e+00
7.770614e-01,1.277964e-02,-1.571568e+00
2.509725e+00,1.669828e+00,3.080244e+00
8.381176e-01,6.979939e-02,4.881197e+00
2.934851e-01,1.657325e-01,4.457770e+00
2.932965e+00,2.643879e+00,-4.598108e+00
3.057866e+00,8.336568e-02,3.871404e+00
5.903411e-01,1.611396e+00,4.448920e+00
3.949273e-01,3.225496e+00,1.056720e+01
4.844008e-01,4.630476e-01,-2.602057e-01
3.162160e+00,2.812192e+00,6.535710e+00
