2.056223e+00,3.574772e+00,5.405663e+00,-2.681873e-01
1.097898e+00,2.613745e+00,4.885483e+00,8.422989e-01
2.512265e+00,1.735875e+00,4.693912e+00,-7.040565e-01
2.633511e+00,3.687994e+00,4.526049e+00,-2.828965e-02
2.131122e+00,4.846223e+00,3.762597e+00,-1.074598e-01
1.346690e+00,2.684650e+00,4.481917e+00,3.288928e-01
3.881813e+00,5.229606e+00,2.779730e+00,2.844180e-01
3.142001e+00,4.226870e+00,1.722193e+00,3.621830e-01
3.964004e+00,4.057303e+00,1.791789e+00,1.453049e+00
4.733428e+00,1.690311e+00,1.489669e+00,8.467995e-01
4.331502e+00,4.436158e+00,5.030027e+00,1.189540e+00
5.209877e+00,3.331187e+00,4.753303e+00,-3.935504e-01
2.468615e+00,2.331967e+00,4.741182e+00,-5.847612e-01
5.901279e+00,4.274484e+00,1.410192e+00,2.989281e-01
4.756628e+00,3.939531e+00,3.275621e+00,5.600261e-01
4.482190e+00,4.250149e+00,4.869476e+00,9.975975e-01
3.084337e+00,3.801990e+00,2.860887e+00,5.732964e-01
1.374477e+00,3.784202e+00,1.662032e+00,1.245529e+00
1.893202e+00,1.335461e+00,4.489649e+00,3.937564e-01
4.451928e+00,1.384986e+00,5.392047e+00,6.146869e-01
3.048090e+00,3.980670e+00,5.486835e+00,4.881125e-01
4.481724e+00,1.157086e+00,4.124223e+00,1.301197e+00
3.972935e+00,4.306435e+00,4.984083e+00,1.787899e+00
3.925452e+00,1.391261e+00,5.708604e+00,9.862424e-01
2.896191e+00,1.464904e+00,4.692456e+00,1.130833e-01
2.306148e+00,3.009477e+00,1.244942e+00,-2.787633e-01
4.903946e+00,3.814318e+00,1.004040e+00,8.901555e-01
1.689887e+00,1.580821e+00,1.282966e+00,2.028006e-01
4.784822e+00,2.738343e+00,4.677891e+00,-7.076258e-01
2.668900e+00,5.942679e+00,3.450548e+00,-8.489529e-02
3.790575e+00,2.881663e+00,1.294940e+00,1.017513e+00
5.366741e+00,3.480547e+00,2.228327e+00,-1.524712e-01
2.527294e+00,2.917270e+00,5.521124e+00,-5.149842e-01
3.105499e+00,4.813724e+00,1.813554e+00,9.792912e-03
4.519123e+00,5.168149e+00,1.382621e+00,7.012978e-01
1.265344e+00,2.071213e+00,1.269739e+00,7.665887e-01
5.186943e+00,2.435992e+00,1.015174e+00,-5.576154e-01
4.722495e+00,4.423932e+00,4.377236e+00,6.176714e-01
1.881370e+00,1.816531e+00,2.434576e+00,-9.790104e-01
3.116635e+00,5.669538e+00,4.456449e+00,2.422253e-01
4.477733e+00,2.043914e+00,1.218747e+00,3.283215e-01
1.678138e+00,1.973167e+00,4.459074e+00,-1.039192e-01
5.949057e+00,2.991192e+00,5.646446e+00,-2.663985e-01
5.996184e+00,2.061580e+00,3.351209e+00,-3.726186e-01
3.293326e+00,5.872582e+00,3.336560e+00,7.657127e-01
3.832245e+00,3.078287e+00,5.055075e+00,1.066158e+00
2.131655e+00,4.463533e+00,2.651847e+00,1.773588e-01
2.156985e+00,2.466180e+00,5.497281e+00,-7.310736e-01
2.918369e+00,3.374159e+00,4.156793e+00,5.950775e-01
4.087450e+00,1.113569e+00,3.468110e+00,1.467240e+00
1.526847e+00,1.910504e+00,2.946789e+00,7.072895e-02
3.850467e+00,5.025333e+00,5.713516e+00,3.011182e-01
4.945514e+00,1.697071e+00,3.953309e+00,3.627055e-01
2.596854e+00,2.093343e+00,1.182941e+00,-8.317626e-01
1.124727e+00,2.731179e+00,4.500508e+00,8.407195e-01
5.361918e+00,3.552801e+00,2.741168e+00,-1.832504e-01
4.334622e+00,3.541759e+00,4.536199e+00,9.375446e-01
1.786235e+00,2.540129e+00,1.996645e+00,-2.119777e-01
3.198361e+00,5.975577e+00,3.915163e+00,1.350968e-01
3.313724e+00,2.728386e+00,4.797218e+00,4.484012e-01
3.479526e+00,1.204746e+00,2.038789e+00,1.257080e+00
2.841010e+00,3.003791e+00,2.378298e+00,-8.904767e-02
5.289597e+00,2.769669e+00,3.444936e+00,-2.697848e-01
1.359970e+00,1.908231e+00,2.104821e+00,9.827097e-02
3.992196e+00,4.945953e+00,5.013413e+00,7.577457e-01
4.910941e+00,5.450544e+00,3.026281e+00,-6.293787e-01
4.471525e+00,3.575013e+00,1.245665e+00,1.391897e+00
3.498490e+00,5.799336e+00,1.536393e+00,2.409365e-01
3.522925e+00,2.601173e+00,4.245878e+00,2.601554e-01
3.075590e+00,5.982264e+00,1.308836e+00,-1.111327e-02
3.802544e+00,4.306700e+00,3.719124e+00,1.328571e+00
4.900700e+00,5.289526e+00,3.072814e+00,-5.459560e-01
1.051336e+00,3.819271e+00,5.901046e+00,9.376093e-01
3.879314e+00,5.679177e+00,5.860048e+00,5.564205e-01
3.215975e+00,2.545319e+00,4.644354e+00,5.475959e-02
1.634691e+00,3.404857e+00,3.971769e+00,7.730763e-01
2.930815e+00,4.837083e+00,1.139490e+00,-2.172085e-01
2.248166e+00,4.090634e+00,1.310847e+00,2.947178e-01
5.392441e+00,2.023750e+00,5.811909e+00,-8.353254e-01
1.372710e+00,4.091844e+00,1.174955e+00,1.312417e+00
1.639038e+00,4.683721e+00,1.302563e+00,-1.825919e-03
2.936929e+00,5.900830e+00,1.106297e+00,-2.349997e-01
5.088189e+00,4.952986e+00,1.143952e+00,-3.960938e-02
1.067606e+00,1.640356e+00,1.084826e+00,9.546356e-01
2.306165e+00,3.234477e+00,5.886342e+00,-3.352833e-01
1.289412e+00,1.004464e+00,2.561541e+00,9.541059e-01
5.257842e+00,4.855981e+00,1.792515e+00,-6.495531e-01
1.089375e+00,1.497026e+00,4.158996e+00,1.236941e+00
1.434119e+00,4.662921e+00,4.060067e+00,9.205981e-01
4.946791e+00,2.505612e+00,1.925402e+00,-5.456854e-01
4.898468e+00,2.374409e+00,2.073748e+00,-5.384949e-01
5.624637e+00,4.503853e+00,2.170764e+00,-1.861291e-01
2.517270e+00,4.685884e+00,2.903369e+00,-4.939980e-01
1.304691e+00,1.909172e+00,5.294177e+00,3.594803e-01
1.551141e+00,2.010023e+00,2.181532e+00,-1.454247e-01
4.958610e+00,5.773385e+00,1.342194e+00,-4.262763e-01
3.370033e+00,4.817172e+00,5.164978e+00,3.064178e-01
2.426004e+00,1.428078e+00,3.822246e+00,-3.853344e-01
3.544920e+00,4.837021e+00,5.133084e+00,8.024507e-01
4.776013e+00,4.204143e+00,1.430888e+00,8.564324e-01
2.982722e+00,2.246928e+00,3.670392e+00,-6.995521e-01
5.215096e+00,2.703250e+00,1.275883e+00,-7.729852e-01
5.526498e+00,3.744731e+00,2.143977e+00,4.555001e-01
2.765712e+00,3.777648e+00,5.644847e+00,-3.465992e-02
1.603801e+00,3.027859e+00,3.997728e+00,-6.978937e-02
1.194673e+00,2.391272e+00,5.086692e+00,4.821004e-01
5.065299e+00,4.739356e+00,1.988067e+00,5.001742e-01
4.067907e+00,2.089167e+00,2.156618e+00,7.285158e-01
2.029909e+00,2.364935e+00,3.343006e+00,-6.306054e-01
3.965239e+00,5.959786e+00,4.745573e+00,1.391508e+00
2.827431e+00,4.150692e+00,4.680034e+00,3.863734e-01
4.360560e+00,4.264723e+00,5.657724e+00,9.541493e-01
2.870796e+00,5.915308e+00,1.818941e+00,-5.104449e-01
4.696567e+00,5.118937e+00,1.726633e+00,-2.168924e-01
3.957243e+00,5.167680e+00,4.596459e+00,4.942045e-01
2.926041e+00,3.980954e+00,4.037525e+00,5.755627e-01
4.568423e+00,2.949842e+00,3.885345e+00,6.027467e-01
4.049595e+00,4.817239e+00,3.226366e+00,9.115599e-01
2.201670e+00,5.669774e+00,4.764657e+00,-5.087580e-01
2.582734e+00,2.976748e+00,5.850437e+00,-7.177653e-01
4.028250e+00,2.476899e+00,2.727474e+00,3.948498e-01
4.119785e+00,2.427645e+00,3.221780e+00,2.516821e-01
2.351797e+00,3.532573e+00,3.063950e+00,2.126505e-01
4.207363e+00,1.325690e+00,3.838255e+00,1.743957e+00
4.663765e+00,5.834741e+00,3.622916e+00,4.148029e-01
4.521992e+00,2.259084e+00,3.281526e+00,5.280850e-01
3.184216e+00,3.118396e+00,5.390805e+00,-1.042699e-01
4.458529e+00,5.503512e+00,4.002797e+00,2.419989e-01
2.013218e+00,2.874465e+00,5.364183e+00,-5.422319e-01
3.587560e+00,5.714816e+00,1.399085e+00,-1.464926e-01
2.936076e+00,3.857147e+00,4.643794e+00,4.380469e-01
1.589082e+00,5.210768e+00,5.338161e+00,-5.385922e-01
3.003489e+00,3.459105e+00,4.664022e+00,5.096370e-01
3.687059e+00,2.113126e+00,1.682447e+00,8.833192e-01
2.369552e+00,3.906152e+00,3.148289e+00,8.708996e-02
1.353075e+00,4.781327e+00,3.188025e+00,7.723605e-01
4.337689e+00,4.777230e+00,1.187628e+00,1.068230e+00
3.386527e+00,3.773593e+00,4.237733e+00,1.125766e+00
1.509165e+00,1.650156e+00,4.645311e+00,7.618870e-01
1.603272e+00,1.498200e+00,2.356005e+00,3.240402e-01
5.194692e+00,1.737267e+00,2.775882e+00,-2.128613e-01
3.238769e+00,4.515267e+00,5.490411e+00,2.392813e-01
1.889087e+00,3.359505e+00,2.461948e+00,2.108810e-01
5.054020e+00,1.081732e+00,4.489293e+00,-9.911593e-02
1.560697e+00,3.352184e+00,2.792023e+00,3.780049e-02
1.364890e+00,4.263902e+00,2.164142e+00,1.598511e+00
2.502143e+00,3.252876e+00,2.542119e+00,-2.362390e-01
3.021560e+00,4.975249e+00,2.341333e+00,-3.506160e-01
2.703419e+00,1.029211e+00,4.385005e+00,2.841189e-02
3.527995e+00,2.607776e+00,4.728908e+00,4.607158e-01
3.374713e+00,3.472759e+00,4.452867e+00,1.152404e+00
5.377018e+00,5.332555e+00,2.456282e+00,-6.512619e-01
2.947405e+00,1.227260e+00,4.365043e+00,2.731737e-01
2.417431e+00,4.131167e+00,1.975541e+00,1.641017e-01
5.496727e+00,3.242763e+00,5.039162e+00,-3.270015e-01
3.049569e+00,5.267523e+00,5.439487e+00,-6.191323e-01
5.542162e+00,2.360832e+00,1.874783e+00,-1.118259e+00
3.296518e+00,1.324571e+00,5.231011e+00,2.163642e-01
1.176756e+00,1.458841e+00,3.847730e+00,1.097879e+00
1.903119e+00,2.640022e+00,2.754731e+00,-6.716377e-01
5.214981e+00,4.327202e+00,3.162326e+00,1.657103e-01
4.488303e+00,5.594858e+00,1.306050e+00,2.947791e-01
3.594589e+00,4.765719e+00,5.660983e+00,4.500109e-01
5.978627e+00,4.599717e+00,3.680581e+00,3.559714e-01
4.480839e+00,1.765046e+00,3.984059e+00,9.073875e-01
2.586739e+00,3.109130e+00,1.922739e+00,-6.632106e-01
2.215101e+00,1.333024e+00,1.268296e+00,-1.288952e-01
2.959638e+00,1.724942e+00,1.550183e+00,2.749270e-02
3.773829e+00,2.109989e+00,2.211968e+00,1.286569e-01
5.256994e+00,3.189485e+00,3.910834e+00,1.640678e-02
4.792808e+00,5.226579e+00,4.684921e+00,-1.420261e-01
5.230361e+00,3.276431e+00,4.587701e+00,3.698528e-01
1.881555e+00,2.771401e+00,4.388902e+00,4.701667e-02
3.775179e+00,2.691344e+00,4.126198e+00,1.331788e+00
4.758713e+00,2.707838e+00,3.817449e+00,3.365104e-01
5.408615e+00,5.774713e+00,4.422863e+00,-4.138891e-01
5.487063e+00,1.826040e+00,3.546530e+00,-5.203410e-01
1.943145e+00,2.175867e+00,4.883240e+00,-5.940485e-01
4.989844e+00,1.551710e+00,5.621101e+00,2.102886e-01
1.807801e+00,4.244493e+00,5.596681e+00,5.263034e-01
1.190541e+00,1.794632e+00,2.702881e+00,4.538389e-01
4.928796e+00,4.065694e+00,1.855877e+00,6.249148e-01
5.204598e+00,4.194615e+00,4.709443e+00,-5.507178e-02
2.294294e+00,2.464390e+00,5.823769e+00,-1.253113e+00
3.778569e+00,4.122089e+00,4.612208e+00,2.105467e+00
3.445080e+00,5.082089e+00,2.129621e+00,2.797716e-01
5.040496e+00,4.218063e+00,1.092783e+00,6.159415e-02
5.975414e+00,3.942602e+00,1.902149e+00,6.897324e-01
1.135548e+00,5.239789e+00,3.927419e+00,6.659488e-01
5.833338e+00,4.109843e+00,2.788051e+00,1.478794e-01
1.914648e+00,2.390081e+00,3.300581e+00,-3.906643e-01
5.422849e+00,3.869311e+00,5.584260e+00,4.553335e-02
3.161121e+00,5.425885e+00,1.371655e+00,1.561563e-01
5.694186e+00,4.114731e+00,5.956100e+00,2.350306e-01
1.665351e+00,3.734430e+00,5.229611e+00,5.051834e-01
5.581085e+00,5.371886e+00,1.743757e+00,-8.017204e-01
2.750001e+00,4.380114e+00,2.157919e+00,-1.870403e-01
2.971833e+00,3.729462e+00,1.683334e+00,5.128328e-01
1.951509e+00,2.614034e+00,3.202687e+00,-4.069482e-01
2.090104e+00,4.402456e+00,4.625407e+00,-1.314469e-01
