2.624987e+00,3.843800e+00,2.209172e+00,6.290961e+01
2.506879e+00,4.999660e+00,3.037516e+00,8.220758e+01
3.385471e+00,3.199062e+00,3.266562e+00,6.636306e+01
2.372660e+00,4.950418e+00,2.716096e+00,2.134060e+00
4.724005e+00,4.581349e+00,1.158985e+00,1.622509e+01
1.007981e+00,4.804495e+00,2.046559e+00,5.938730e+01
1.032151e+00,4.251389e+00,1.914750e+00,3.946541e+01
2.542454e+00,4.228975e+00,1.499334e+00,1.894662e+01
4.575540e+00,2.291638e+00,2.410915e+00,1.618656e+01
1.603799e+00,4.077995e+00,1.957930e+00,-2.086573e+01
2.061583e+00,1.544949e+00,4.510084e+00,3.545214e+01
2.251737e+00,3.388636e+00,4.045822e+00,5.126191e+01
1.362918e+00,1.516245e+00,4.176681e+00,3.097802e+01
1.275472e+00,3.720647e+00,3.293630e+00,-2.726041e-01
1.961343e+00,1.378621e+00,3.447011e+00,2.376828e+01
2.919567e+00,4.787103e+00,1.469081e+00,4.759899e+01
2.308733e+00,2.920357e+00,4.098595e+00,5.112411e+01
2.133731e+00,3.846510e+00,4.004162e+00,4.348641e+01
3.855951e+00,2.842267e+00,1.376849e+00,2.742200e+01
2.894531e+00,3.291501e+00,4.970606e+00,4.880007e+01
1.845651e+00,3.518944e+00,3.489919e+00,3.581356e+00
3.957107e+00,2.073257e+00,1.457938e+00,2.997037e+01
4.666080e+00,2.989858e+00,2.547910e+00,1.160777e+01
2.741061e+00,2.960365e+00,1.765286e+00,1.049480e+01
3.577465e+00,1.622386e+00,1.734509e+00,3.324402e+00
1.763159e+00,3.458197e+00,3.850376e+00,2.542036e+01
2.562218e+00,4.578574e+00,3.249503e+00,5.572575e+01
3.819318e+00,4.019461e+00,1.477272e+00,1.595375e+01
3.341565e+00,2.568108e+00,2.184090e+00,1.480870e+01
4.079938e+00,1.688189e+00,4.998763e+00,2.261679e+00
3.486776e+00,4.503832e+00,2.724300e+00,7.484252e+01
4.175356e+00,1.508857e+00,2.396037e+00,-1.482889e+01
2.178024e+00,2.010623e+00,2.687999e+00,2.417507e+01
4.909669e+00,2.184263e+00,1.862572e+00,5.566451e+01
1.146363e+00,3.575207e+00,2.614641e+00,3.286872e+01
2.511823e+00,3.794831e+00,1.894520e+00,3.335865e+01
1.692663e+00,1.453311e+00,3.211407e+00,-2.341257e+01
1.265251e+00,3.221976e+00,1.189111e+00,4.535835e+00
1.582091e+00,2.060300e+00,1.316420e+00,1.746385e+01
4.606083e+00,3.386710e+00,2.858686e+00,3.208917e+01
4.453044e+00,3.910898e+00,2.726373e+00,5.056060e+01
3.863463e+00,4.352822e+00,4.481600e+00,4.769087e+01
4.633198e+00,4.000749e+00,1.792780e+00,1.515200e+01
1.928558e+00,4.364255e+00,2.829395e+00,-6.222035e+00
3.055210e+00,2.837410e+00,2.118533e+00,4.227694e+00
2.261020e+00,3.825121e+00,1.547867e+00,1.513626e+01
3.798209e+00,4.790049e+00,4.698730e+00,4.101431e+01
3.632974e+00,2.788898e+00,4.755195e+00,3.482174e+01
3.481100e+00,2.596125e+00,2.358411e+00,1.321165e+01
1.044394e+00,1.770582e+00,4.341027e+00,3.833213e+01
4.060900e+00,2.512718e+00,1.553120e+00,1.236756e+01
2.115319e+00,3.007506e+00,3.072780e+00,7.738742e+00
3.493986e+00,1.533913e+00,4.121641e+00,1.280138e+01
1.884424e+00,2.518567e+00,3.190679e+00,6.325642e+00
1.392301e+00,2.282158e+00,1.760451e+00,6.010724e+01
2.026166e+00,1.078421e+00,2.787487e+00,1.677220e+01
1.904364e+00,4.688792e+00,3.575545e+00,-1.597049e+01
1.030482e+00,1.943111e+00,4.130332e+00,3.362488e+01
1.336174e+00,3.230191e+00,1.711148e+00,2.806973e+01
1.925723e+00,4.089361e+00,1.276957e+00,6.875196e+01
2.724263e+00,3.826246e+00,3.602912e+00,2.290399e+01
4.570836e+00,1.283162e+00,4.286378e+00,2.606010e+01
3.334070e+00,3.022689e+00,1.710144e+00,5.052624e+00
4.434219e+00,4.908196e+00,4.749956e+00,5.024220e+01
2.671617e+00,1.348006e+00,1.179509e+00,-4.427183e+00
1.009539e+00,4.505525e+00,4.219243e+00,-5.425754e+00
3.695245e+00,4.050682e+00,2.218652e+00,-2.200353e+00
1.446508e+00,3.613570e+00,1.169729e+00,1.180290e+01
1.322918e+00,3.463248e+00,1.534124e+00,1.600405e+01
1.507120e+00,3.629471e+00,3.804913e+00,2.435935e+01
2.925034e+00,3.153349e+00,1.494867e+00,4.656245e+01
1.029233e+00,3.683211e+00,3.498412e+00,5.972658e+01
3.706209e+00,3.210456e+00,4.135438e+00,4.196929e+01
4.892172e+00,3.588228e+00,3.163418e+00,1.184534e+01
2.715930e+00,3.309250e+00,1.842727e+00,4.543758e+01
2.576600e+00,3.302188e+00,1.301633e+00,2.850803e+00
4.410177e+00,2.815709e+00,3.506453e+00,4.513276e+01
3.507731e+00,2.777451e+00,1.264740e+00,1.576059e+01
3.215147e+00,4.637506e+00,1.486633e+00,1.129924e+01
1.373427e+00,2.423631e+00,1.527277e+00,-8.658944e+00
1.205717e+00,2.397736e+00,4.712212e+00,1.978199e+01
2.082561e+00,3.040665e+00,3.780323e+00,2.904540e+01
2.340629e+00,3.961443e+00,4.648394e+00,2.113119e+01
4.219247e+00,2.189179e+00,2.055371e+00,7.409474e+01
1.775222e+00,1.002826e+00,4.183427e+00,-2.161866e+01
2.535739e+00,4.012963e+00,3.838055e+00,1.623725e+01
3.744626e+00,1.791314e+00,2.735501e+00,5.832313e+01
2.404111e+00,4.082273e+00,4.891793e+00,2.335670e+01
3.054638e+00,1.782078e+00,4.076991e+00,6.228104e+00
3.524212e+00,3.736703e+00,3.339348e+00,-3.190223e+00
4.669466e+00,4.359904e+00,1.446547e+00,2.303671e+01
4.471452e+00,2.225928e+00,2.723199e+00,1.379323e+01
4.211867e+00,4.049093e+00,2.887332e+00,4.462402e+01
4.192114e+00,4.478355e+00,4.916478e+00,3.735413e+01
2.565562e+00,1.534349e+00,3.849035e+00,2.400008e+00
3.316173e+00,2.123345e+00,4.452680e+00,3.219213e+01
4.871518e+00,2.952414e+00,4.913412e+00,3.254012e+01
3.175211e+00,4.781870e+00,4.991879e+00,6.221248e+01
4.316547e+00,2.377688e+00,4.518663e+00,6.638890e+01
4.696148e+00,1.433824e+00,1.776876e+00,4.201472e+01
2.311655e+00,3.014082e+00,2.073183e+00,-1.980406e+01
4.318776e+00,4.401581e+00,2.721631e+00,2.254994e+01
2.729422e+00,2.492099e+00,3.941394e+00,1.274134e+00
4.537449e+00,2.327349e+00,4.486194e+00,-4.271717e+00
2.812502e+00,3.571861e+00,2.660333e+00,2.805495e+00
2.966799e+00,2.967808e+00,4.307134e+00,1.347931e+00
4.030757e+00,1.656701e+00,2.038925e+00,-5.367047e-02
4.252622e+00,4.695608e+00,3.986579e+00,3.910669e+01
1.435761e+00,2.331781e+00,4.377771e+00,4.673422e+01
2.219030e+00,2.666481e+00,4.146650e+00,9.305591e+00
2.985952e+00,3.187108e+00,4.939777e+00,-7.651145e+00
3.761041e+00,1.207319e+00,3.149407e+00,-1.451556e+01
4.929423e+00,2.048513e+00,3.889615e+00,5.225133e+00
2.940002e+00,2.974253e+00,1.514829e+00,1.222810e+01
4.292124e+00,2.360516e+00,3.512610e+00,1.719733e+01
1.350797e+00,1.404869e+00,1.031569e+00,-2.020948e+01
2.096543e+00,2.853947e+00,4.284620e+00,3.481719e+01
2.577044e+00,2.992577e+00,2.450736e+00,-3.028509e+01
4.744060e+00,1.837341e+00,1.928233e+00,-1.237634e+01
2.837333e+00,3.811091e+00,2.000510e+00,-1.991602e+01
2.459471e+00,2.968128e+00,1.678796e+00,2.509096e+01
2.191453e+00,4.604375e+00,3.830960e+00,4.762819e+01
3.533250e+00,1.102970e+00,1.042185e+00,8.357324e+00
4.578315e+00,4.215231e+00,4.177019e+00,5.803735e+01
2.366839e+00,2.724968e+00,4.353835e+00,4.768149e+01
3.575112e+00,2.633621e+00,3.309528e+00,-6.518141e+00
4.424899e+00,1.715525e+00,1.183827e+00,3.404307e+01
3.227606e+00,3.345592e+00,4.377776e+00,1.598179e+01
4.669393e+00,4.106878e+00,1.092708e+00,5.580667e+01
4.347938e+00,1.453542e+00,1.797911e+00,4.834376e+01
4.426868e+00,2.469160e+00,3.534289e+00,5.358544e+01
2.136036e+00,1.699343e+00,1.802418e+00,5.888929e+01
1.217621e+00,1.863241e+00,4.582121e+00,3.243658e+01
4.850738e+00,3.751962e+00,2.221542e+00,2.534847e+00
1.391341e+00,2.489419e+00,4.898127e+00,3.507748e+01
2.513410e+00,2.369499e+00,1.383173e+00,-1.803793e+01
2.044423e+00,2.005385e+00,2.935499e+00,1.117774e+01
3.160647e+00,4.803489e+00,2.694493e+00,3.127954e+01
2.288884e+00,1.691824e+00,4.381848e+00,2.486974e+01
1.052350e+00,4.998397e+00,1.692892e+00,5.299903e+00
1.815684e+00,3.149444e+00,3.498056e+00,3.933995e+01
1.575983e+00,3.891401e+00,3.031792e+00,6.325849e+00
3.155410e+00,2.613159e+00,3.577792e+00,-5.431800e+00
4.861313e+00,3.654617e+00,3.524380e+00,-1.263500e+00
3.474330e+00,3.646786e+00,2.309953e+00,3.882126e+01
2.254702e+00,3.201249e+00,2.157750e+00,3.080775e+01
3.316423e+00,1.209831e+00,3.308039e+00,-1.646388e+01
1.926120e+00,4.652347e+00,3.564281e+00,3.223191e+01
1.514823e+00,1.332283e+00,1.076516e+00,-1.807493e+00
2.842775e+00,2.545661e+00,3.655794e+00,3.363874e+01
2.124836e+00,4.604555e+00,1.209313e+00,1.598063e+01
4.754978e+00,3.554166e+00,1.912298e+00,-4.579325e+01
1.129674e+00,3.110454e+00,1.089551e+00,1.082156e+01
1.573765e+00,1.445955e+00,2.008289e+00,1.349503e+01
1.679639e+00,1.197564e+00,2.076581e+00,4.517929e+01
3.489544e+00,3.825524e+00,1.985578e+00,5.038079e+01
2.351030e+00,1.936879e+00,2.250715e+00,-7.746570e+00
4.822364e+00,2.172109e+00,1.251487e+00,2.639153e+01
4.314962e+00,2.716952e+00,2.499891e+00,4.177979e+01
2.572654e+00,2.617686e+00,2.851351e+00,1.216940e+01
3.451773e+00,4.377389e+00,4.743672e+00,5.367654e+00
4.916795e+00,2.898163e+00,1.030802e+00,4.106776e+01
4.140522e+00,2.126556e+00,2.485391e+00,2.100651e+01
2.310051e+00,2.718059e+00,2.409541e+00,3.188263e+01
3.805541e+00,3.387713e+00,4.015587e+00,4.865793e+01
4.854018e+00,3.969460e+00,2.485091e+00,1.717801e+01
4.768637e+00,3.107606e+00,4.911056e+00,3.211522e+01
4.400623e+00,2.786012e+00,1.552035e+00,-1.053395e+01
1.147102e+00,3.082168e+00,4.275432e+00,3.753074e+01
4.375619e+00,4.266858e+00,3.657290e+00,1.222103e+01
3.836386e+00,4.530657e+00,1.259792e+00,3.161347e+01
4.712829e+00,3.337413e+00,3.490702e+00,3.868752e+01
1.823402e+00,4.340568e+00,4.942447e+00,2.261485e+01
2.955232e+00,3.326916e+00,1.723084e+00,6.768545e+01
2.965037e+00,2.525320e+00,2.462674e+00,-3.208686e+00
3.037318e+00,1.922184e+00,2.764164e+00,-3.370914e+01
3.241307e+00,1.131068e+00,4.095216e+00,-2.368542e-01
3.112741e+00,3.032707e+00,3.263780e+00,3.927223e+01
2.665409e+00,2.102340e+00,4.532983e+00,5.212174e+01
2.119699e+00,2.518813e+00,2.118411e+00,3.393214e+01
2.976966e+00,3.686895e+00,4.177425e+00,2.575188e+01
4.649830e+00,2.022557e+00,1.699624e+00,-1.575498e+01
3.222696e+00,1.120906e+00,1.879708e+00,-2.503531e+01
3.184993e+00,3.685596e+00,4.371894e+00,6.010866e+01
4.333654e+00,2.478738e+00,4.555540e+00,1.500609e+01
4.184135e+00,3.586351e+00,1.621040e+00,6.390042e+01
4.339074e+00,3.865536e+00,4.622873e+00,-4.524562e+00
3.279454e+00,3.269526e+00,4.405156e+00,1.683047e+01
2.790494e+00,3.151027e+00,3.787473e+00,4.727576e+01
4.960776e+00,4.585810e+00,1.669205e+00,5.171640e+01
3.368484e+00,3.507830e+00,4.418858e+00,6.857915e+00
3.386641e+00,1.516307e+00,4.963206e+00,1.942083e+01
2.486108e+00,1.411305e+00,4.828105e+00,2.468157e+01
3.306140e+00,4.361230e+00,1.805386e+00,5.285983e+01
2.875390e+00,2.390680e+00,2.060362e+00,6.238210e+01
4.037534e+00,3.862320e+00,2.645909e+00,-1.656069e+01
4.964000e+00,1.170518e+00,1.316353e+00,-2.068789e+01
3.645656e+00,2.273019e+00,3.492276e+00,-4.997153e+00
3.238497e+00,2.736439e+00,1.171007e+00,3.196936e+00
2.988245e+00,2.568972e+00,1.355062e+00,-6.703791e+00
