4.679603e+00,2.539686e+00,-1.010849e+00
5.150599e+00,1.048804e+00,-9.367021e-01
4.000807e+00,5.172333e+00,-9.610502e-01
3.653553e+00,4.734452e+00,-6.909869e-01
2.396643e+00,1.409313e+00,1.088497e+00
4.216682e+00,3.366358e+00,-1.050114e+00
4.429560e+00,2.613008e+00,-1.033382e+00
1.620827e+00,1.385299e+00,1.341499e+00
2.050008e+00,4.754036e+00,9.181363e-01
5.975905e+00,5.856262e+00,-3.754785e-01
1.110583e+00,1.566624e+00,1.297570e+00
4.707398e+00,1.886483e+00,-9.864250e-01
4.476683e+00,2.141778e+00,-9.836163e-01
2.945017e+00,1.692298e+00,4.424442e-01
1.230725e+00,2.424732e+00,1.258545e+00
1.801771e+00,1.185934e+00,1.383667e+00
4.941138e+00,1.003269e+00,-9.799747e-01
2.739922e+00,2.563715e+00,5.424307e-01
1.797149e+00,2.587141e+00,1.277950e+00
4.338193e+00,2.918672e+00,-1.030323e+00
1.550517e+00,1.085541e+00,1.317713e+00
2.800215e+00,4.259735e+00,2.190844e-01
2.793768e+00,5.972790e+00,3.776223e-01
5.333914e+00,2.427272e+00,-8.311837e-01
2.231293e+00,1.937114e+00,1.088104e+00
3.629288e+00,3.975777e+00,-6.560172e-01
2.604974e+00,3.717154e+00,4.866650e-01
2.480722e+00,1.448447e+00,8.961699e-01
3.452353e+00,2.343781e+00,-2.134265e-01
1.599367e+00,1.176195e+00,1.341132e+00
1.945363e+00,3.660388e+00,9.959353e-01
1.813177e+00,1.530217e+00,1.294122e+00
3.285339e+00,1.510390e+00,1.657551e-02
1.206823e+00,4.305580e+00,9.105579e-01
5.034238e+00,4.468188e+00,-1.206499e+00
2.553005e+00,2.555175e+00,7.602483e-01
3.543562e+00,3.948768e+00,-5.202695e-01
2.667941e+00,3.043391e+00,5.627030e-01
2.037682e+00,1.620452e+00,1.249534e+00
3.505223e+00,3.409755e+00,-4.371765e-01
2.723212e+00,2.912474e+00,4.993672e-01
1.085993e+00,3.125205e+00,1.044244e+00
2.573718e+00,3.095860e+00,6.432173e-01
2.301645e+00,5.962545e+00,8.669993e-01
3.338354e+00,3.568560e+00,-2.974961e-01
5.746546e+00,3.973497e+00,-6.820225e-01
3.866942e+00,3.603323e+00,-7.874089e-01
5.260118e+00,1.270451e+00,-8.079304e-01
3.571657e+00,3.880419e+00,-6.309753e-01
2.222464e+00,2.994057e+00,9.667415e-01
4.365409e+00,5.152824e+00,-1.274536e+00
5.976937e+00,4.807042e+00,-5.075335e-01
2.492168e+00,1.688615e+00,9.389903e-01
5.626890e+00,1.543468e+00,-5.386877e-01
2.903393e+00,2.545478e+00,3.391208e-01
4.194704e+00,4.570622e+00,-1.190782e+00
5.305498e+00,5.090820e+00,-1.047784e+00
5.420691e+00,5.888542e+00,-9.364601e-01
1.914933e+00,1.263142e+00,1.335824e+00
2.067451e+00,4.535061e+00,9.326602e-01
2.908681e+00,4.722612e+00,1.813272e-01
5.872435e+00,4.603219e+00,-5.682598e-01
2.772032e+00,4.609812e+00,3.623359e-01
5.112416e+00,4.218745e+00,-1.183892e+00
4.658788e+00,5.735577e+00,-1.231686e+00
3.675455e+00,2.451110e+00,-4.613953e-01
3.387963e+00,4.527660e+00,-4.024259e-01
1.554619e+00,4.548396e+00,1.014130e+00
1.802487e+00,2.397976e+00,1.245109e+00
1.991542e+00,3.364670e+00,1.055371e+00
2.506654e+00,5.153920e+00,5.508220e-01
1.893510e+00,5.167658e+00,9.612689e-01
4.524060e+00,3.331830e+00,-1.148628e+00
5.555994e+00,5.061446e+00,-9.322056e-01
4.800474e+00,5.065334e+00,-1.244149e+00
2.347843e+00,3.134942e+00,8.623040e-01
3.637252e+00,5.664529e+00,-6.753703e-01
5.897027e+00,5.199030e+00,-4.904433e-01
1.313171e+00,1.059084e+00,1.287772e+00
3.138849e+00,2.421677e+00,2.071878e-01
2.455282e+00,1.132582e+00,9.097903e-01
1.966232e+00,3.474977e+00,9.770085e-01
3.957121e+00,1.547610e+00,-6.636359e-01
3.954393e+00,2.403197e+00,-6.708176e-01
1.933150e+00,3.502179e+00,1.101745e+00
5.769796e+00,1.908739e+00,-4.261907e-01
3.107145e+00,3.479555e+00,-6.793824e-02
2.906183e+00,5.754751e+00,1.964292e-01
3.968554e+00,3.591625e+00,-8.753505e-01
3.721244e+00,4.489180e+00,-7.486223e-01
4.412573e+00,4.521915e+00,-1.238136e+00
5.239347e+00,3.487464e+00,-9.821243e-01
2.883514e+00,3.642605e+00,3.063913e-01
5.016522e+00,4.275811e+00,-1.218829e+00
3.556123e+00,2.896416e+00,-3.767507e-01
3.354335e+00,4.526081e+00,-2.981693e-01
3.114677e+00,1.112540e+00,1.931818e-01
2.992843e+00,3.347226e+00,2.023313e-01
2.374093e+00,1.453550e+00,1.025669e+00
1.014671e+00,3.004970e+00,1.019100e+00
3.299618e+00,5.866278e+00,-1.641563e-01
1.298148e+00,4.016327e+00,9.619654e-01
2.959181e+00,2.293484e+00,4.024649e-01
2.228485e+00,5.338466e+00,8.071624e-01
5.711418e+00,1.808812e+00,-4.667052e-01
5.661994e+00,5.646690e+00,-7.368334e-01
3.508750e+00,4.530528e+00,-5.424281e-01
2.939666e+00,5.737537e+00,1.954357e-01
4.433592e+00,3.707884e+00,-1.100992e+00
1.315022e+00,4.345430e+00,1.021865e+00
3.300563e+00,5.638304e+00,-3.404527e-01
5.508254e+00,3.764113e+00,-8.769400e-01
1.508637e+00,2.502607e+00,1.308210e+00
4.288292e+00,5.365145e+00,-1.166401e+00
5.105782e+00,2.519008e+00,-9.677587e-01
1.421442e+00,1.861223e+00,1.385632e+00
1.687959e+00,4.244039e+00,1.125483e+00
4.666021e+00,3.087483e+00,-1.127913e+00
4.932126e+00,1.458466e+00,-9.748699e-01
3.934759e+00,1.407323e+00,-6.747346e-01
2.289129e+00,1.398838e+00,9.829871e-01
5.783134e+00,4.763522e+00,-6.607631e-01
1.864312e+00,4.795400e+00,1.002688e+00
4.865092e+00,5.567981e+00,-1.333286e+00
1.248746e+00,3.996313e+00,9.840318e-01
3.394689e+00,5.067053e+00,-3.949399e-01
1.502574e+00,2.788990e+00,1.203357e+00
5.518174e+00,1.468580e+00,-6.228158e-01
3.316231e+00,4.028954e+00,-3.236839e-01
3.487182e+00,5.933939e+00,-3.893253e-01
2.147957e+00,4.224916e+00,8.596367e-01
2.376480e+00,3.018922e+00,8.536967e-01
3.781802e+00,4.335657e+00,-8.138064e-01
3.021201e+00,2.411554e+00,2.597848e-01
3.578584e+00,1.088676e+00,-3.087460e-01
1.170332e+00,4.278071e+00,9.655442e-01
4.264602e+00,3.046714e+00,-1.010082e+00
1.968665e+00,2.047149e+00,1.263486e+00
4.078142e+00,4.890920e+00,-1.092938e+00
2.135126e+00,1.970416e+00,1.220416e+00
3.188529e+00,2.459972e+00,3.845054e-02
4.264320e+00,1.814916e+00,-8.612533e-01
2.323727e+00,1.813393e+00,1.010586e+00
4.139134e+00,2.133371e+00,-8.150149e-01
2.787326e+00,3.631114e+00,3.847184e-01
2.149424e+00,5.676359e+00,9.435351e-01
4.428462e+00,5.612932e+00,-1.150544e+00
1.801180e+00,2.628383e+00,1.240281e+00
3.339014e+00,4.966730e+00,-3.660339e-01
3.586970e+00,5.915153e+00,-5.601224e-01
5.488148e+00,5.774876e+00,-9.005573e-01
2.685122e+00,1.286993e+00,7.077489e-01
5.264576e+00,1.345995e+00,-7.907785e-01
4.939013e+00,1.159577e+00,-9.774428e-01
2.819990e+00,5.031678e+00,2.049898e-01
3.763007e+00,5.644225e+00,-7.485210e-01
5.872982e+00,3.694913e+00,-5.535057e-01
5.775193e+00,2.632559e+00,-4.760431e-01
5.729583e+00,5.910863e+00,-6.994237e-01
4.236837e+00,1.442443e+00,-8.613410e-01
3.696766e+00,1.750891e+00,-5.054264e-01
3.952611e+00,3.320392e+00,-8.849172e-01
5.253538e+00,5.810731e+00,-9.862912e-01
1.940047e+00,4.205170e+00,9.593495e-01
1.002976e+00,5.983268e+00,9.701363e-01
1.292961e+00,1.080166e+00,1.324377e+00
1.310693e+00,2.826272e+00,1.197999e+00
1.724159e+00,5.771228e+00,1.108372e+00
4.555364e+00,4.019338e+00,-1.263175e+00
3.062813e+00,3.619021e+00,6.060529e-02
5.580296e+00,1.220184e+00,-6.026957e-01
5.002900e+00,4.267257e+00,-1.336127e+00
5.828282e+00,4.493663e+00,-6.511469e-01
4.366012e+00,4.763859e+00,-1.193810e+00
4.159194e+00,1.272513e+00,-7.619277e-01
2.424464e+00,4.527582e+00,6.096170e-01
3.058074e+00,2.322813e+00,2.163844e-01
4.342788e+00,3.789683e+00,-1.155128e+00
2.651746e+00,5.588211e+00,5.643714e-01
1.158170e+00,2.925007e+00,1.220792e+00
1.728816e+00,2.116621e+00,1.356261e+00
4.525075e+00,5.933913e+00,-1.136268e+00
1.477085e+00,3.564019e+00,1.159227e+00
4.724205e+00,5.189621e+00,-1.248564e+00
3.126034e+00,3.519352e+00,2.467499e-03
1.789313e+00,3.489413e+00,1.073441e+00
4.175245e+00,2.915076e+00,-8.774831e-01
3.783105e+00,1.735507e+00,-4.837413e-01
4.029265e+00,2.020974e+00,-7.029687e-01
5.624788e+00,4.702120e+00,-8.900036e-01
1.521385e+00,2.680829e+00,1.284513e+00
4.774438e+00,2.689909e+00,-1.088518e+00
4.259893e+00,2.479696e+00,-9.149588e-01
3.953961e+00,2.585562e+00,-6.819401e-01
3.809769e+00,4.402945e+00,-8.450555e-01
1.327366e+00,1.693889e+00,1.353368e+00
5.334412e+00,5.167508e+00,-1.117666e+00
5.608301e+00,2.151205e+00,-4.844299e-01
5.727586e+00,1.766980e+00,-4.197714e-01
3.689344e+00,4.145619e+00,-7.762076e-01
