3.588835e+00,2.392187e+00,4.372140e+00,6.338079e-01
1.838572e+00,4.484238e+00,1.527254e+00,-7.106098e-01
2.746331e+00,3.812442e+00,2.538182e+00,-2.389195e+00
4.393560e+00,2.186136e+00,3.718498e+00,6.928038e-01
4.297512e+00,3.901956e+00,1.163644e+00,8.388271e-01
2.423270e+00,4.558392e+00,1.885294e+00,-1.654625e+00
4.097415e+00,4.433335e+00,3.303308e+00,7.918884e-01
2.384770e+00,3.047247e+00,1.015804e+00,-9.128893e-01
3.983097e+00,3.897931e+00,1.278293e+00,-8.872292e-01
3.625376e+00,1.213477e+00,2.285096e+00,-1.828066e+00
4.977456e+00,2.797278e+00,1.653732e+00,-2.439500e+00
2.939035e+00,1.504517e+00,4.180506e+00,-9.965749e-01
1.780601e+00,1.894665e+00,3.769819e+00,-2.325796e+00
3.666601e+00,4.689531e+00,2.499851e+00,-5.915443e-01
1.591199e+00,4.424101e+00,4.003490e+00,6.786168e-01
2.704384e+00,4.830736e+00,1.657099e+00,-1.104263e+00
3.873617e+00,1.331433e+00,3.324921e+00,-1.040016e+00
4.434520e+00,2.389736e+00,2.654697e+00,-8.566119e-01
4.832292e+00,4.701319e+00,3.985069e+00,3.428311e+00
2.162825e+00,2.399498e+00,4.467981e+00,-2.044020e+00
3.614589e+00,2.789140e+00,1.486646e+00,-1.268032e+00
2.739999e+00,1.986885e+00,1.876927e+00,-3.970084e+00
4.033701e+00,3.246651e+00,3.069909e+00,3.444821e-01
4.088984e+00,4.720362e+00,4.819919e+00,3.434416e+00
1.688517e+00,2.912886e+00,4.294192e+00,-1.332314e+00
2.222431e+00,3.870790e+00,1.780643e+00,-2.545572e+00
1.492470e+00,3.590438e+00,2.165336e+00,-1.892777e+00
1.421289e+00,3.913834e+00,2.978399e+00,-3.181746e+00
4.949154e+00,4.824008e+00,2.823064e+00,2.260395e+00
2.159215e+00,4.431502e+00,4.603134e+00,-3.441664e-01
3.731280e+00,4.337227e+00,4.535897e+00,1.090775e+00
3.379395e+00,4.901665e+00,4.175147e+00,1.283282e+00
1.651266e+00,1.539283e+00,3.035552e+00,-3.282190e+00
4.654237e+00,3.738197e+00,2.594694e+00,-4.383748e-01
1.730706e+00,3.021278e+00,2.564067e+00,-5.456799e+00
4.890309e+00,2.029659e+00,4.685823e+00,1.188039e+00
4.322699e+00,2.607052e+00,1.707525e+00,5.084306e-01
4.091241e+00,1.613393e+00,4.331651e+00,1.054559e+00
4.314347e+00,1.403286e+00,4.834436e+00,1.294672e+00
4.926822e+00,2.786088e+00,4.157795e+00,8.628316e-01
1.686833e+00,1.347030e+00,2.186978e+00,-3.568576e+00
1.891463e+00,4.530865e+00,3.821100e+00,1.072891e+00
1.850745e+00,4.168856e+00,1.712606e+00,-1.082813e+00
1.055658e+00,1.002780e+00,3.015952e+00,-1.814794e+00
1.967222e+00,3.185279e+00,1.977640e+00,-3.408571e+00
3.223461e+00,4.035121e+00,2.593351e+00,-2.348113e+00
3.686050e+00,3.308046e+00,4.648835e+00,7.298669e-01
3.184721e+00,4.118200e+00,3.886421e+00,-5.218788e-01
4.359011e+00,4.279812e+00,3.031405e+00,1.543466e+00
1.110114e+00,3.117681e+00,4.497202e+00,-7.332865e-03
2.499749e+00,2.010734e+00,4.504480e+00,-2.283084e+00
1.193788e+00,2.848420e+00,4.862528e+00,3.366486e-01
1.561250e+00,4.428338e+00,2.183691e+00,-3.111517e+00
4.466841e+00,1.506466e+00,4.357208e+00,-2.548802e-01
3.696123e+00,1.518936e+00,4.016276e+00,-6.288760e-02
3.984953e+00,2.907705e+00,2.822392e+00,-2.759888e-03
3.076786e+00,1.324894e+00,3.678290e+00,-8.691054e-01
2.525314e+00,3.344550e+00,1.471220e+00,-2.872795e+00
3.705049e+00,2.924670e+00,4.714539e+00,1.420246e+00
1.013550e+00,2.128189e+00,4.986512e+00,4.548892e-01
1.135651e+00,4.992777e+00,4.204800e+00,7.619475e-01
1.374170e+00,3.684332e+00,3.017827e+00,-2.880584e+00
4.310902e+00,2.222463e+00,3.798509e+00,9.328744e-01
1.210661e+00,4.088215e+00,2.868245e+00,-2.326332e+00
2.662867e+00,1.237916e+00,1.563267e+00,-1.618055e+00
4.908947e+00,4.680240e+00,1.736505e+00,1.740768e+00
4.257385e+00,3.176545e+00,2.638051e+00,-9.022004e-01
4.724028e+00,4.627745e+00,2.378518e+00,2.314960e+00
2.813523e+00,4.669419e+00,1.212842e+00,-1.965950e+00
4.486533e+00,1.196709e+00,2.699040e+00,2.177273e-01
3.185657e+00,2.457434e+00,3.059573e+00,-1.415352e+00
3.042791e+00,3.865341e+00,2.499585e+00,-1.874537e+00
3.957668e+00,2.079888e+00,4.857925e+00,1.162783e-01
1.699537e+00,4.022311e+00,3.752428e+00,6.079628e-01
3.184160e+00,1.660158e+00,4.976098e+00,-6.399977e-03
1.059598e+00,4.378819e+00,3.285080e+00,-1.305094e+00
2.176065e+00,2.389942e+00,3.167129e+00,-2.795023e+00
3.099371e+00,4.700732e+00,4.789160e+00,2.261043e+00
1.160458e+00,3.563613e+00,1.231650e+00,-1.843631e+00
3.571017e+00,4.706639e+00,2.870038e+00,3.648749e-01
4.177864e+00,4.373809e+00,4.021976e+00,3.934569e+00
3.861586e+00,3.817172e+00,4.106409e+00,5.588782e-01
4.857339e+00,2.499212e+00,4.422645e+00,1.855856e+00
2.723999e+00,2.191108e+00,1.660626e+00,-4.327462e+00
3.997263e+00,3.192923e+00,2.187418e+00,-2.333278e+00
1.392959e+00,2.304949e+00,4.040278e+00,-1.037292e+00
2.636736e+00,3.409948e+00,2.355290e+00,-3.153498e+00
2.545465e+00,3.932507e+00,4.200095e+00,-1.067600e+00
4.749382e+00,3.541985e+00,1.455474e+00,1.191286e+00
2.222149e+00,1.906591e+00,3.853609e+00,-1.936620e+00
4.766882e+00,2.743158e+00,1.522456e+00,-1.142907e+00
1.541343e+00,3.282665e+00,2.942064e+00,-2.337990e+00
4.277560e+00,2.558708e+00,3.316805e+00,-8.970463e-01
1.226192e+00,2.215781e+00,2.678662e+00,-2.405135e+00
4.002099e+00,2.457326e+00,4.314266e+00,7.162892e-01
2.209881e+00,2.427201e+00,4.662683e+00,-1.517821e+00
1.745838e+00,4.244783e+00,4.444904e+00,1.057590e+00
4.777723e+00,4.759942e+00,4.832643e+00,3.823597e+00
4.415971e+00,3.442087e+00,2.033768e+00,-1.551765e+00
3.332145e+00,2.756246e+00,1.609644e+00,-2.890257e+00
3.249153e+00,3.676911e+00,1.914209e+00,-1.031062e+00
4.943377e+00,3.124713e+00,2.209680e+00,-4.022488e-01
2.681787e+00,1.077707e+00,2.370968e+00,-1.978070e+00
2.002094e+00,1.294873e+00,4.953401e+00,-3.822699e-01
2.223721e+00,2.482690e+00,3.549095e+00,-1.797975e+00
3.516517e+00,4.567247e+00,3.901128e+00,1.385045e+00
2.514863e+00,3.487059e+00,4.268934e+00,-1.176644e+00
1.042630e+00,3.626992e+00,1.095065e+00,-1.393191e+00
3.563018e+00,2.312725e+00,2.191005e+00,-3.388067e+00
2.005323e+00,4.770750e+00,3.681817e+00,-6.785380e-01
1.918440e+00,4.076116e+00,2.157652e+00,-2.726063e+00
3.675119e+00,4.353482e+00,4.179925e+00,1.719549e-01
4.899370e+00,1.225313e+00,2.474688e+00,-2.195221e-01
3.297475e+00,4.575730e+00,3.484701e+00,9.435211e-01
3.369196e+00,4.582188e+00,2.765357e+00,-7.803966e-02
3.549526e+00,2.283419e+00,2.625231e+00,-2.974574e+00
4.167474e+00,1.409007e+00,1.271224e+00,-1.132978e+00
1.504839e+00,4.310417e+00,1.657928e+00,1.469568e-01
2.919662e+00,3.170138e+00,3.504211e+00,-1.159245e+00
3.033132e+00,3.376196e+00,3.967044e+00,-1.462711e+00
1.794035e+00,4.897195e+00,3.750856e+00,1.976963e-02
3.272323e+00,1.992550e+00,3.998131e+00,-1.299427e+00
1.302671e+00,1.408988e+00,3.890058e+00,-1.484837e+00
3.456288e+00,3.625147e+00,1.070917e+00,-6.968707e-01
1.741297e+00,4.292535e+00,1.534675e+00,-1.125096e+00
3.996092e+00,3.398026e+00,3.775512e+00,-6.798479e-01
1.963875e+00,3.760387e+00,2.250148e+00,-3.968254e+00
2.807351e+00,3.622299e+00,2.334149e+00,-1.551031e+00
1.777239e+00,3.419991e+00,4.658569e+00,-1.998636e-01
3.691398e+00,2.897058e+00,3.688844e+00,2.806931e-01
2.957660e+00,1.715792e+00,2.787763e+00,-2.352225e+00
2.852849e+00,4.768423e+00,1.205448e+00,-1.074712e-01
4.453830e+00,3.690976e+00,3.854942e+00,1.859277e+00
3.318110e+00,4.534184e+00,1.115362e+00,1.266676e+00
2.582592e+00,4.787208e+00,4.139801e+00,3.403625e-01
1.562452e+00,1.907137e+00,4.999964e+00,-1.217107e+00
4.329261e+00,4.155397e+00,4.894115e+00,3.052277e+00
3.561014e+00,3.447815e+00,3.718455e+00,-1.680535e+00
1.872223e+00,2.264944e+00,1.084213e+00,-3.613182e+00
2.769343e+00,3.006553e+00,3.088383e+00,-3.354125e+00
2.854665e+00,2.880618e+00,3.850697e+00,3.772553e-02
1.312865e+00,4.252571e+00,1.015405e+00,-2.052627e+00
4.609912e+00,4.589764e+00,4.184718e+00,2.841884e+00
2.147922e+00,2.325628e+00,2.744289e+00,-2.478667e+00
3.856544e+00,3.316516e+00,3.930059e+00,-3.563602e-01
4.944108e+00,1.611344e+00,2.227473e+00,-6.099192e-01
2.496527e+00,4.682897e+00,3.917559e+00,-7.674310e-01
4.594421e+00,1.375243e+00,1.798701e+00,-9.585704e-01
4.396263e+00,3.583753e+00,4.286650e+00,1.589498e+00
4.014024e+00,3.248571e+00,2.106922e+00,-2.308585e-01
1.982656e+00,2.896246e+00,1.027792e+00,-3.076220e+00
1.453759e+00,3.446030e+00,4.847557e+00,5.564698e-01
2.632536e+00,4.624996e+00,1.078220e+00,-1.637372e+00
4.270581e+00,4.351722e+00,3.177510e+00,1.101239e+00
1.510409e+00,4.977562e+00,3.241774e+00,-1.299306e+00
1.172336e+00,3.978398e+00,2.092832e+00,-5.327492e-01
4.784179e+00,3.123588e+00,2.904809e+00,-4.592968e-01
1.409452e+00,3.395367e+00,3.465153e+00,-2.777273e+00
2.489529e+00,2.605490e+00,3.378088e+00,-3.255265e+00
1.865717e+00,2.977957e+00,1.252693e+00,-4.257619e+00
4.460487e+00,2.653879e+00,2.830482e+00,-9.215212e-01
2.178565e+00,3.734760e+00,4.592632e+00,-4.362828e-01
1.368385e+00,1.005176e+00,1.283761e+00,-1.503023e+00
1.596765e+00,1.331938e+00,3.350725e+00,-4.006479e+00
4.855991e+00,2.868530e+00,2.314086e+00,-1.623695e+00
3.828774e+00,4.922935e+00,2.413683e+00,4.122119e-01
1.525612e+00,3.220237e+00,4.762978e+00,7.188399e-02
2.268588e+00,1.395350e+00,1.843983e+00,-3.643585e+00
1.074239e+00,3.611057e+00,1.726045e+00,-1.392984e+00
3.424268e+00,4.307346e+00,3.084207e+00,-4.541720e-01
3.971807e+00,1.302287e+00,3.984953e+00,-4.212328e-01
1.741158e+00,3.593264e+00,2.406832e+00,-3.181837e+00
3.675336e+00,2.855820e+00,4.477849e+00,7.047520e-01
3.620514e+00,4.579285e+00,2.851717e+00,-7.475333e-01
4.802163e+00,3.836904e+00,2.638289e+00,-1.106149e+00
2.928544e+00,2.649343e+00,2.943067e+00,-3.493122e+00
2.083005e+00,4.973485e+00,4.601833e+00,9.721599e-01
4.805238e+00,4.586558e+00,1.036423e+00,1.316093e+00
3.810778e+00,1.219217e+00,4.470868e+00,1.140218e-01
2.956759e+00,2.228035e+00,3.800699e+00,-2.170121e+00
2.428925e+00,3.457950e+00,4.611064e+00,-3.692710e-01
3.516201e+00,2.079861e+00,4.437138e+00,3.491582e-01
4.332409e+00,3.543873e+00,4.587500e+00,2.265929e+00
2.106438e+00,2.035681e+00,2.198509e+00,-3.377810e+00
1.247675e+00,4.210124e+00,2.682182e+00,-2.074241e-01
1.404544e+00,3.607522e+00,3.725021e+00,-8.391718e-01
1.350803e+00,3.778184e+00,3.098589e+00,-7.928424e-01
2.997083e+00,4.560235e+00,2.509372e+00,-9.364093e-01
2.845763e+00,1.223943e+00,2.878276e+00,-2.279067e+00
1.116503e+00,1.931553e+00,2.161685e+00,-3.160724e+00
2.136412e+00,2.222333e+00,1.711547e+00,-3.707716e+00
3.011772e+00,1.795669e+00,1.421529e+00,-2.489990e+00
2.561292e+00,1.217605e+00,1.377983e+00,-3.783912e+00
4.650381e+00,4.870300e+00,1.566277e+00,3.416388e-01
2.116679e+00,2.981396e+00,3.030015e+00,-2.378350e+00
2.243255e+00,3.362693e+00,1.149899e+00,-1.486394e+00
3.477325e+00,1.389273e+00,4.661515e+00,1.367034e+00
3.088349e+00,2.739983e+00,4.281942e+00,-3.853972e-01
4.556896e+00,3.028097e+00,4.535093e+00,1.893600e+00
2.190543e+00,2.963390e+00,3.203206e+00,-3.221316e+00
