5.950094e+00,4.865894e+00,2.253308e+00,6.810499e+00
2.976226e+00,3.483464e+00,3.505399e+00,6.147165e+00
4.665743e+00,1.835064e+00,5.297073e+00,1.312031e+01
3.390075e+00,1.226530e+00,4.004551e+00,3.035042e+01
3.223194e+00,1.024520e+00,5.594754e+00,1.347754e+01
2.054328e+00,4.613573e+00,1.280209e+00,3.738426e-01
5.588397e+00,4.518824e+00,3.739094e+00,5.681689e+01
4.765214e+00,2.205106e+00,4.879910e+00,4.242738e+01
2.165214e+00,3.531893e+00,4.398045e+00,4.340768e+01
2.202100e+00,3.820876e+00,2.597612e+00,-3.859986e+01
2.736373e+00,5.002712e+00,4.578074e+00,3.328872e+01
3.365942e+00,4.469030e+00,1.629788e+00,1.042759e+01
5.540779e+00,2.062020e+00,3.744670e+00,2.818173e+01
2.267883e+00,4.930932e+00,4.041856e+00,4.526871e+01
4.334449e+00,1.049315e+00,3.020792e+00,-7.427144e+00
3.087677e+00,3.385023e+00,4.855848e+00,-3.720578e+01
1.582774e+00,1.177039e+00,5.808443e+00,1.830697e+01
2.073026e+00,4.103968e+00,4.625979e+00,5.375883e+01
5.130328e+00,1.339091e+00,2.865614e+00,6.556881e+01
4.265937e+00,4.761858e+00,3.484058e+00,3.603130e+01
2.994712e+00,4.730197e+00,1.837777e+00,2.713349e+01
3.187858e+00,1.272078e+00,3.007496e+00,-1.170535e+01
3.944210e+00,3.974770e+00,4.186297e+00,3.236531e+01
1.283610e+00,1.538933e+00,5.019802e+00,7.635314e+01
3.798376e+00,1.708391e+00,2.768604e+00,2.734111e+01
4.250042e+00,4.011843e+00,1.715758e+00,1.392353e+01
4.859403e+00,2.050366e+00,2.079705e+00,-1.886421e+01
4.434019e+00,1.188650e+00,1.414149e+00,3.202929e+01
5.687990e+00,2.200917e+00,2.058316e+00,3.342361e+01
4.370970e+00,3.747193e+00,3.767322e+00,3.976394e+01
4.783574e+00,5.717919e+00,4.888006e+00,2.990631e+01
2.539209e+00,5.096493e+00,1.352603e+00,-1.947094e+01
3.997010e+00,5.109299e+00,5.275848e+00,4.132003e+01
5.747256e+00,4.794080e+00,1.072562e+00,4.010847e+01
4.416506e+00,4.351728e+00,5.348659e+00,4.215164e+01
3.252825e+00,1.880158e+00,3.113796e+00,2.739496e+01
2.692871e+00,1.304423e+00,2.580300e+00,-1.598447e+01
1.157777e+00,2.091529e+00,4.874422e+00,1.197981e+01
4.921303e+00,3.173910e+00,2.968013e+00,8.000718e+01
5.268666e+00,1.699198e+00,5.148784e+00,4.057765e+01
3.214216e+00,5.914306e+00,3.157444e+00,3.119365e+01
5.489776e+00,1.511485e+00,4.296858e+00,3.161840e+01
1.472869e+00,1.161885e+00,2.206239e+00,1.959697e+01
4.399378e+00,3.489770e+00,5.837433e+00,4.418319e+01
1.221240e+00,1.941693e+00,2.688934e+00,-3.107615e+00
2.353069e+00,1.163872e+00,1.960209e+00,2.223262e+00
5.340876e+00,3.779074e+00,4.212167e+00,3.791912e+01
1.019605e+00,1.062164e+00,5.209374e+00,2.581711e+01
4.231127e+00,5.244344e+00,5.210266e+00,8.098777e+01
3.647158e+00,5.118445e+00,1.508104e+00,-3.623469e+01
5.281910e+00,1.057448e+00,3.209457e+00,3.174467e+01
2.608360e+00,3.762863e+00,4.054499e+00,6.554619e+00
3.525008e+00,3.999256e+00,3.643653e+00,-7.255661e+00
1.343698e+00,1.423720e+00,2.057891e+00,-6.853112e+00
4.038718e+00,4.176397e+00,3.886764e+00,8.338453e+01
2.211249e+00,5.974668e+00,5.994576e+00,4.642773e+01
5.762275e+00,1.037106e+00,1.460267e+00,8.557223e+01
5.740683e+00,1.617487e+00,1.882106e+00,3.024512e+01
4.131510e+00,1.180545e+00,2.447891e+00,9.336677e+00
5.930630e+00,1.340619e+00,2.893698e+00,4.012223e+01
3.722967e+00,2.695940e+00,2.954748e+00,-1.724133e+01
4.063162e+00,5.952129e+00,3.916562e+00,-2.319339e+01
3.342645e+00,2.252933e+00,4.779017e+00,4.302758e+01
1.456317e+00,1.860826e+00,2.106257e+00,2.622191e+01
5.116391e+00,1.598586e+00,4.796995e+00,4.767846e+01
5.947173e+00,1.536878e+00,2.706564e+00,2.177708e+01
1.724262e+00,2.650181e+00,2.454833e+00,-4.605830e+01
5.447292e+00,5.591463e+00,3.035727e+00,3.329967e+01
2.988386e+00,2.940522e+00,2.273585e+00,1.747445e+01
4.066139e+00,3.957091e+00,1.052230e+00,-5.224976e+00
3.842130e+00,4.571757e+00,4.440148e+00,3.889186e+01
1.767296e+00,1.628530e+00,2.350112e+00,2.269661e+01
4.779777e+00,5.650607e+00,5.321278e+00,5.134674e+01
1.118012e+00,3.720396e+00,5.900109e+00,-1.442360e+01
5.355186e+00,4.708424e+00,1.047117e+00,2.240169e+01
1.278888e+00,2.215902e+00,5.132002e+00,2.943258e+01
2.785417e+00,3.758569e+00,2.713969e+00,7.860503e+00
5.670504e+00,4.019885e+00,1.502876e+00,6.160568e+00
3.356571e+00,1.538905e+00,1.533278e+00,4.187401e+01
3.333432e+00,5.316021e+00,1.671197e+00,1.820134e+01
5.094527e+00,4.842311e+00,4.024724e+00,-2.127930e+01
3.813589e+00,3.655704e+00,2.701918e+00,2.516782e+01
4.890748e+00,1.428164e+00,3.063669e+00,2.843553e+01
1.446982e+00,4.601027e+00,1.826082e+00,4.503712e+01
2.954241e+00,3.828016e+00,4.225920e+00,2.803368e+01
5.227360e+00,5.329871e+00,2.655722e+00,3.744714e+01
3.514760e+00,4.918597e+00,2.157831e+00,4.648831e+01
2.681502e+00,3.538037e+00,2.536510e+00,5.464376e+00
1.898802e+00,3.571387e+00,3.366896e+00,2.932142e+01
4.654340e+00,4.621924e+00,5.367251e+00,7.441768e+01
2.856115e+00,4.897522e+00,3.569302e+00,5.021695e+01
4.280368e+00,1.731965e+00,5.494480e+00,1.956606e+01
5.353714e+00,4.480845e+00,4.764790e+00,4.467775e+01
1.044977e+00,3.976575e+00,1.338138e+00,1.397021e+01
4.043326e+00,3.083529e+00,4.714844e+00,9.886015e+00
4.970410e+00,4.755125e+00,3.638577e+00,4.121276e+01
1.340676e+00,2.189497e+00,2.943096e+00,7.834897e+00
2.387997e+00,4.578433e+00,3.431883e+00,2.088298e+01
4.300327e+00,3.225359e+00,4.753812e+00,2.433610e+01
5.949849e+00,3.350307e+00,4.040366e+00,2.107894e+01
2.223338e+00,5.650468e+00,2.554510e+00,1.915233e+01
1.006342e+00,3.962896e+00,3.382397e+00,4.198501e+01
3.103977e+00,3.000213e+00,3.885971e+00,7.731547e+00
4.828132e+00,2.392343e+00,3.595096e+00,2.106083e+01
3.470144e+00,3.886945e+00,5.477204e+00,3.567440e+01
1.841969e+00,1.456564e+00,3.220109e+00,6.775539e+01
1.253871e+00,2.909819e+00,2.327116e+00,-3.109890e+01
1.437614e+00,3.613114e+00,4.980292e+00,-2.081582e+01
3.835366e+00,1.610914e+00,1.446128e+00,-1.938882e+01
5.400258e+00,2.404224e+00,4.637491e+00,4.957833e+01
5.865139e+00,4.553447e+00,2.336649e+00,3.872100e+00
3.451531e+00,1.900999e+00,5.655696e+00,5.965329e+01
3.902841e+00,3.885879e+00,1.322732e+00,4.696202e+01
2.327026e+00,4.060053e+00,4.829006e+00,2.151455e+01
1.673692e+00,5.503343e+00,2.144642e+00,3.580701e+01
4.459363e+00,1.338497e+00,3.140230e+00,3.357759e+01
2.687959e+00,1.408151e+00,1.296515e+00,2.754760e+01
2.401014e+00,3.689225e+00,1.255791e+00,1.229858e+01
5.004188e+00,3.956192e+00,3.029953e+00,3.349941e+01
2.672459e+00,3.556968e+00,1.276120e+00,1.448618e+01
3.868235e+00,5.522287e+00,1.592234e+00,-1.978533e+01
2.575877e+00,1.850878e+00,4.891945e+00,1.875759e+01
3.727984e+00,5.138292e+00,5.368319e+00,3.180232e+01
1.408933e+00,5.873245e+00,2.252279e+00,-1.690819e+00
1.099889e+00,1.273424e+00,3.590219e+00,5.031601e+01
3.176766e+00,3.113926e+00,1.740268e+00,6.788843e+00
1.691135e+00,2.149706e+00,3.776919e+00,4.488217e+01
5.234445e+00,5.872948e+00,1.159649e+00,5.590506e+01
1.733487e+00,2.361702e+00,4.362456e+00,3.297711e+01
2.571259e+00,1.511520e+00,4.524685e+00,4.693614e+01
1.175351e+00,1.189680e+00,2.138409e+00,-1.446419e+01
4.836836e+00,2.523607e+00,5.589104e+00,4.207922e+01
2.059350e+00,3.028730e+00,4.040995e+00,2.649677e+01
4.753653e+00,2.271407e+00,5.915953e+00,1.228553e+00
2.831200e+00,4.781509e+00,2.092888e+00,1.212190e+01
5.144221e+00,4.630633e+00,1.199087e+00,2.810956e+01
5.371677e+00,1.267425e+00,4.788291e+00,4.132164e+01
3.339633e+00,2.981470e+00,2.909783e+00,3.312486e+01
1.987324e+00,1.786941e+00,4.111789e+00,2.785680e+00
3.024919e+00,4.394748e+00,2.005758e+00,2.133293e+01
1.092103e+00,5.983116e+00,4.057704e+00,-3.510499e+01
2.012531e+00,3.569298e+00,5.114690e+00,3.569869e+01
1.802467e+00,4.061106e+00,5.620255e+00,2.108055e+01
3.686437e+00,4.575771e+00,2.389825e+00,2.630422e+01
3.461607e+00,3.277654e+00,2.709645e+00,-4.449537e+00
4.677436e+00,5.862758e+00,5.412647e+00,6.060608e+01
1.000828e+00,5.914744e+00,4.694040e+00,2.356471e+01
2.428795e+00,1.929370e+00,5.662327e+00,4.220589e+01
2.869062e+00,2.912593e+00,2.774727e+00,-5.936012e+00
3.049373e+00,4.983768e+00,5.182138e+00,1.967852e+01
5.354355e+00,5.211652e+00,4.361360e+00,4.005412e+01
5.582689e+00,5.301872e+00,3.083369e+00,3.626531e+01
3.854098e+00,5.088821e+00,3.007837e+00,4.576115e+01
3.827397e+00,3.507906e+00,2.866789e+00,2.130594e+01
3.940895e+00,1.771817e+00,5.105220e+00,5.273087e+01
3.988446e+00,5.843059e+00,1.104179e+00,3.950539e+01
5.103244e+00,1.819702e+00,3.247887e+00,5.176256e+01
2.746771e+00,3.063123e+00,1.504053e+00,-1.596346e+01
5.796174e+00,5.328203e+00,4.561793e+00,1.630085e+01
1.057834e+00,5.543180e+00,4.528850e+00,2.899927e+01
1.384114e+00,5.315937e+00,2.673909e+00,2.343926e+01
2.973267e+00,4.035891e+00,5.335717e+00,6.098467e+01
4.670461e+00,4.264166e+00,2.844911e+00,5.299661e+00
5.253684e+00,5.000425e+00,1.519322e+00,4.481476e+01
1.129444e+00,5.099370e+00,4.278557e+00,8.231542e+00
4.754194e+00,2.411437e+00,4.488007e+00,5.369925e+01
1.969079e+00,1.782917e+00,5.687710e+00,-1.104408e+01
3.352803e+00,2.384075e+00,5.602708e+00,2.629719e+01
3.256689e+00,3.846245e+00,2.060612e+00,1.826779e+00
3.591048e+00,5.840450e+00,4.255853e+00,2.516910e+01
4.427489e+00,2.142501e+00,2.886710e+00,5.056879e+01
1.857182e+00,5.038830e+00,4.653129e+00,1.893878e+01
1.665565e+00,4.214213e+00,2.591504e+00,4.137399e+01
4.537407e+00,2.704650e+00,5.850636e+00,8.258841e+01
5.600884e+00,3.389811e+00,1.541620e+00,3.626238e+01
4.639104e+00,5.378847e+00,4.590311e+00,7.078849e+01
4.195466e+00,1.630608e+00,3.390492e+00,4.998825e+00
3.053057e+00,1.717034e+00,1.508208e+00,4.353665e+01
3.609744e+00,1.074628e+00,2.743789e+00,2.830255e+01
2.942905e+00,4.644286e+00,3.163502e+00,-1.839415e+01
3.672254e+00,4.269864e+00,3.315060e+00,1.936607e+01
2.133048e+00,2.677647e+00,5.356043e+00,6.808117e+01
5.725281e+00,2.632253e+00,1.357606e+00,-2.621521e+00
4.526250e+00,5.769591e+00,2.320682e+00,7.696880e+00
4.037336e+00,3.723826e+00,4.982637e+00,1.233807e+01
1.012303e+00,5.542535e+00,5.110949e+00,3.374965e+01
2.775360e+00,5.045801e+00,1.971762e+00,-2.545632e+01
4.821399e+00,3.378914e+00,5.962004e+00,2.629678e+01
1.373943e+00,2.476966e+00,2.770406e+00,3.964364e+01
2.397840e+00,4.995903e+00,2.424624e+00,1.829340e+01
5.428881e+00,4.275894e+00,4.964069e+00,2.594809e+01
2.023985e+00,2.500605e+00,1.796589e+00,-1.953746e+01
5.796218e+00,5.015968e+00,1.624242e+00,8.110410e+01
3.839567e+00,3.851550e+00,1.810219e+00,-2.617809e+01
4.998502e+00,3.072531e+00,4.010953e+00,-3.259305e+00
1.816927e+00,2.469940e+00,1.635172e+00,1.704612e+01
1.220658e+00,3.737359e+00,4.035003e+00,2.438886e+01
2.735457e+00,4.752137e+00,1.426140e+00,1.336616e+01
1.909195e+00,2.609536e+00,3.389326e+00,5.477185e+01
3.858661e+00,2.838897e+00,4.560534e+00,-1.948779e+01
