4.063738e+00,1.294115e+00,2.116837e+00,-5.297794e-01
2.388055e+00,1.246331e+00,3.464041e+00,-7.196989e-01
2.577264e+00,2.945825e+00,2.037870e-01,2.308637e+00
3.191741e+00,9.372941e-02,3.903899e+00,1.759855e+00
1.898217e-01,4.575662e+00,3.620291e+00,3.856709e-01
4.087121e+00,2.864212e+00,3.391295e+00,1.742486e+00
3.385943e+00,3.162765e+00,3.546019e+00,2.091524e+00
1.260639e+00,4.175864e+00,2.328131e+00,-1.631983e-01
2.364820e-01,1.837661e+00,3.836978e+00,-9.562226e-01
4.226931e+00,4.406626e+00,2.183966e+00,-4.412845e-01
2.050047e+00,3.136180e+00,1.022230e+00,1.130348e+00
3.485602e+00,1.447720e+00,1.784944e+00,-2.948918e-01
1.072400e+00,3.654366e+00,1.301529e+00,9.495325e-01
4.689739e+00,1.983623e-01,8.968727e-01,5.935833e-01
8.757688e-01,3.128625e+00,4.411353e+00,1.633456e+00
1.813948e+00,2.482160e+00,3.272536e+00,-1.186285e+00
1.886062e+00,2.221451e+00,3.671148e-01,-1.179370e+00
7.688864e-01,9.563435e-01,3.868215e+00,9.687144e-01
2.074515e+00,2.028680e+00,4.670722e+00,-1.720262e+00
4.220712e+00,2.861326e-01,2.099089e+00,1.861507e+00
3.703880e+00,4.132979e+00,1.676455e+00,3.656486e-01
2.517589e+00,1.937116e+00,1.976896e+00,-9.218545e-01
1.546343e+00,3.989789e+00,3.080719e+00,1.080557e+00
2.695127e+00,1.321524e+00,3.710208e+00,1.828103e-01
2.755725e+00,9.100766e-01,1.686079e+00,1.237260e+00
4.472834e+00,4.219060e+00,2.013132e+00,-1.957965e-01
3.630768e+00,2.388444e+00,2.038984e+00,3.632846e-01
4.444175e+00,1.426601e+00,3.024087e+00,-8.774782e-01
4.979330e+00,2.405601e+00,2.772460e+00,-1.540359e+00
6.085064e-01,9.636136e-01,2.557157e+00,1.265819e+00
2.299670e+00,1.830658e+00,3.090515e+00,-1.827233e+00
1.423747e+00,4.758878e+00,4.263678e+00,-1.275241e+00
4.810488e+00,4.891450e+00,2.834451e+00,-1.405661e+00
4.105889e+00,1.943500e+00,4.596370e+00,-5.015327e-01
1.459099e+00,4.973084e+00,1.828220e+00,-2.222045e+00
2.068400e+00,6.508931e-01,4.747821e+00,9.496098e-01
3.447686e+00,2.895317e+00,2.892627e+00,1.650781e+00
2.168553e+00,1.930520e+00,1.893247e+00,-1.637333e+00
2.783565e+00,3.729278e+00,1.679581e+00,1.483234e+00
1.719124e+00,1.233051e+00,4.293198e+00,-7.383545e-01
2.223222e+00,2.181564e+00,1.065118e+00,-6.863626e-01
3.113235e+00,4.439733e+00,2.117423e+00,7.423600e-01
2.951486e+00,4.574452e+00,2.341655e+00,3.164164e-02
2.737779e+00,1.976854e+00,2.251564e+00,-9.659307e-01
5.498761e-01,2.454633e+00,3.661513e+00,8.031121e-01
4.258874e+00,4.849077e+00,2.011394e+00,-9.384056e-01
1.093407e-01,3.640070e+00,2.841945e-02,2.710787e+00
1.478648e+00,4.231996e+00,4.507972e+00,-1.493389e-01
3.592860e+00,1.482029e+00,1.760986e+00,-7.002295e-02
4.344850e+00,4.604374e+00,1.896803e+00,-8.825813e-01
2.156935e+00,1.410735e+00,1.248947e+00,-1.120555e+00
4.816310e+00,1.875227e+00,8.484394e-01,-6.969855e-01
1.037706e+00,3.201166e+00,4.259337e+00,1.176943e+00
6.151093e-01,1.051526e+00,2.941826e+00,5.860091e-01
4.340493e+00,7.316509e-01,4.861325e+00,5.125135e-01
1.934664e-01,3.195425e+00,3.433953e+00,2.109987e+00
3.670665e-01,4.252627e+00,2.617584e+00,1.253205e+00
7.929256e-01,4.587138e+00,2.100898e+00,-9.874507e-01
4.067781e+00,4.180887e+00,2.208718e-01,2.928873e-01
1.591923e+00,2.036945e+00,3.103207e+00,-1.162522e+00
4.440296e+00,9.907514e-01,3.460222e+00,4.310030e-01
2.078682e+00,2.281327e+00,2.358184e+00,-1.399349e+00
2.154605e+00,7.184787e-01,2.041331e+00,7.436121e-01
2.836599e-01,1.543079e+00,8.626242e-01,1.559940e-01
2.570893e+00,7.910004e-01,9.226707e-01,9.532490e-01
4.712050e+00,1.390938e+00,4.490587e+00,-1.299542e+00
1.799473e+00,3.247640e+00,1.612575e+00,5.448310e-01
3.958574e+00,4.189723e+00,8.495859e-01,3.370629e-01
5.456296e-02,3.976875e+00,1.952423e+00,1.750146e+00
8.112788e-01,7.119251e-01,3.821668e+00,1.946055e+00
3.854226e+00,9.043748e-01,1.364223e+00,2.000901e+00
1.075617e+00,2.759417e+00,3.789361e+00,9.552231e-01
1.293813e+00,3.931985e+00,3.539957e+00,9.479929e-01
2.060540e+00,2.134504e+00,3.029964e-01,-1.359910e+00
1.353320e+00,5.739979e-01,1.334577e+00,1.470302e+00
3.883171e-01,4.456887e+00,1.652340e+00,2.463601e-01
4.170536e+00,3.558800e+00,3.897265e+00,1.582053e+00
3.049535e+00,2.866192e+00,1.170262e+00,1.518832e+00
3.766255e+00,2.103805e+00,4.867054e+00,-1.519186e-01
2.110458e+00,1.111114e+00,2.154321e+00,1.108065e-01
2.971152e+00,3.767123e+00,1.765323e+00,1.788920e+00
6.728830e-01,4.212113e+00,5.626701e-01,4.006025e-01
3.716472e+00,3.726305e+00,2.397073e+00,2.827119e+00
2.525639e+00,3.464546e+00,3.624174e+00,1.894419e+00
1.407708e+00,3.677110e+00,4.431983e+00,1.125675e+00
3.192734e+00,1.910049e+00,3.083717e+00,-8.345507e-01
1.618144e+00,3.974088e+00,2.799806e+00,1.141866e+00
4.925404e+00,3.943972e+00,2.687498e-01,1.328805e-02
2.221031e+00,2.138267e-01,2.741827e-02,1.519115e+00
4.046781e+00,2.400562e+00,3.818071e+00,-1.956333e-03
1.565267e+00,2.362422e+00,1.975472e+00,-1.409643e+00
6.682947e-01,2.413593e+00,4.304748e+00,5.138886e-01
4.208900e+00,3.022504e+00,3.396544e+00,1.719709e+00
2.648131e+00,1.401448e+00,1.676034e+00,-4.390980e-01
2.607059e+00,1.270678e+00,1.112497e+00,-1.178223e+00
1.219239e+00,4.315575e+00,6.807425e-01,5.890017e-01
3.710557e+00,3.055305e+00,4.636655e+00,8.084944e-01
5.041879e-01,8.005526e-01,2.529407e+00,1.582119e+00
7.768426e-01,3.050268e+00,4.152540e+00,1.686353e+00
4.198920e+00,2.712550e+00,3.310034e+00,1.889382e+00
2.012680e+00,2.836407e-01,2.170257e+00,1.763938e+00
1.739859e+00,5.971714e-01,1.023302e+00,1.236057e+00
8.332575e-01,2.809874e+00,1.718834e+00,1.007696e+00
2.015036e+00,4.435439e+00,2.604985e+00,-1.263909e+00
3.183942e+00,1.307694e+00,9.921205e-01,-1.853766e-01
3.949297e+00,4.901977e+00,3.965010e+00,-4.543843e-01
1.900527e+00,1.552287e+00,3.555236e+00,-7.269023e-01
2.419298e+00,2.230284e+00,4.085435e+00,-7.503630e-01
2.775693e+00,6.727054e-01,2.506478e+00,2.024190e+00
1.317626e+00,2.674877e+00,9.699464e-01,-2.063195e-01
1.639862e+00,3.326379e-01,1.843790e+00,1.080903e+00
8.648659e-01,1.138779e-01,3.557256e+00,2.235390e+00
7.442601e-01,2.685658e+00,9.970687e-02,8.730841e-01
8.321924e-01,6.569152e-01,3.891166e+00,2.015561e+00
1.215729e+00,2.127250e+00,4.014159e+00,-1.047744e+00
3.737857e+00,2.044358e+00,4.626453e-01,-5.050731e-01
1.397884e+00,3.420831e+00,4.283685e+00,8.894558e-01
4.490457e+00,1.632011e+00,1.783616e+00,-2.035903e+00
2.761387e+00,1.138322e+00,3.769502e+00,2.246146e-01
2.334525e+00,3.665623e+00,4.030981e+00,9.879602e-01
1.057490e+00,3.543436e+00,4.382697e+00,2.004639e+00
7.727738e-01,3.797851e+00,2.332086e+00,1.840636e+00
1.163492e+00,1.539222e+00,2.486691e+00,-9.799695e-01
2.545422e+00,1.712011e+00,3.384590e+00,-1.057915e+00
2.396012e+00,1.144709e-01,4.877843e+00,1.449193e+00
3.028922e+00,5.143911e-01,7.073903e-01,2.427922e+00
4.468352e+00,2.425735e+00,2.773667e+00,3.107891e-01
2.060432e+00,4.906960e+00,4.854732e+00,-2.178037e+00
1.154527e+00,2.733825e+00,5.810604e-01,8.586343e-01
1.853925e+00,4.149309e+00,4.639919e+00,-5.257911e-01
1.104116e+00,5.614143e-01,2.694344e+00,1.789895e+00
3.650508e-01,3.334906e-02,4.047208e+00,2.667259e+00
3.614840e+00,4.582484e+00,1.546717e+00,-4.109001e-01
1.820704e+00,3.022790e+00,1.104287e+00,1.367563e+00
1.394711e+00,2.096915e+00,3.965381e+00,-1.472240e+00
1.084472e+00,4.943756e+00,2.209598e+00,-1.639642e+00
2.705482e+00,3.096968e+00,7.769029e-01,2.232848e+00
9.295410e-01,1.446385e+00,1.106376e+00,-3.821111e-01
1.910582e+00,1.116446e+00,1.969957e+00,-6.497626e-01
4.192957e+00,3.903171e+00,2.751674e+00,1.412695e+00
4.894126e+00,4.245074e+00,3.962962e-01,-7.556116e-01
2.943485e+00,3.888071e+00,3.410678e+00,1.265913e+00
4.035023e+00,3.362760e+00,2.323516e+00,1.043049e+00
1.592982e+00,2.981780e+00,3.575425e+00,1.005681e+00
4.326572e+00,4.443970e-02,4.867793e-01,1.143275e+00
3.184324e-01,2.227856e+00,3.325848e+00,2.437473e-01
4.783304e+00,3.340802e+00,1.165015e+00,1.391539e+00
1.309025e+00,3.900255e+00,7.346857e-01,5.628677e-01
1.262017e+00,1.272940e-01,1.680200e+00,1.274687e+00
3.118516e+00,1.815854e+00,2.144686e+00,-5.896699e-01
4.138803e+00,4.937102e+00,1.113600e-01,-8.196756e-01
4.975900e+00,1.202765e+00,4.003086e-01,-5.656866e-01
2.636134e+00,3.822425e+00,1.061288e+00,1.953007e+00
4.388574e+00,3.131579e+00,4.121331e+00,1.491393e+00
3.847905e+00,2.329184e+00,2.185260e+00,4.886244e-02
2.928087e+00,9.672825e-01,2.727179e+00,1.147351e+00
3.585033e+00,1.153729e+00,1.109158e+00,9.981135e-01
4.102043e+00,3.857324e+00,2.742519e+00,2.561339e+00
4.514592e+00,1.512979e+00,3.323152e+00,-6.962808e-01
3.677410e-01,3.203746e+00,2.960284e-01,2.274185e+00
1.031783e-01,3.402524e+00,3.761599e-01,2.746103e+00
3.592775e+00,2.778077e+00,4.849477e+00,1.237991e+00
9.700312e-01,7.404607e-02,3.658428e+00,2.033704e+00
4.065884e+00,8.323078e-01,3.890439e+00,1.650957e+00
5.702563e-01,1.950067e+00,2.656608e+00,-7.079437e-02
1.287414e+00,3.646787e+00,1.189926e+00,1.810062e+00
5.832543e-01,2.323756e+00,2.649643e+00,1.625755e-01
5.788241e-01,4.797167e+00,4.651044e+00,-3.622100e-01
1.973642e+00,9.976793e-01,4.992708e-01,7.750633e-01
4.101139e-01,2.182075e+00,4.089066e+00,-8.635383e-01
9.670901e-01,4.377703e+00,3.017790e+00,3.600801e-01
4.725716e-01,3.301884e+00,4.698035e+00,2.265351e+00
2.171780e+00,3.223089e+00,1.629709e+00,5.328657e-01
3.458967e+00,2.661639e+00,3.087402e+00,1.089522e+00
3.256948e-01,2.053813e+00,4.688063e+00,-4.159122e-01
3.450552e+00,3.639077e+00,1.579313e+00,2.188323e+00
3.416319e+00,1.374535e+00,1.992752e+00,3.488471e-01
2.346182e+00,3.397103e+00,3.351240e+00,1.988955e+00
1.639815e+00,7.165941e-01,7.667582e-01,5.971117e-01
2.190721e+00,1.910939e+00,3.582982e+00,-1.055832e+00
2.366270e+00,1.386973e+00,5.256449e-02,-1.889458e-01
1.657315e+00,1.063713e+00,4.787714e+00,-1.070878e+00
7.311412e-01,3.808454e+00,1.784989e+00,1.489509e+00
4.292915e+00,4.879628e+00,3.787101e-01,-1.420311e+00
1.347621e+00,3.459664e+00,3.429805e+00,1.210532e+00
2.748341e+00,3.024895e+00,5.186038e-02,1.915213e+00
1.186010e+00,5.550291e-01,1.492210e+00,1.856240e+00
8.281181e-01,4.099074e+00,3.683407e+00,5.242428e-01
8.847164e-01,3.044207e+00,4.117328e+00,2.562470e+00
4.593298e+00,4.899606e+00,4.521709e+00,-1.333431e+00
2.258081e-01,3.948107e+00,4.707670e+00,1.091920e+00
7.258423e-01,1.313883e+00,3.551843e+00,4.313708e-01
2.286263e+00,4.922481e+00,3.427553e+00,-1.088793e+00
4.884984e-01,9.151384e-01,4.750541e+00,1.209223e+00
2.307935e+00,2.476361e+00,2.699905e-01,-7.681626e-01
3.086781e+00,4.477990e+00,4.324267e+00,5.744966e-01
3.421467e+00,9.948651e-01,8.859999e-01,1.220500e+00
4.541644e+00,1.468005e+00,5.165014e-01,-1.415069e+00
2.713340e+00,3.387373e+00,1.810126e+00,2.005949e+00
1.958299e+00,2.260141e+00,5.944398e-01,-1.531411e+00
