4.724927e+00,2.466490e+00,2.985839e-01
3.563579e+00,2.597027e+00,4.914438e-02
2.263908e+00,4.302487e+00,8.077699e-01
3.735934e+00,2.264722e+00,-2.045234e-01
3.389978e+00,2.985682e+00,8.077867e-01
1.988447e+00,1.963070e+00,1.372711e-01
1.008594e+00,2.997729e+00,5.764537e-01
2.240138e+00,3.777831e+00,1.170928e+00
1.371411e+00,4.710754e+00,4.519131e-01
2.958218e+00,1.385378e+00,4.470385e-01
3.844100e+00,4.905219e+00,-7.509021e-02
1.873808e+00,4.040196e+00,1.632765e+00
3.598120e+00,2.101997e+00,-1.579816e-01
2.303275e+00,4.943540e+00,3.791059e-01
3.418006e+00,1.507080e+00,3.430633e-01
4.583282e+00,2.083410e+00,4.703854e-01
4.476046e+00,1.585276e+00,5.723596e-01
2.737176e+00,1.979108e+00,-4.387817e-01
1.402817e+00,3.763626e+00,1.925535e+00
2.907014e+00,1.550405e+00,3.934351e-01
4.509290e+00,2.947023e+00,1.174642e+00
3.086841e+00,4.232416e+00,1.632836e+00
1.660880e+00,3.656765e+00,1.175131e+00
3.449997e+00,3.746040e+00,1.104225e+00
2.331116e+00,3.841030e+00,1.057503e+00
3.803748e+00,4.351086e+00,1.560505e+00
2.037693e+00,2.014147e+00,9.505921e-01
4.784705e+00,3.823515e+00,3.380505e-01
4.769978e+00,3.561733e+00,8.564216e-01
4.545571e+00,4.603387e+00,6.540418e-01
1.283286e+00,4.970318e+00,1.794361e-01
2.840036e+00,2.752882e+00,3.218390e-01
4.656423e+00,2.271993e+00,-4.778275e-01
1.741229e+00,1.826353e+00,7.324008e-01
1.667257e+00,2.188319e+00,-6.117866e-01
1.668189e+00,1.178736e+00,1.152585e+00
2.667651e+00,2.172136e+00,-3.956162e-01
4.979776e+00,2.243049e+00,2.331997e-01
1.287826e+00,1.638732e+00,3.162296e-01
2.980110e+00,2.716387e+00,1.004946e-01
3.471156e+00,2.556855e+00,1.427592e-01
4.036949e+00,2.274634e+00,-3.116078e-01
1.296750e+00,2.564553e+00,-4.132229e-01
1.271083e+00,4.263900e+00,2.784022e-01
2.290424e+00,2.605238e+00,2.731091e-01
3.385511e+00,1.245327e+00,7.602171e-01
1.078397e+00,1.835740e+00,2.228562e-01
1.587256e+00,3.223280e+00,1.106006e+00
4.192305e+00,2.411535e+00,5.607313e-02
3.719165e+00,2.376023e+00,-2.573331e-02
2.224796e+00,2.601956e+00,-7.682981e-02
1.753514e+00,3.753062e+00,1.083166e+00
2.843752e+00,1.377144e+00,6.743525e-01
2.938067e+00,1.657477e+00,1.046249e-02
3.043458e+00,2.149365e+00,-8.639301e-01
3.087122e+00,2.234097e+00,-2.275789e-01
2.152806e+00,1.892836e+00,5.547526e-01
2.026442e+00,1.453371e+00,5.237444e-01
4.771830e+00,2.205435e+00,-7.711931e-01
2.387235e+00,2.315021e+00,-2.644378e-01
4.712570e+00,2.925837e+00,1.243093e-01
2.637411e+00,1.392678e+00,6.023131e-01
3.584103e+00,1.105477e+00,1.547202e+00
3.430598e+00,1.333784e+00,1.845270e-01
4.519051e+00,3.107918e+00,3.144549e-01
2.079483e+00,1.776170e+00,-3.608307e-01
3.699698e+00,4.472669e+00,6.338770e-01
1.552068e+00,3.516370e+00,6.927849e-01
1.184432e+00,3.732461e+00,4.816265e-01
1.631226e+00,4.677597e+00,2.057673e-01
4.483866e+00,1.725061e+00,-2.863550e-01
2.164934e+00,3.051378e+00,6.804610e-02
4.526599e+00,1.648643e+00,8.508332e-01
1.064520e+00,4.277059e+00,1.351988e+00
4.141053e+00,1.576690e+00,3.448842e-01
1.297833e+00,4.471618e+00,3.911486e-01
3.975194e+00,1.956097e+00,-4.125733e-01
3.213941e+00,4.605609e+00,9.288269e-01
3.750772e+00,2.429879e+00,3.325684e-01
3.005559e+00,4.167118e+00,4.571845e-01
1.854565e+00,1.386486e+00,4.239451e-01
4.649973e+00,4.278878e+00,8.182634e-01
2.142562e+00,3.863004e+00,1.512094e+00
1.531114e+00,4.205330e+00,1.263589e+00
2.891283e+00,2.447189e+00,-3.369310e-02
3.607095e+00,3.620761e+00,5.103145e-01
1.528301e+00,3.978285e+00,1.749543e+00
1.550725e+00,3.772469e+00,1.232316e+00
4.255713e+00,4.729643e+00,2.217723e-01
4.223369e+00,3.256573e+00,6.544648e-01
2.831743e+00,3.590727e+00,8.268725e-01
3.648893e+00,2.256573e+00,3.223372e-01
4.380491e+00,2.883470e+00,-7.929574e-02
4.092090e+00,4.646950e+00,1.059651e+00
1.608367e+00,1.150826e+00,7.787232e-01
1.409076e+00,4.605827e+00,3.277940e-01
3.801683e+00,2.035227e+00,5.817006e-02
3.826604e+00,2.039640e+00,-1.451595e-01
3.885192e+00,4.641578e+00,7.056411e-01
4.941760e+00,2.722618e+00,3.605069e-01
4.991381e+00,1.905177e+00,-3.780032e-01
4.471979e+00,1.711076e+00,8.346812e-01
3.649841e+00,3.062585e+00,1.351668e-01
2.125750e+00,1.562891e+00,7.871905e-01
4.227320e+00,3.686686e+00,2.279799e+00
2.485622e+00,2.671046e+00,-1.053905e-01
2.959697e+00,1.623703e+00,1.829355e-01
4.246029e+00,2.371556e+00,2.771810e-02
1.004459e+00,4.291018e+00,1.187362e+00
4.818257e+00,3.390289e+00,1.566233e+00
2.641697e+00,4.906068e+00,7.363208e-01
2.829313e+00,3.782336e+00,1.214262e+00
2.179677e+00,1.137199e+00,1.028928e+00
2.744398e+00,1.697603e+00,-2.046694e-01
3.919893e+00,4.036043e+00,8.055492e-01
3.658287e+00,4.181918e+00,1.561341e+00
4.383038e+00,3.891368e+00,1.393441e+00
2.502591e+00,1.158240e+00,1.052457e+00
3.878255e+00,2.628390e+00,-1.264509e-01
3.746886e+00,2.111514e+00,8.560102e-01
3.132959e+00,1.292099e+00,8.077386e-01
1.400970e+00,1.891114e+00,2.797690e-01
3.400015e+00,3.291309e+00,3.620610e-01
3.405924e+00,4.611928e+00,5.779769e-01
4.888154e+00,2.395881e+00,-6.456924e-01
3.773100e+00,1.821076e+00,-1.471606e-01
2.638750e+00,3.234184e+00,6.346793e-01
1.532427e+00,4.069772e+00,3.589212e-01
1.456566e+00,2.856492e+00,1.987702e-01
4.812508e+00,1.411897e+00,7.351911e-01
4.322002e+00,3.797136e+00,1.342731e+00
2.188234e+00,3.868563e+00,7.582717e-01
2.316250e+00,3.224161e+00,3.608136e-01
2.128142e+00,3.212268e+00,8.724907e-02
4.744292e+00,2.465514e+00,1.978133e-01
2.137510e+00,3.240278e+00,9.948725e-01
1.936064e+00,2.520102e+00,-6.370638e-01
1.793909e+00,4.435503e+00,9.835119e-01
4.618374e+00,1.046013e+00,5.251382e-01
2.274139e+00,3.209970e+00,-1.076410e-01
1.520818e+00,4.689853e+00,2.219005e-01
3.369585e+00,2.600133e+00,-4.619744e-01
2.181762e+00,3.031943e+00,1.178573e+00
1.842436e+00,2.878611e+00,-7.068481e-01
1.825848e+00,4.109339e+00,7.749538e-01
4.321833e+00,4.719902e+00,5.697293e-01
2.251120e+00,1.843503e+00,2.749208e-02
1.564042e+00,3.111705e+00,7.619056e-01
2.280124e+00,2.042266e+00,7.586836e-02
4.122412e+00,2.053659e+00,-1.042691e+00
4.216372e+00,2.768512e+00,-1.240348e-01
4.587882e+00,2.700935e+00,8.325930e-02
2.683952e+00,2.564286e+00,1.886321e-01
1.410710e+00,4.251253e+00,8.026808e-01
4.133412e+00,2.878007e+00,2.125960e-01
4.867933e+00,3.569554e+00,7.165154e-01
1.456334e+00,3.780132e+00,1.521092e+00
4.403783e+00,3.828383e+00,9.170668e-01
1.809579e+00,4.886330e+00,6.800261e-01
2.331801e+00,2.544705e+00,-1.184671e-01
1.196275e+00,2.883887e+00,1.625692e-01
4.420507e+00,1.761590e+00,7.029731e-01
1.118153e+00,2.335069e+00,-3.880077e-01
4.711506e+00,4.622782e+00,9.867030e-03
4.598034e+00,4.962519e+00,3.089116e-01
2.159743e+00,1.458581e+00,9.695240e-01
2.870113e+00,2.398563e+00,-3.999333e-01
4.785028e+00,1.779419e+00,2.610839e-01
2.968235e+00,2.815996e+00,-1.249945e-01
4.984066e+00,1.310384e+00,6.555152e-01
3.898631e+00,1.313577e+00,1.101046e+00
4.257218e+00,3.268304e+00,1.326265e-01
2.554617e+00,3.496095e+00,1.058816e+00
2.502065e+00,2.222226e+00,-4.751017e-01
1.665680e+00,3.629071e+00,1.037112e+00
4.673721e+00,4.032267e+00,1.256918e+00
2.037115e+00,2.222987e+00,1.855685e-02
4.391886e+00,3.840578e+00,9.898656e-01
1.286689e+00,1.491912e+00,1.141397e+00
4.248858e+00,4.002565e+00,1.171464e+00
4.606872e+00,2.345042e+00,-2.863616e-01
4.516164e+00,4.857498e+00,1.091063e+00
2.469237e+00,4.563253e+00,1.299210e+00
2.587725e+00,4.704957e+00,4.964527e-01
4.476109e+00,4.520175e+00,7.334481e-01
4.318438e+00,2.470221e+00,5.764925e-01
2.657882e+00,1.705174e+00,5.664261e-01
2.220571e+00,1.808793e+00,4.936421e-01
2.550430e+00,1.547523e+00,1.102667e+00
3.641149e+00,3.766858e+00,8.476283e-01
1.572617e+00,1.141959e+00,1.609144e+00
3.181166e+00,2.106511e+00,8.554443e-02
1.190057e+00,1.163995e+00,1.318473e+00
2.482812e+00,1.940642e+00,-2.878525e-01
4.170487e+00,1.998466e+00,-2.068016e-01
4.946063e+00,2.492099e+00,-4.073261e-01
1.752333e+00,2.376448e+00,-2.820616e-01
4.507434e+00,1.686914e+00,3.054582e-01
2.119251e+00,3.705356e+00,1.334552e+00
3.053802e+00,1.123644e+00,9.889362e-01
