7.723255e-01,8.044191e-01,3.146978e+00
5.754166e+00,3.916875e+00,2.693376e+00
5.136084e+00,6.683507e-01,3.573184e+00
3.004035e-01,4.378443e+00,-2.847105e+00
9.482657e-01,5.216552e+00,3.142844e+00
3.250368e+00,1.989123e+00,7.319389e+00
5.627583e+00,2.285543e+00,3.903788e+00
1.546677e+00,5.667285e+00,1.985454e+00
4.964275e-01,4.507454e+00,-8.606649e-01
2.074981e+00,2.034577e+00,9.363934e-01
9.590798e-01,3.554066e+00,4.353268e+00
1.556216e+00,5.308204e+00,4.844770e+00
4.642217e+00,2.553224e+00,7.883254e+00
5.511092e+00,2.507760e+00,-6.308362e-01
2.013202e+00,1.754469e+00,-2.375613e+00
1.469216e+00,5.817167e-01,8.367369e+00
2.418394e+00,5.276676e+00,-4.142730e+00
2.684805e+00,5.670035e+00,3.042642e+00
6.946859e-01,5.272387e+00,4.810006e+00
5.795941e+00,3.422109e+00,2.231967e+00
1.538592e+00,3.872349e-01,1.223647e+01
5.412916e+00,7.386348e-01,3.932099e+00
1.056175e+00,3.561496e+00,-1.241634e-01
2.152741e+00,5.222808e+00,2.289233e+00
9.487841e-01,7.681429e-01,4.559842e+00
5.835522e+00,1.701200e+00,2.167370e+00
3.019851e-01,1.727508e+00,3.223856e+00
5.253043e+00,5.343163e+00,2.981415e+00
5.083007e+00,4.380053e-01,3.967535e+00
3.073944e+00,4.397794e+00,6.730340e+00
5.243194e+00,4.714980e+00,1.955554e+00
5.868683e+00,2.063006e-01,5.365193e+00
2.257187e+00,7.269216e-01,2.708960e+00
3.186291e+00,2.267075e-01,9.736002e+00
1.373851e+00,1.978628e-01,-1.443083e+00
5.447230e+00,3.738529e+00,-3.682206e+00
3.296048e+00,3.934154e+00,6.378790e+00
4.209658e+00,5.463248e+00,4.189827e+00
3.158653e+00,5.148298e+00,6.638833e+00
1.537221e+00,8.811121e-02,3.306326e+00
3.739993e+00,6.579971e-01,1.045562e+01
9.853885e-01,2.373146e+00,2.664603e-01
1.886556e-01,2.370857e+00,2.665379e+00
3.493787e+00,4.239684e+00,5.409881e+00
9.060001e-01,3.495387e+00,1.333270e-01
4.060893e+00,1.028085e+00,4.768813e+00
1.292385e+00,1.781316e+00,2.231035e+00
4.866391e+00,9.652507e-01,7.728601e+00
5.903287e+00,2.264576e+00,-2.168869e+00
5.643857e-01,2.091712e+00,1.967681e-01
2.039723e+00,4.984454e+00,1.707604e+00
4.615029e+00,8.195449e-01,6.794763e+00
3.339663e+00,5.268826e-01,2.762308e+00
3.955903e+00,1.361708e+00,5.316766e+00
3.929973e+00,7.924307e-03,2.732427e+00
2.789743e+00,2.621232e+00,3.001445e+00
4.321267e+00,3.069494e+00,3.415534e+00
5.689880e-01,1.599437e+00,2.996897e+00
2.990072e+00,4.154488e+00,3.045967e+00
4.492141e+00,8.559849e-01,1.647548e+00
4.280975e+00,7.075659e-01,2.800206e+00
1.989968e+00,5.097095e+00,4.996617e+00
2.081162e+00,5.533122e+00,8.569200e+00
3.043605e+00,5.188619e+00,3.418739e+00
2.860001e+00,5.836447e+00,5.832696e+00
1.526138e+00,9.185621e-01,3.525210e+00
5.453022e-01,2.652998e+00,8.578835e+00
4.766087e-01,3.408901e+00,2.924243e+00
3.852922e+00,2.336368e+00,-1.254203e+00
3.633010e+00,3.087884e+00,6.229132e+00
4.296137e+00,4.295804e+00,6.855701e+00
1.142741e+00,9.501946e-01,1.170121e+01
6.476859e-01,9.346484e-01,5.497631e+00
5.544093e-01,4.722032e-01,3.137419e+00
8.607482e-01,5.433116e+00,-1.096337e+00
1.957467e+00,4.121930e+00,3.325261e+00
3.312090e+00,2.756492e+00,2.579715e+00
2.000471e-01,5.440476e-01,-3.232018e-01
4.166763e+00,5.066994e+00,5.250032e+00
3.885151e+00,2.944700e-01,3.390253e+00
6.419691e-01,4.177863e-01,3.468022e+00
3.795605e+00,5.083334e+00,6.553445e+00
5.786080e+00,5.561067e+00,4.243476e+00
4.341838e+00,2.132678e+00,7.231136e+00
3.357203e+00,1.459360e+00,9.789246e+00
5.102899e+00,3.682941e+00,5.940214e+00
1.605802e+00,2.744118e+00,7.613825e+00
4.996545e+00,2.866330e+00,5.056897e+00
4.654998e+00,4.590034e+00,6.644959e+00
2.687212e+00,5.748179e+00,-6.572111e-01
3.942662e-01,3.562302e+00,3.879942e+00
1.335393e+00,1.172719e+00,7.177916e-01
5.403481e-01,4.908559e-01,5.843241e+00
1.894676e+00,3.330581e+00,1.038607e+00
1.580579e+00,3.737160e-01,-1.090587e+00
1.878631e+00,5.582831e+00,1.561632e-01
8.417432e-01,1.839575e+00,-1.075980e+00
1.786570e+00,3.307407e+00,-9.394811e-01
5.424315e+00,3.274721e-01,-2.593703e+00
5.298971e+00,1.847213e+00,6.431204e+00
1.633369e+00,6.411569e-01,1.469211e+00
3.023116e+00,5.364536e+00,3.448018e+00
4.188287e+00,4.063905e+00,8.374242e-01
5.791538e+00,3.935591e+00,6.301873e+00
1.692105e+00,5.643343e+00,6.455521e+00
5.013371e+00,5.012433e+00,1.651249e+00
3.086320e+00,3.880389e+00,7.605913e+00
3.882414e+00,9.095557e-01,6.897665e+00
2.179753e+00,2.432337e+00,8.032611e+00
3.004862e+00,4.947885e+00,8.469544e-01
5.677774e-01,3.424858e+00,-8.489329e-01
1.005977e+00,5.144119e+00,9.217799e+00
2.661825e+00,2.257712e+00,3.872184e+00
3.719368e+00,4.244900e+00,4.395547e+00
2.534834e+00,5.937137e+00,2.177956e+00
3.128991e+00,5.615171e+00,2.463881e+00
2.904197e+00,1.093311e+00,5.708446e+00
1.061914e+00,4.407431e+00,1.657556e+00
2.446134e+00,1.328310e+00,5.610046e+00
1.225250e+00,7.324534e-01,5.084428e+00
3.832316e+00,1.244339e+00,4.029617e+00
1.918314e+00,2.621631e+00,5.563278e+00
2.228348e+00,4.439813e+00,-1.515230e-01
2.081690e+00,1.794114e+00,2.174816e+00
4.221515e+00,5.930903e+00,3.634118e+00
1.296465e+00,5.227268e+00,7.286702e-01
3.478805e+00,1.033429e+00,1.397337e+00
1.516706e+00,1.277878e+00,-7.260698e-01
1.600805e+00,5.894971e+00,4.897716e+00
5.889821e+00,5.029949e+00,8.063174e+00
3.749420e+00,5.141189e-01,1.339552e+00
2.907488e+00,5.722295e+00,5.687232e-01
4.767331e-01,2.343464e-01,-4.021790e+00
3.098554e+00,1.722056e+00,-1.890066e+00
4.474820e+00,2.892890e+00,3.930302e+00
5.685805e-01,2.281013e+00,2.277164e+00
3.211946e+00,2.676042e-01,6.908293e-01
8.841566e-02,5.426581e+00,3.152216e-01
2.914283e+00,4.697976e+00,-2.178949e+00
9.832482e-03,5.389210e+00,-1.963046e+00
4.915335e+00,4.543962e+00,2.277367e+00
1.548907e+00,1.297230e-02,4.010968e+00
1.211317e+00,4.981467e+00,4.679646e+00
4.259134e+00,3.152635e+00,1.962688e+00
2.820785e+00,2.938435e+00,4.978125e+00
3.554032e+00,9.910306e-01,-9.534854e-01
1.406188e+00,5.729635e+00,4.695423e+00
6.584281e-01,1.852591e+00,2.564709e-01
4.389845e+00,1.031565e+00,3.565589e+00
6.453653e-02,4.306345e+00,7.361191e+00
8.378526e-01,7.308598e-01,1.726157e+00
3.684313e+00,2.449414e+00,5.137420e+00
7.522475e-01,2.499764e+00,-1.073703e+00
2.814121e+00,1.306931e+00,2.268462e+00
5.047288e-01,1.921035e+00,5.780720e+00
2.991572e+00,4.958294e+00,2.955985e+00
4.675469e+00,1.203560e+00,5.609404e-01
1.074131e-01,3.793183e+00,-7.403330e-01
3.323746e+00,3.193787e+00,6.261364e+00
2.748836e+00,4.411754e+00,5.034049e+00
4.561820e-02,5.073023e+00,8.649128e+00
5.472340e+00,4.986025e-01,2.047272e+00
3.476443e+00,5.493059e+00,9.105568e+00
4.502640e-01,3.418243e+00,1.237944e+00
3.561803e+00,1.113645e+00,3.744780e+00
2.782040e+00,3.354970e+00,6.782119e+00
5.329098e+00,7.394749e-01,1.040346e-01
3.020734e+00,1.850452e+00,3.155242e+00
1.225764e-01,5.019718e+00,3.786275e+00
3.208897e+00,3.805264e+00,5.448152e+00
4.408366e+00,4.361457e+00,5.714925e+00
1.853822e+00,5.469591e+00,4.981000e+00
4.372054e+00,1.333194e+00,-1.744264e+00
5.347630e-01,8.654582e-02,-2.215381e+00
4.155240e+00,3.559246e-01,-1.951018e+00
9.261700e-01,4.671955e+00,5.022674e+00
2.722416e+00,3.214398e+00,1.315639e+00
4.451116e+00,1.332314e-01,4.683159e+00
1.496333e+00,2.395238e+00,8.416809e+00
3.930028e-01,3.086317e+00,-7.275420e-01
3.678102e+00,4.127635e+00,8.167343e-01
5.665362e+00,1.908054e+00,8.365645e+00
4.729518e+00,2.695878e+00,4.151093e-01
9.661275e-01,1.048569e+00,3.235340e-01
1.569918e+00,3.824250e+00,6.439372e+00
3.116356e+00,1.403986e+00,3.364701e+00
2.475528e-01,2.562584e+00,5.465528e+00
4.630644e+00,1.746934e+00,8.445628e+00
7.445381e-02,3.003055e+00,4.046638e-01
1.158512e+00,5.554519e+00,3.695285e+00
3.751703e+00,5.579815e-01,6.680936e+00
4.165658e+00,2.637236e+00,3.543286e+00
5.973177e+00,7.862323e-01,4.677408e-01
4.001643e+00,3.257421e+00,6.786614e+00
6.575224e-01,5.993048e+00,2.647259e+00
1.005213e+00,4.900521e+00,8.877300e-02
4.805434e+00,1.537515e+00,2.535239e+00
3.344099e+00,2.245978e-01,1.040765e+00
2.397079e+00,4.774378e+00,5.398573e+00
1.583948e+00,1.427791e+00,2.247714e-01
