4.321606e+00,3.987642e+00,5.082508e+01
3.963174e+00,4.302774e+00,7.764296e+00
4.668170e+00,3.097405e+00,3.237818e+01
1.897112e+00,2.135609e+00,6.316137e+00
4.062503e+00,2.616767e+00,7.621263e-01
1.038128e+00,3.785835e+00,4.427192e+01
1.957765e+00,3.777558e+00,3.810084e+00
1.582497e+00,4.367021e+00,3.020801e+01
3.379812e+00,4.747461e+00,1.115287e+01
4.058162e+00,2.362464e+00,3.419222e+01
1.710062e+00,4.721774e+00,-1.776365e+01
3.397321e+00,1.183179e+00,2.983008e+01
2.686260e+00,1.382467e+00,1.173522e+01
1.428984e+00,4.892648e+00,3.177637e+01
1.640945e+00,1.386414e+00,2.460997e+01
3.266522e+00,4.511989e+00,4.001404e+01
1.062404e+00,1.037392e+00,1.891622e+01
2.349134e+00,1.421385e+00,1.363540e+01
2.749554e+00,2.349812e+00,6.408133e+00
4.003558e+00,1.478580e+00,3.036047e+01
1.965758e+00,4.119287e+00,4.906046e+01
2.196207e+00,4.068352e+00,1.730078e+01
1.001531e+00,2.514785e+00,-1.273815e+01
2.026087e+00,1.691324e+00,2.031527e+01
3.109624e+00,1.971980e+00,2.099780e+01
3.029035e+00,4.621244e+00,2.385898e+00
3.030991e+00,4.759014e+00,8.757583e+00
2.445664e+00,4.426410e+00,2.370939e+01
2.659707e+00,2.042533e+00,9.920109e+00
2.043164e+00,2.448854e+00,2.201490e+01
4.376013e+00,1.787839e+00,2.983036e+01
2.272095e+00,2.178853e+00,2.524645e+01
1.343035e+00,2.428683e+00,7.670758e+00
4.331412e+00,3.998953e+00,1.546635e+01
2.503976e+00,1.460876e+00,4.783041e+00
1.273784e+00,1.428631e+00,6.247265e+00
4.237061e+00,1.929058e+00,5.547786e+00
3.337706e+00,2.693429e+00,1.918364e+01
3.916954e+00,3.924174e+00,3.019605e+01
2.682434e+00,1.136794e+00,1.980701e+01
1.563443e+00,2.431282e+00,1.893963e+01
1.412508e+00,3.542039e+00,1.969373e+00
4.846248e+00,3.486540e+00,4.580448e+00
4.486374e+00,4.777338e+00,1.812336e+01
2.286230e+00,4.608345e+00,-4.953668e-01
2.310750e+00,4.062099e+00,4.435072e+01
2.829565e+00,3.000731e+00,1.761412e+01
1.494909e+00,4.947100e+00,1.158988e+01
2.993308e+00,3.524648e+00,2.205415e+01
3.777278e+00,2.617820e+00,5.129890e+00
4.299133e+00,2.663681e+00,3.018997e+01
3.225994e+00,1.847172e+00,1.835566e+01
3.712121e+00,4.079269e+00,9.829856e+00
2.594287e+00,4.705089e+00,2.241560e+01
3.359357e+00,2.585285e+00,4.246219e+01
1.771054e+00,2.098725e+00,-4.886120e+00
3.285400e+00,3.554061e+00,1.567220e+01
4.627757e+00,1.709741e+00,2.967128e+01
4.333709e+00,4.039995e+00,2.512886e+01
3.758101e+00,3.489284e+00,3.950142e+01
4.005836e+00,4.952927e+00,4.159101e+01
1.305576e+00,1.843633e+00,2.466815e+01
4.909711e+00,3.395291e+00,3.531842e+01
1.158609e+00,3.210090e+00,1.787873e+01
3.914023e+00,3.914551e+00,1.962253e+01
1.238720e+00,2.047368e+00,2.216426e+01
4.218845e+00,1.370864e+00,1.344865e+01
2.179220e+00,1.820950e+00,6.864253e+00
1.695015e+00,3.784611e+00,2.455197e+01
4.266831e+00,4.634418e+00,4.283423e+01
2.685899e+00,2.288870e+00,8.660241e+00
2.795768e+00,1.182029e+00,1.896609e+01
3.549661e+00,2.871872e+00,2.624531e+01
3.790199e+00,2.588837e+00,4.023322e+01
4.845431e+00,2.912332e+00,4.183392e+01
2.886406e+00,1.000475e+00,6.711156e+00
3.710009e+00,2.558909e+00,1.021565e+01
3.205587e+00,4.256804e+00,4.019988e+01
4.611726e+00,4.405373e+00,3.148232e+01
2.541122e+00,2.667322e+00,3.508344e+01
2.257261e+00,4.853523e+00,1.571129e+01
2.510211e+00,4.051483e+00,6.595119e+00
2.734928e+00,4.384381e+00,2.258295e+01
2.370259e+00,1.058949e+00,7.821768e+00
4.117440e+00,4.720451e+00,4.731645e+01
1.095249e+00,1.673940e+00,1.670092e+01
2.086607e+00,3.409683e+00,-6.038811e+00
1.339074e+00,4.636668e+00,9.431729e+00
4.074734e+00,3.909232e+00,4.349439e+01
2.900979e+00,2.644691e+00,6.747928e+00
4.573807e+00,4.988122e+00,4.793806e+01
4.086840e+00,3.949514e+00,2.478043e+01
4.307262e+00,4.377919e+00,3.955581e+01
4.319455e+00,3.531188e+00,3.412238e+01
3.893527e+00,4.011287e+00,1.550944e+01
2.564724e+00,2.622370e+00,3.702118e+01
4.469370e+00,4.647625e+00,6.058399e+01
4.193986e+00,1.383518e+00,1.502850e+01
1.284367e+00,3.758177e+00,1.590751e+01
1.690122e+00,3.794222e+00,-1.847580e+00
3.858317e+00,1.415387e+00,2.575348e+01
1.706387e+00,2.658531e+00,1.787566e+01
1.643094e+00,1.907988e+00,-1.144399e+01
2.734022e+00,1.602595e+00,1.073901e+01
4.393012e+00,1.307234e+00,2.081861e+01
1.411012e+00,3.721952e+00,1.649532e+01
1.854758e+00,1.781568e+00,-5.146940e+00
3.272826e+00,4.134864e+00,3.598605e+01
3.353974e+00,3.230435e+00,4.507498e+01
2.919878e+00,4.867982e+00,2.887847e+01
2.883923e+00,2.562757e+00,-2.672518e+01
4.930272e+00,2.123143e+00,3.496080e+01
1.521733e+00,2.619396e+00,2.491238e+01
1.213109e+00,2.614462e+00,3.637428e+01
2.757869e+00,3.150972e+00,1.108667e+01
2.830290e+00,1.122881e+00,1.641528e+00
2.540897e+00,2.916208e+00,1.590805e+01
3.550897e+00,4.625086e+00,4.365202e+01
1.362626e+00,3.483490e+00,2.791174e+01
2.748669e+00,2.618213e+00,7.434865e+00
4.689529e+00,3.952436e+00,2.901189e+01
3.180904e+00,1.391418e+00,7.387305e+00
1.466761e+00,3.424482e+00,6.571870e+00
4.681460e+00,2.306180e+00,1.152284e+01
4.522820e+00,2.365989e+00,1.925889e+01
2.578951e+00,1.083774e+00,-7.437907e+00
4.163129e+00,2.092268e+00,1.191905e+01
1.983196e+00,3.873313e+00,3.995640e+00
4.417738e+00,3.786621e+00,3.919355e+01
2.841480e+00,3.563974e+00,6.614057e+00
4.344062e+00,1.459272e+00,1.295438e+01
4.172787e+00,3.584137e+00,1.794824e+01
4.922671e+00,3.430644e+00,2.536518e+01
4.783141e+00,1.949735e+00,2.436022e+01
1.161752e+00,1.733478e+00,5.501723e-01
3.313479e+00,1.666828e+00,-1.297108e+01
2.634441e+00,1.419179e+00,-1.588420e+01
1.761832e+00,3.853452e+00,2.072914e+01
2.097392e+00,1.466000e+00,2.099243e+01
1.085764e+00,3.238238e+00,3.158227e+01
3.293084e+00,4.915575e+00,4.391827e+01
4.671288e+00,2.405450e+00,4.093887e+01
1.467790e+00,3.172485e+00,2.763249e+01
4.611554e+00,1.310784e+00,-1.579926e+01
3.216363e+00,4.464466e+00,4.608736e+01
1.786257e+00,4.983776e+00,3.431826e+01
4.587375e+00,2.879712e+00,3.249589e+01
1.025874e+00,3.337336e+00,6.296505e+00
4.642653e+00,3.990121e+00,1.005346e+01
4.366318e+00,1.352998e+00,9.931756e+00
3.809747e+00,4.669512e+00,3.101644e+00
3.880252e+00,3.583595e+00,4.467395e+01
2.069894e+00,2.550887e+00,4.320082e+00
2.921808e+00,1.520789e+00,9.244337e+00
3.836534e+00,2.670198e+00,4.574150e+01
1.929158e+00,1.504608e+00,9.659991e+00
1.600340e+00,2.168951e+00,6.779960e+01
4.787476e+00,1.772766e+00,3.419029e+00
4.038185e+00,4.377991e+00,5.979255e+01
4.196565e+00,2.402646e+00,1.865351e+01
4.462857e+00,2.094381e+00,-6.531060e-01
2.667756e+00,1.288122e+00,2.906695e+01
3.095376e+00,1.313791e+00,1.362335e+01
2.970837e+00,1.057569e+00,1.998943e+01
2.668479e+00,4.811802e+00,8.026380e+00
1.660335e+00,2.867757e+00,1.314589e+01
2.975931e+00,4.491025e+00,3.045024e+01
2.712911e+00,3.097032e+00,2.388141e+01
3.716052e+00,4.362923e+00,7.163675e+01
1.577523e+00,3.857864e+00,4.172222e+01
4.147906e+00,1.064587e+00,-1.313593e+01
3.152168e+00,2.778863e+00,9.692239e+00
2.107196e+00,4.259037e+00,9.879186e+00
4.978733e+00,4.685963e+00,2.379562e+01
1.917310e+00,2.719635e+00,1.626809e+01
3.978593e+00,3.036848e+00,1.348376e+01
3.113684e+00,1.201174e+00,1.196065e+01
2.690759e+00,4.442696e+00,1.973691e+01
1.314512e+00,1.007564e+00,3.747184e+00
2.164321e+00,3.135393e+00,1.185218e+01
4.974275e+00,4.116370e+00,2.788093e+01
1.407183e+00,3.400779e+00,1.741455e+01
1.508824e+00,4.427494e+00,3.089352e+01
4.566119e+00,4.375555e+00,3.494396e+01
4.084882e+00,2.380780e+00,6.958144e-01
2.913724e+00,2.882206e+00,1.517769e+00
1.046523e+00,2.256861e+00,2.183035e+01
1.401117e+00,1.899979e+00,-8.825931e+00
4.863844e+00,1.265501e+00,1.092709e+01
4.090367e+00,3.952648e+00,3.754883e+01
3.434363e+00,3.480609e+00,-1.546564e+01
3.210919e+00,1.404520e+00,2.972540e+01
3.171891e+00,3.852633e+00,-1.054657e+01
3.642275e+00,4.202397e+00,3.131114e+01
4.239095e+00,2.043164e+00,-4.135724e-01
3.626154e+00,2.447250e+00,1.428153e+01
2.206194e+00,4.140047e+00,7.458415e+00
3.191012e+00,1.577954e+00,-1.024795e+01
1.960758e+00,1.652836e+00,-2.116339e+01
4.576855e+00,3.416270e+00,3.043530e+01
