1.787328e+00,4.229382e+00,1.721607e+00,7.409673e+00
1.877645e+00,3.180235e+00,4.254720e+00,4.559671e+00
1.396048e+00,2.794565e+00,4.876553e+00,2.452371e+00
1.424395e+00,2.456590e+00,2.200259e+00,3.461285e+00
1.868362e+00,4.208073e+00,1.177065e+00,1.620037e+00
4.906146e+00,1.354218e+00,4.032558e+00,-8.511125e-01
3.970516e+00,2.643988e+00,4.043904e+00,6.777928e-01
2.685162e+00,3.321085e+00,1.739750e+00,3.772992e+00
1.462769e+00,3.751189e+00,2.454823e+00,8.538604e-01
4.274103e+00,3.784915e+00,3.336737e+00,-3.985094e-01
3.964901e+00,1.815680e+00,4.936414e+00,2.877572e+00
1.654515e+00,1.881162e+00,1.311067e+00,3.800036e-03
3.789743e+00,3.000415e+00,4.035174e+00,2.587723e+00
2.194809e+00,4.756893e+00,1.188449e+00,4.936570e+00
2.078931e+00,2.791848e+00,2.444799e+00,1.011037e+00
1.244040e+00,1.502094e+00,2.954841e+00,5.687852e+00
2.914536e+00,3.685245e+00,4.778489e+00,3.626532e+00
1.635339e+00,3.632670e+00,1.703632e+00,9.103517e-01
3.789712e+00,2.707298e+00,2.169587e+00,-2.418078e-01
2.762668e+00,4.221212e+00,2.196070e+00,4.683344e+00
3.850633e+00,1.520491e+00,1.801925e+00,4.211953e+00
1.390816e+00,4.087846e+00,4.533322e+00,7.029900e+00
3.451955e+00,4.907102e+00,4.108436e+00,1.659412e+00
2.990029e+00,2.015654e+00,2.886958e+00,1.485393e+00
2.525711e+00,1.529357e+00,3.514290e+00,9.910000e-01
2.587625e+00,1.667577e+00,4.123514e+00,9.506244e-01
4.964426e+00,4.557519e+00,4.893346e+00,1.180476e+00
3.055221e+00,2.027221e+00,3.232822e+00,2.915214e+00
3.677732e+00,2.739684e+00,1.461590e+00,1.919828e+00
2.034503e+00,2.321145e+00,3.754506e+00,4.974803e+00
3.288810e+00,3.756285e+00,4.205664e+00,5.102700e-01
4.430386e+00,2.318055e+00,3.156458e+00,5.419444e+00
4.536867e+00,1.881962e+00,2.225934e+00,3.007827e+00
1.802695e+00,3.132328e+00,4.778061e+00,2.908978e+00
1.103477e+00,4.165298e+00,2.492901e+00,4.337130e+00
1.317502e+00,1.379219e+00,2.959922e+00,3.123653e+00
2.862182e+00,4.499175e+00,4.108629e+00,4.170150e+00
1.737376e+00,2.850565e+00,1.294692e+00,-1.475326e+00
3.737872e+00,4.058027e+00,2.539807e+00,4.112938e+00
4.327362e+00,1.236707e+00,4.832488e+00,-1.042988e+00
2.602299e+00,1.116320e+00,3.844444e+00,2.822345e+00
4.959619e+00,1.691199e+00,3.404391e+00,1.457435e+00
3.339057e+00,4.147820e+00,4.698511e+00,6.044750e+00
4.559221e+00,3.299784e+00,4.521494e+00,2.567822e+00
2.334598e+00,3.999328e+00,3.153353e+00,5.657171e+00
1.930180e+00,1.423889e+00,3.674675e+00,4.726419e+00
4.333657e+00,2.801912e+00,2.230820e+00,-2.255799e+00
2.113414e+00,4.713198e+00,4.952745e+00,4.222149e+00
3.944276e+00,2.639684e+00,1.936441e+00,5.030920e+00
2.292443e+00,4.152072e+00,4.465339e+00,4.663130e+00
4.592373e+00,2.070982e+00,3.113500e+00,6.167563e+00
2.899374e+00,4.109129e+00,1.232821e+00,8.514477e-01
1.196201e+00,3.336025e+00,1.957961e+00,-1.648072e+00
2.885036e+00,4.806509e+00,4.960549e+00,3.729782e+00
2.493104e+00,4.883083e+00,3.202336e+00,2.783529e+00
4.099921e+00,2.906518e+00,1.332458e+00,4.135538e+00
1.313899e+00,2.870108e+00,1.337946e+00,1.460361e+00
3.249367e+00,4.474623e+00,2.778495e+00,-1.574746e+00
4.957045e+00,1.299174e+00,1.051591e+00,5.574626e+00
2.466699e+00,3.173121e+00,2.653299e+00,4.361045e+00
2.571822e+00,4.567301e+00,1.458089e+00,1.474524e+00
4.079065e+00,1.301079e+00,2.238577e+00,1.824899e+00
2.153895e+00,1.957470e+00,1.833861e+00,-2.273318e+00
2.248687e+00,2.299326e+00,3.100567e+00,7.453454e+00
3.069241e+00,1.455140e+00,2.002431e+00,4.866792e+00
2.699498e+00,4.972794e+00,4.465913e+00,5.827905e+00
2.868962e+00,4.785660e+00,1.872900e+00,4.972494e+00
4.664948e+00,2.839249e+00,1.300250e+00,4.792418e+00
2.728366e+00,1.674134e+00,3.521302e+00,1.952266e+00
2.371572e+00,1.007588e+00,1.490185e+00,-1.155984e+00
3.605668e+00,2.052946e+00,4.672709e+00,3.442978e+00
1.571936e+00,4.327941e+00,2.724252e+00,1.845627e+00
2.977341e+00,4.861541e+00,1.082974e+00,3.552411e+00
2.019502e+00,1.007899e+00,2.468365e+00,-1.349093e+00
4.867249e+00,2.324997e+00,3.494978e+00,4.836435e+00
3.177359e+00,4.299831e+00,4.538226e+00,3.860255e+00
3.135688e+00,3.410138e+00,1.944801e+00,-1.973607e-02
2.713338e+00,2.928363e+00,2.505985e+00,5.083472e+00
4.985917e+00,3.284716e+00,2.023465e+00,2.921742e+00
3.183472e+00,2.285623e+00,2.614723e+00,3.706213e+00
3.375600e+00,3.337277e+00,3.898334e+00,3.983061e+00
1.112149e+00,4.614530e+00,1.165632e+00,4.783664e-01
1.797187e+00,4.189838e+00,3.857860e+00,2.619621e+00
1.634457e+00,3.483328e+00,4.310492e+00,4.268820e+00
2.591601e+00,2.685010e+00,4.482119e+00,6.709367e+00
1.466725e+00,3.965400e+00,1.647337e+00,1.006500e+00
2.300945e+00,3.244323e+00,3.930933e+00,3.824771e-01
2.309994e+00,2.959152e+00,4.956035e+00,1.721804e+00
1.837472e+00,3.633283e+00,1.384015e+00,6.372073e-01
1.197793e+00,2.793522e+00,2.010294e+00,3.378589e+00
4.942199e+00,2.824460e+00,1.651316e+00,9.898569e-01
1.218962e+00,4.916764e+00,3.410010e+00,5.736584e+00
1.914052e+00,1.941921e+00,4.006791e+00,1.049628e+00
1.768870e+00,2.968724e+00,3.318106e+00,4.219917e+00
1.514838e+00,2.099027e+00,3.216372e+00,1.640537e+00
4.468286e+00,4.685695e+00,3.842003e+00,2.869773e+00
1.843762e+00,2.323192e+00,3.367316e+00,4.161903e+00
4.542730e+00,2.372321e+00,1.697641e+00,-1.380366e+00
3.241807e+00,2.458675e+00,1.631946e+00,6.851161e+00
2.750385e+00,1.168291e+00,4.002667e+00,-1.171856e+00
2.863602e+00,2.042549e+00,3.591517e+00,7.467625e-01
4.214609e+00,1.807497e+00,1.754628e+00,-6.780091e-01
4.702069e+00,3.828298e+00,3.932203e+00,-1.264430e+00
1.828810e+00,1.859260e+00,3.170412e+00,5.740238e+00
3.664234e+00,2.153950e+00,3.832052e+00,6.872744e+00
4.964741e+00,2.455424e+00,2.066297e+00,2.986340e+00
4.859602e+00,1.455898e+00,2.273536e+00,4.981850e+00
3.540852e+00,2.141517e+00,1.738765e+00,7.794498e-01
4.940189e+00,4.774201e+00,3.063548e+00,3.074985e+00
2.132006e+00,2.742658e+00,2.083495e+00,4.342413e+00
2.141052e+00,4.541845e+00,2.553485e+00,1.701248e+00
4.607640e+00,1.183109e+00,1.830963e+00,7.071721e+00
1.085501e+00,3.116823e+00,3.485542e+00,5.428025e+00
1.025293e+00,2.368795e+00,2.157900e+00,2.757689e+00
1.843109e+00,3.284909e+00,4.986998e+00,-4.794947e-02
4.213501e+00,3.566773e+00,3.815780e+00,-2.554766e+00
1.202654e+00,1.919387e+00,4.875515e+00,6.212289e+00
2.254741e+00,1.230573e+00,1.711843e+00,-1.778468e+00
2.678719e+00,2.748454e+00,4.843722e+00,1.747238e+00
4.405384e+00,4.646162e+00,2.213870e+00,4.002462e+00
4.178661e+00,2.988807e+00,2.233741e+00,3.241182e+00
1.077584e+00,4.806165e+00,3.521231e+00,7.202385e-01
4.285292e+00,2.738954e+00,2.388745e+00,3.098843e+00
2.387243e+00,1.810485e+00,2.423943e+00,2.936393e+00
3.828548e+00,2.954722e+00,4.917733e+00,-1.063583e-01
4.785588e+00,1.055896e+00,2.879530e+00,-1.415628e+00
2.762517e+00,2.032685e+00,1.950268e+00,-1.415134e+00
4.862852e+00,1.903581e+00,3.061160e+00,5.679932e+00
1.391641e+00,3.890894e+00,4.402364e+00,2.883265e+00
1.670210e+00,3.451534e+00,2.001293e+00,4.686427e+00
3.685295e+00,1.809206e+00,3.056116e+00,4.846949e+00
3.385133e+00,3.672536e+00,2.149334e+00,5.546404e+00
3.254984e+00,2.087883e+00,2.148364e+00,3.733229e+00
3.436955e+00,1.874992e+00,1.168387e+00,5.046462e+00
1.249312e+00,3.401966e+00,4.967914e+00,2.564864e+00
2.652691e+00,2.396431e+00,2.057844e+00,3.581877e+00
1.277635e+00,2.106189e+00,3.303594e+00,-4.632303e-01
3.423593e+00,3.034139e+00,3.748043e+00,5.967490e+00
2.614581e+00,4.762184e+00,4.287195e+00,7.009069e-01
2.173800e+00,1.183965e+00,3.099888e+00,4.982544e+00
1.457236e+00,4.951386e+00,3.479119e+00,-1.424236e-01
2.813141e+00,2.589539e+00,4.094735e+00,5.736546e-01
3.052861e+00,4.859078e+00,4.128753e+00,1.893668e+00
2.322235e+00,2.713981e+00,4.940226e+00,5.467790e+00
4.672925e+00,2.037863e+00,1.897922e+00,1.898926e+00
2.766325e+00,3.626221e+00,2.912265e+00,7.347437e-01
1.087960e+00,3.903795e+00,3.927309e+00,1.012306e+00
4.875337e+00,3.194226e+00,4.336586e+00,1.785452e+00
4.718724e+00,3.740595e+00,2.244668e+00,6.897817e+00
4.447841e+00,1.246590e+00,4.303463e+00,3.591041e+00
1.602320e+00,3.225483e+00,3.665131e+00,6.752640e+00
4.555254e+00,4.628128e+00,2.185684e+00,1.750459e+00
2.276179e+00,4.326808e+00,4.586418e+00,1.146352e+00
4.333231e+00,3.723721e+00,1.739662e+00,3.799456e+00
1.163616e+00,4.010089e+00,2.850552e+00,-5.603275e-01
2.619841e+00,4.679268e+00,3.982407e+00,3.676793e+00
4.304377e+00,4.211697e+00,3.457710e+00,5.500735e+00
3.486517e+00,2.586749e+00,1.240551e+00,3.166646e-02
4.287214e+00,1.009342e+00,1.949247e+00,6.229640e+00
1.755706e+00,4.735589e+00,1.755543e+00,4.177753e+00
4.626777e+00,4.421868e+00,1.581781e+00,9.221426e+00
1.423090e+00,4.835523e+00,3.015481e+00,-2.072019e+00
3.371056e+00,1.195006e+00,3.062424e+00,1.934765e+00
4.359865e+00,4.529726e+00,3.911291e+00,7.498509e+00
2.515230e+00,4.745512e+00,2.325639e+00,6.616029e-02
2.094135e+00,4.864532e+00,4.034710e+00,1.812541e+00
4.658037e+00,4.464131e+00,2.002090e+00,5.688374e+00
4.401588e+00,1.213933e+00,2.988668e+00,4.987978e+00
2.959155e+00,2.822061e+00,2.862368e+00,2.102071e-01
4.898993e+00,4.312808e+00,2.356576e+00,1.903749e+00
2.404125e+00,4.320019e+00,2.484322e+00,2.500198e+00
1.685430e+00,2.836977e+00,3.430115e+00,5.465609e+00
2.014341e+00,1.948559e+00,1.735726e+00,5.898519e-01
1.529544e+00,2.482413e+00,2.316230e+00,-1.183698e+00
1.001509e+00,3.763176e+00,4.000556e+00,4.359662e+00
4.358113e+00,1.922784e+00,2.132304e+00,-1.198419e+00
4.340825e+00,1.466736e+00,2.891396e+00,1.781639e+00
3.163640e+00,4.606166e+00,2.472222e+00,3.078445e+00
2.580035e+00,4.177727e+00,2.056572e+00,1.375206e+00
1.681792e+00,1.649375e+00,3.843604e+00,-1.532417e+00
2.352828e+00,2.765803e+00,1.283073e+00,3.105297e-01
2.920949e+00,4.953075e+00,3.731260e+00,-4.338411e+00
1.358940e+00,4.193936e+00,2.494076e+00,2.603313e+00
3.956825e+00,1.302987e+00,4.302568e+00,4.386705e-02
3.241351e+00,3.511470e+00,1.201537e+00,-5.236967e-02
3.475597e+00,2.640513e+00,2.794201e+00,5.836242e+00
1.761350e+00,4.168304e+00,1.613563e+00,2.449969e+00
3.308125e+00,3.797211e+00,3.243673e+00,2.416922e+00
1.945601e+00,1.923489e+00,1.587027e+00,-1.765950e+00
2.572350e+00,1.050754e+00,1.704711e+00,1.327597e+00
2.404681e+00,3.868826e+00,2.650875e+00,-4.262281e-01
1.357305e+00,3.545920e+00,2.030157e+00,4.617857e+00
3.332405e+00,2.673851e+00,1.148752e+00,-1.378647e+00
3.492753e+00,4.267613e+00,1.677836e+00,6.947526e-01
1.460688e+00,4.392352e+00,3.293583e+00,6.240900e+00
2.748974e+00,1.118373e+00,4.324436e+00,5.700704e+00
1.084587e+00,4.705898e+00,2.819929e+00,2.352549e+00
3.040276e+00,1.760167e+00,3.732797e+00,7.451073e-01
1.605363e+00,3.534009e+00,2.340401e+00,4.951691e+00
1.865807e+00,1.718755e+00,1.400110e+00,-1.013691e+00
