3.824425e+00,4.945263e-01,4.550817e+00
2.216960e+00,8.359191e-01,2.752078e+00
2.870066e+00,1.351978e+00,3.487528e+00
1.412264e+00,1.080768e+00,-8.205086e-02
8.783217e-01,1.978083e+00,6.586355e+00
2.877862e+00,4.595077e+00,4.980415e+00
3.932431e+00,4.681405e+00,5.254603e+00
3.904636e+00,4.354263e+00,3.752424e+00
3.147754e+00,3.422208e-01,7.209725e-01
3.295255e+00,7.585316e-01,2.899661e+00
2.419183e+00,1.976513e+00,-3.287264e-01
4.045184e+00,5.614003e-01,-1.301480e+00
4.332496e+00,2.669611e+00,7.659157e-01
3.472343e-01,1.294430e+00,-1.464149e+00
3.404304e+00,4.189703e+00,5.677456e+00
3.600230e+00,1.885033e+00,4.381859e+00
3.370616e+00,4.852726e+00,2.628505e+00
3.744389e+00,2.774284e+00,3.670371e+00
1.883770e+00,1.412894e+00,7.192795e+00
3.575620e-01,4.225875e+00,7.078146e+00
5.707430e-01,3.627099e+00,7.141871e+00
3.141806e+00,4.057606e+00,2.930143e+00
3.826031e+00,3.192213e+00,4.319090e+00
3.445775e+00,3.083217e+00,1.442769e+00
1.638539e+00,9.072593e-01,2.219542e+00
1.941695e+00,2.188296e+00,2.645245e+00
2.406625e+00,4.448398e+00,2.887067e+00
4.875851e-01,1.361609e+00,2.489977e+00
2.123181e+00,1.477056e-01,-7.116346e-01
1.147689e+00,2.727311e+00,1.880006e+00
3.531177e+00,4.403044e+00,4.475210e+00
4.381137e+00,1.734082e+00,4.173968e+00
2.911112e+00,4.421921e+00,3.614889e+00
1.647561e+00,4.834923e+00,-2.811633e+00
4.540528e+00,3.187407e+00,2.674739e+00
4.946218e-01,1.585220e+00,1.223805e+00
1.938283e+00,2.431007e+00,-1.543336e+00
1.913695e+00,1.361386e+00,3.787751e+00
4.638212e+00,2.247793e+00,3.397673e+00
2.201093e+00,4.663733e+00,6.115604e-01
4.787981e+00,2.440603e+00,3.683902e+00
1.759295e-01,3.992216e+00,-2.200223e+00
2.715779e+00,2.487227e+00,6.045361e-01
3.375181e+00,2.165933e+00,5.148641e+00
1.147150e+00,3.779356e-02,2.614223e+00
3.085769e+00,2.835815e+00,4.680088e+00
4.728354e+00,5.566985e-01,3.676228e-02
3.603838e+00,3.628252e+00,1.214610e-01
1.134817e+00,1.266406e-01,4.395024e+00
4.070673e+00,1.765908e+00,3.342648e+00
2.604238e+00,3.535507e+00,3.251008e+00
2.400943e+00,3.711872e+00,7.489356e+00
2.079124e+00,3.718572e+00,1.166064e+00
2.062893e+00,4.702073e+00,1.612073e-02
1.677884e+00,3.944717e+00,-2.148862e+00
4.662068e+00,2.095975e+00,5.258265e+00
4.524889e+00,3.530577e+00,3.838783e+00
2.608940e+00,3.872996e-01,1.957216e+00
4.733077e+00,2.900948e+00,3.440206e+00
1.070319e+00,2.408519e+00,2.094462e+00
1.093769e+00,3.232407e+00,-8.678855e-01
2.166687e+00,4.765586e+00,2.858011e+00
1.738082e+00,4.399184e+00,-7.382256e-01
2.161285e+00,3.643571e+00,7.386033e+00
4.605381e+00,4.080516e+00,5.766357e+00
4.277004e+00,3.146814e+00,6.070139e+00
2.821361e+00,1.262655e+00,2.827826e+00
3.103021e+00,5.498116e-01,1.389609e+00
3.892541e+00,2.927647e+00,-4.259038e-01
4.703354e+00,1.917876e+00,3.241492e+00
4.718330e+00,6.282542e-01,2.299172e+00
2.329236e+00,3.539078e+00,-7.221114e-01
1.316112e+00,4.922460e+00,2.602252e+00
2.332075e+00,2.480978e+00,1.104189e+00
4.842961e+00,1.312497e+00,3.011228e+00
1.698683e+00,1.034792e+00,5.491908e-01
2.083083e+00,6.650332e-01,-1.639800e+00
2.358388e+00,4.935266e+00,1.736942e+00
2.884506e+00,4.933954e+00,3.430320e+00
2.163653e+00,2.241312e+00,2.248670e+00
3.102024e+00,1.424166e+00,2.536634e-01
2.076535e+00,1.696689e+00,4.382183e+00
1.124675e+00,2.758229e+00,2.174296e+00
3.355210e+00,2.583224e+00,3.802240e+00
2.215328e+00,1.749696e+00,-1.787481e+00
1.411389e+00,1.115816e+00,2.151507e+00
1.806492e-01,3.353624e-01,-1.242702e+00
4.532030e-01,4.345052e+00,-1.125935e+00
3.627927e+00,2.025838e+00,3.683680e+00
2.192614e+00,2.897313e+00,1.321185e+00
2.556217e+00,2.155159e+00,6.976513e-01
1.989700e-01,2.975799e+00,2.002072e+00
2.049496e+00,1.223356e+00,-5.770320e-01
8.527555e-01,4.726916e+00,5.137553e+00
4.820623e+00,1.814017e+00,2.963434e+00
4.321555e+00,4.386777e+00,3.359600e+00
1.940217e+00,2.372311e-01,-2.647917e-01
2.239744e+00,4.132174e+00,5.853601e+00
3.646032e+00,1.386546e+00,2.864435e+00
2.630398e+00,2.350312e+00,4.947507e+00
4.865736e+00,3.497239e+00,2.411559e+00
4.872915e+00,1.130063e+00,3.718082e+00
2.345955e+00,4.956927e+00,2.729274e+00
1.101105e+00,3.237771e+00,-6.381062e-01
3.225373e+00,2.154936e+00,4.216694e+00
1.518293e+00,1.988718e+00,2.349393e+00
1.302830e+00,2.021980e+00,2.185840e+00
1.246510e+00,3.061273e+00,3.705505e+00
6.513102e-01,3.236556e-01,-1.840361e-01
4.418131e+00,2.458200e+00,2.310290e+00
1.154461e+00,7.496563e-01,2.002528e+00
4.133302e+00,3.790572e-01,4.021493e+00
4.517436e+00,4.560979e+00,4.608685e+00
2.840829e+00,3.727189e+00,1.054313e+00
2.685604e+00,4.799160e+00,1.735477e+00
2.438857e+00,1.806887e+00,1.288160e+00
1.473250e+00,9.848844e-01,1.725026e+00
2.871439e+00,4.331930e+00,-1.711012e+00
2.612389e+00,1.944544e+00,5.726959e+00
2.522767e+00,4.896250e+00,7.292732e+00
2.435930e-02,2.590356e+00,-1.050988e+00
2.935105e+00,1.121013e+00,-8.344208e-01
1.534202e+00,3.589809e+00,5.183664e-01
1.250648e+00,4.856947e-01,4.191656e+00
1.622127e+00,2.406270e-01,3.711563e+00
3.536891e+00,2.315033e+00,2.576139e+00
4.234485e+00,3.239948e+00,1.841250e+00
7.000029e-01,1.868472e+00,1.739992e-01
4.885841e+00,9.822074e-01,3.170666e+00
1.595413e+00,1.537691e+00,4.261038e+00
3.784851e+00,4.381606e+00,-6.287354e-01
1.713066e+00,1.451501e-01,-1.137948e+00
5.560226e-01,3.816764e+00,2.046841e+00
1.026933e-01,4.556281e+00,1.656842e+00
2.765462e+00,3.247853e+00,2.702098e+00
3.626550e+00,1.520044e+00,3.867915e+00
4.774532e+00,2.860842e+00,-1.511038e-01
2.395423e+00,3.288408e+00,4.222039e+00
2.300657e+00,2.164540e+00,4.894956e+00
3.043244e+00,1.173413e+00,2.529402e+00
2.670265e+00,2.481427e+00,4.983765e+00
2.454660e+00,3.194228e+00,-4.132793e-01
3.004317e+00,6.169123e-01,1.703262e+00
2.670204e+00,4.676294e+00,3.100439e+00
3.850364e+00,3.890626e+00,4.826908e+00
2.886687e+00,9.884828e-02,1.602814e+00
5.538873e-01,7.083234e-01,-2.218031e+00
4.469869e+00,4.555807e+00,2.997759e+00
4.022507e+00,1.495781e+00,2.012046e+00
4.226872e+00,4.961121e+00,2.557825e+00
8.343944e-02,4.039686e-01,1.097588e+00
2.575018e+00,1.918741e+00,1.795760e+00
2.891219e+00,2.268095e+00,2.973307e+00
4.175111e+00,4.588890e-01,4.827188e+00
3.082344e+00,3.190944e+00,4.224563e+00
2.721830e+00,3.566302e-01,1.525744e+00
2.282842e+00,1.127293e+00,4.407606e+00
3.474109e+00,3.642415e+00,-5.622151e-01
6.907827e-02,2.730696e+00,-3.282399e-01
1.314102e+00,3.999080e+00,2.014158e+00
2.562263e-01,2.664970e+00,4.022524e+00
1.418097e+00,2.456067e+00,2.150332e+00
3.395654e+00,4.950222e+00,2.715607e+00
3.324254e+00,1.863932e+00,3.984167e-01
4.829201e+00,3.668531e-01,-1.975902e+00
1.253066e+00,2.704953e+00,9.707526e-01
4.227829e+00,2.706204e+00,3.637730e-01
7.287483e-02,2.594886e+00,5.655931e+00
1.283898e+00,1.325387e-01,3.531201e+00
4.365416e+00,3.036761e+00,-1.941102e+00
4.266187e+00,5.288608e-01,-1.627227e+00
3.158250e+00,2.539796e+00,1.241498e+00
4.316859e-01,2.044389e+00,2.414770e+00
1.622839e+00,1.752765e+00,5.950864e-01
1.161823e+00,2.936015e+00,3.208996e+00
4.778953e+00,2.765896e+00,1.567388e+00
3.606971e-01,4.819309e+00,3.978598e+00
4.601442e+00,1.339385e+00,4.845070e+00
3.538522e+00,1.670800e+00,2.091468e+00
4.199426e+00,2.391938e+00,3.935675e+00
4.129211e+00,6.595865e-01,2.260102e+00
3.763798e+00,4.591176e+00,5.024375e+00
1.494696e+00,3.953091e+00,4.161596e+00
1.674041e+00,3.657332e+00,2.397886e+00
1.692966e+00,2.729785e+00,2.720347e+00
4.258831e+00,3.808793e+00,1.881370e+00
4.573715e+00,3.370280e+00,2.772857e+00
2.810643e-01,1.601172e+00,4.426067e-01
2.981364e+00,1.884050e+00,1.124944e+00
1.762392e+00,2.505771e+00,2.439825e+00
4.778567e+00,3.715121e-01,3.427205e+00
3.830386e-01,1.311021e+00,1.472949e+00
3.636911e+00,4.668053e+00,4.695858e+00
3.001910e-01,2.041955e+00,-7.755242e-01
3.421210e-01,3.215341e+00,6.945630e-01
4.847509e+00,6.135066e-01,3.120927e+00
1.145303e+00,1.215589e+00,3.471619e+00
2.362677e+00,1.092266e+00,4.488468e+00
3.248154e+00,3.989797e+00,5.827444e+00
3.173325e+00,3.674858e+00,1.960469e+00
