3.251197e+00,4.008288e+00,3.109824e+00
2.117693e+00,2.926043e-02,4.360708e-01
2.312576e+00,3.333573e+00,-4.774159e-01
2.998098e+00,7.386447e-01,1.260261e+00
1.807114e+00,1.991864e+00,-1.182943e+00
3.723101e+00,1.278089e+00,3.856761e+00
4.833184e+00,4.729473e-01,4.996576e-02
1.817960e+00,3.179479e+00,-4.805647e-01
2.268368e+00,3.093141e+00,-1.307328e+00
2.524841e+00,9.976055e-01,1.302008e+00
4.264878e+00,3.474570e+00,2.879911e+00
2.661982e+00,4.776762e-01,6.729860e-01
2.566523e+00,1.658429e+00,-1.708473e+00
7.445406e-01,2.335788e+00,4.737190e-01
1.895306e+00,1.328031e+00,5.299545e-01
2.358546e+00,1.725410e+00,-2.455457e+00
2.605335e+00,4.179936e+00,-5.568081e-01
4.974764e+00,4.783824e+00,-2.303721e+00
2.769721e+00,1.922799e+00,-2.643198e+00
4.037437e-01,4.921418e+00,4.515388e-01
2.474914e+00,7.825442e-02,-6.575794e-01
3.813899e+00,3.305651e+00,1.149213e+00
2.684305e+00,2.530477e+00,-3.276164e+00
4.604047e-01,4.324427e+00,1.931144e+00
3.990562e+00,3.895062e+00,2.963831e+00
2.767712e+00,2.222847e+00,-3.125734e+00
2.935102e+00,2.788793e+00,-1.564245e+00
4.905837e+00,3.768370e+00,1.193850e+00
1.117424e+00,4.303021e+00,3.721951e+00
3.416014e+00,8.555848e-01,3.667232e+00
2.158917e-01,1.464975e+00,2.864892e+00
3.901125e+00,1.168605e+00,2.982946e+00
1.943467e+00,2.188449e+00,-9.951706e-01
2.529042e-01,3.362785e+00,2.185365e+00
4.867031e+00,2.538817e+00,-7.903366e-01
4.407853e+00,1.550434e+00,7.284782e-01
1.346145e+00,7.448508e-01,2.455303e+00
2.870069e+00,1.678592e+00,-2.295526e+00
4.346558e+00,3.124295e+00,8.855763e-01
2.516463e+00,3.429749e-01,-1.531253e-01
3.783080e+00,4.888621e+00,1.659329e+00
2.396648e+00,1.509114e+00,-1.004649e+00
4.019647e+00,4.068505e+00,3.265272e+00
3.035976e+00,4.354807e+00,-7.257739e-01
3.621557e+00,4.529076e+00,1.705633e+00
4.668309e+00,3.184554e+00,2.330039e+00
1.393434e-02,1.592736e+00,-1.042196e+00
2.296488e+00,2.622835e+00,-3.851364e+00
3.577381e+00,4.062659e+00,2.482940e+00
3.011170e-01,3.702703e+00,2.840351e+00
4.951320e+00,1.863866e+00,-2.153305e+00
2.033977e+00,3.932893e+00,9.058849e-01
1.622381e+00,1.852832e+00,-1.145656e+00
4.622102e+00,4.632191e+00,-9.190273e-02
3.210696e+00,4.525055e+00,1.829370e+00
4.371542e-01,4.278830e-01,2.768340e+00
1.629690e+00,1.747766e-01,2.750365e-01
4.653575e+00,4.340185e+00,1.087949e+00
3.309872e+00,2.156427e+00,-1.267128e-01
4.810665e-01,1.046452e+00,3.499997e+00
3.335980e+00,3.812884e-01,3.158092e+00
4.682658e+00,4.340303e+00,3.475691e+00
3.651021e+00,3.107057e+00,1.525235e+00
7.280168e-01,1.355800e+00,4.669067e+00
8.861707e-01,1.452420e+00,1.905817e+00
1.941190e+00,9.628297e-01,1.103379e+00
1.375588e+00,9.980098e-01,2.817657e+00
3.937871e+00,1.757976e+00,2.910484e+00
3.252558e+00,3.034783e+00,6.634966e-01
2.860523e+00,2.537079e+00,-3.695660e+00
1.974578e+00,1.935363e+00,-2.305582e+00
3.338848e+00,2.222738e-01,2.146817e+00
2.819665e+00,1.127713e+00,3.289569e-01
4.187129e-01,3.548708e+00,3.422092e+00
4.413151e+00,7.597690e-01,4.715607e+00
3.252902e-01,4.775607e+00,-2.369306e-02
4.101722e+00,3.590020e-01,3.622289e+00
2.742596e+00,6.977782e-02,1.555652e+00
2.039547e+00,1.418226e+00,2.449638e-01
4.756847e+00,2.940928e+00,2.109057e+00
4.880439e+00,3.161634e+00,4.175700e-01
4.695315e+00,4.946986e+00,-2.099449e+00
7.341735e-01,4.491105e+00,1.619326e+00
6.588967e-02,2.899611e+00,-2.166136e+00
1.323358e+00,5.000378e-01,2.615469e+00
4.874073e+00,1.479100e+00,-5.086964e-01
2.299454e+00,2.546169e+00,-3.604280e+00
2.958581e+00,3.999767e+00,7.269951e-01
4.526270e+00,1.280402e+00,2.425677e+00
1.944826e+00,1.397813e+00,-1.393219e+00
2.912857e+00,3.366259e+00,-1.967851e-01
3.171878e+00,2.656817e-01,7.322299e-02
5.540595e-01,6.002734e-01,4.209796e+00
1.414453e+00,1.301856e+00,2.206997e+00
1.095131e+00,3.190736e+00,3.207418e+00
4.793339e+00,2.752586e+00,-2.035076e+00
4.987566e+00,4.170538e+00,-7.074601e-01
3.830216e+00,9.134116e-01,4.711634e+00
2.868257e+00,2.427940e+00,-4.260940e+00
3.322070e+00,4.999776e+00,1.165329e+00
4.328608e+00,2.321639e+00,1.510622e+00
5.734026e-01,7.127786e-02,1.745335e+00
2.461340e+00,2.906859e+00,-1.245977e+00
7.395683e-01,3.527859e+00,5.569318e+00
3.804841e+00,8.995213e-01,4.012268e+00
3.579724e+00,2.813742e+00,9.921144e-01
4.766039e+00,1.660114e+00,-1.550470e+00
4.106892e+00,2.849719e+00,3.265544e-01
2.611546e-01,4.856562e+00,1.820304e+00
3.467483e+00,4.854129e+00,1.749317e+00
4.906716e+00,8.150969e-01,1.111094e-01
4.154092e+00,3.377096e+00,4.533505e+00
4.294507e+00,1.472565e+00,3.053428e+00
4.161195e+00,2.747551e+00,6.350266e-01
3.594563e+00,2.326120e+00,1.602481e-01
9.682814e-02,1.224813e+00,2.296411e+00
5.979048e-01,3.102639e+00,4.412608e+00
2.561049e+00,1.735192e+00,-1.442770e+00
4.480542e+00,4.064112e+00,4.145006e+00
4.630709e+00,1.697411e+00,2.885163e+00
1.157555e+00,3.967919e+00,3.736231e+00
1.107755e+00,2.184162e+00,1.368676e+00
1.331508e+00,1.175162e+00,1.727022e+00
1.729687e+00,2.020483e+00,-1.137660e+00
3.648649e+00,2.561732e+00,1.364412e-02
2.069931e+00,1.583981e+00,-2.187805e+00
2.156232e+00,4.701349e+00,-2.601161e-02
2.217113e+00,4.868992e+00,-1.042870e+00
4.642991e+00,3.768216e+00,1.476378e+00
4.131556e+00,2.124279e+00,2.438825e-01
2.805916e+00,8.182623e-01,3.481379e+00
2.644419e+00,2.972293e-01,-1.165120e+00
4.059997e+00,4.165122e+00,4.367945e+00
8.104540e-01,4.456598e+00,3.058900e+00
3.039993e+00,3.044244e-01,2.864449e+00
7.093202e-01,2.242355e+00,-2.354509e+00
1.440910e-01,3.334285e+00,1.857045e+00
3.574223e+00,1.719974e-01,3.907088e+00
2.888428e-01,1.554603e+00,8.111660e-01
3.655299e+00,2.211679e+00,-7.946344e-02
2.427893e+00,2.065988e+00,-5.073143e+00
3.012356e+00,1.104718e+00,1.096728e+00
2.572058e+00,4.148318e+00,1.148236e+00
2.699528e+00,4.591429e+00,-3.612685e-01
4.461052e-01,2.208776e-01,2.414130e+00
1.269361e+00,3.660655e+00,3.527963e+00
2.688852e+00,2.085108e+00,-2.880654e+00
4.743204e+00,3.155855e-01,2.333085e+00
4.078919e+00,4.577660e-01,3.782069e+00
2.097856e+00,4.563242e+00,1.410856e+00
4.314103e+00,2.906007e+00,1.574430e+00
4.983420e+00,1.387002e+00,-8.926773e-01
3.367437e+00,3.564114e+00,3.498129e+00
1.705089e+00,1.305671e+00,3.349979e+00
3.755895e+00,3.394157e+00,2.424563e+00
3.316828e-01,2.915099e-01,2.346776e+00
3.038134e+00,1.401405e+00,2.225124e+00
3.086040e+00,6.565779e-04,7.751308e-02
2.951327e+00,1.270815e+00,8.798090e-01
3.282637e+00,4.819003e+00,5.601973e-01
1.359157e+00,1.938771e+00,6.694964e-01
2.185698e+00,6.121811e-01,-9.854711e-01
3.285846e+00,4.365954e+00,3.310810e+00
1.099270e+00,4.049445e+00,3.614814e+00
6.815060e-01,1.037462e+00,3.570065e+00
4.082511e+00,3.465001e+00,4.601478e+00
1.509808e+00,8.598726e-01,8.754707e-01
3.317823e+00,3.717821e+00,3.385813e+00
9.510990e-01,2.092739e+00,4.288669e-01
2.415738e+00,1.592999e+00,-1.995337e+00
4.330646e+00,3.673610e-01,3.086420e+00
4.583999e+00,3.910832e+00,3.394943e+00
2.199737e+00,3.966734e+00,7.958337e-01
2.183836e+00,4.167318e+00,1.718488e-02
2.078753e+00,8.889808e-01,2.723136e-01
2.318188e+00,6.275172e-01,9.778384e-02
4.987590e+00,3.499020e+00,3.821455e-01
1.973106e+00,2.211492e+00,-4.142508e+00
2.932973e-01,4.246741e+00,2.482662e+00
3.269959e+00,2.149560e+00,-1.517808e+00
2.605978e-01,1.630952e+00,3.783904e-01
2.509503e+00,3.185134e+00,-9.404541e-01
1.908807e+00,1.416976e+00,-7.002273e-01
3.687471e+00,3.534493e+00,3.087666e+00
9.094285e-01,7.836614e-01,3.906023e+00
1.631536e+00,9.040717e-01,2.913051e+00
4.423569e-01,3.288958e+00,3.343787e+00
3.498797e+00,2.738786e+00,2.196754e+00
2.600532e+00,3.703748e+00,1.488323e+00
3.681135e+00,1.577309e+00,2.302040e+00
9.184719e-01,2.841470e+00,1.223299e+00
3.090978e+00,2.450670e+00,-9.325413e-01
1.241337e-01,4.437960e+00,2.052810e+00
1.568663e+00,5.146041e-01,1.751970e+00
3.171627e+00,4.152925e+00,1.498994e+00
2.389797e+00,3.037014e+00,-1.460049e+00
4.788051e+00,1.157973e+00,-1.159507e-01
3.323556e+00,3.216873e+00,1.806750e+00
1.998283e+00,9.131892e-01,2.194835e+00
1.168168e-01,1.764189e+00,1.221716e+00
