2.723199e+00,4.039313e+00,4.799884e+00,1.862525e+00
3.388714e+00,4.225647e+00,1.403745e+00,2.302284e+00
4.237181e+00,4.938742e+00,1.741895e+00,1.669581e+00
3.123885e+00,5.821184e+00,5.773479e+00,3.494463e+00
5.091347e+00,3.939637e+00,2.172341e+00,2.865056e+00
3.664434e+00,1.765466e+00,3.557456e+00,4.112975e+00
3.425244e+00,2.595547e+00,5.015195e+00,2.679269e+00
2.659138e+00,2.758044e+00,3.051306e+00,1.321655e+00
1.843536e+00,2.261815e+00,5.027315e+00,3.749441e+00
3.401043e+00,2.397829e+00,4.966282e+00,3.042678e+00
2.668190e+00,4.101767e+00,5.491288e+00,5.090639e+00
4.712146e+00,3.442591e+00,3.412229e+00,4.135689e+00
1.855115e+00,3.093082e+00,2.154086e+00,3.427473e+00
4.611802e+00,5.351014e+00,1.336979e+00,-1.184323e+00
3.590122e+00,2.287092e+00,3.227124e+00,3.418206e-01
1.846096e+00,1.616547e+00,3.824210e+00,4.313147e+00
2.988567e+00,5.768293e+00,3.041331e+00,6.595354e-02
5.041930e+00,4.181411e+00,3.433892e+00,-7.653542e-01
1.413264e+00,3.830344e+00,4.357024e+00,1.150455e+00
2.742071e+00,5.842421e+00,4.355845e+00,-1.295161e+00
5.650775e+00,1.680701e+00,3.036908e+00,-6.917618e-01
4.961007e+00,1.617467e+00,1.263194e+00,1.394836e-02
1.145439e+00,1.566457e+00,1.497470e+00,3.923179e+00
1.650940e+00,2.192196e+00,3.038862e+00,1.176135e+00
3.494303e+00,1.924713e+00,1.808037e+00,2.765569e+00
4.765290e+00,5.338920e+00,3.739843e+00,5.684775e-01
1.989694e+00,2.962333e+00,2.181521e+00,1.599969e+00
3.542755e+00,1.105518e+00,2.575640e+00,5.969299e-01
4.421398e+00,2.073162e+00,2.670594e+00,1.136974e+00
1.358114e+00,4.364687e+00,1.716970e+00,3.858215e+00
3.158373e+00,1.575128e+00,3.559381e+00,1.371898e+00
1.144980e+00,3.724714e+00,1.975187e+00,6.859070e+00
5.480365e+00,5.159590e+00,4.534566e+00,3.464381e+00
1.403767e+00,4.800533e+00,3.970934e+00,9.267139e-01
1.211270e+00,3.848114e+00,3.519183e+00,9.775340e-01
4.685429e+00,4.123193e+00,3.744652e+00,2.119465e-01
3.937734e+00,4.977653e+00,3.534106e+00,5.174190e+00
3.003192e+00,1.160962e+00,2.784767e+00,5.755568e+00
4.030199e+00,2.000353e+00,1.286169e+00,1.251005e+00
2.416106e+00,3.002330e+00,5.934076e+00,1.565592e+00
5.126343e+00,1.584250e+00,4.340111e+00,3.876073e+00
4.918976e+00,5.740435e+00,5.890425e+00,-2.995707e+00
4.222783e+00,3.234660e+00,5.727772e+00,1.618842e+00
2.147929e+00,2.013421e+00,1.136826e+00,1.532881e+00
2.039130e+00,5.456091e+00,4.556055e+00,2.532550e+00
1.308596e+00,3.962895e+00,2.977582e+00,5.195927e-01
3.850698e+00,3.783651e+00,3.496005e+00,3.147167e-02
1.557387e+00,5.032544e+00,5.239393e+00,-2.300240e-01
2.549690e+00,4.528346e+00,4.369276e+00,3.617219e+00
4.292604e+00,5.469657e+00,4.450906e+00,1.466733e+00
3.897642e+00,5.022729e+00,1.139204e+00,2.354585e+00
3.477460e+00,2.613185e+00,2.903737e+00,2.231460e+00
4.506730e+00,5.630617e+00,5.296748e+00,-1.262931e+00
2.836800e+00,4.729936e+00,2.468040e+00,5.605580e-01
4.081287e+00,5.505575e+00,1.399158e+00,8.897567e-01
5.409148e+00,2.219832e+00,1.170249e+00,1.778472e+00
4.906091e+00,2.120479e+00,2.600888e+00,-9.769478e-01
4.957938e+00,1.918935e+00,3.949073e+00,2.739082e+00
2.735134e+00,4.222298e+00,1.282958e+00,-5.948647e-01
5.170231e+00,5.666173e+00,5.606339e+00,3.165951e+00
3.312887e+00,5.090167e+00,2.021054e+00,-2.633145e-01
2.524296e+00,5.409366e+00,5.974142e+00,3.578606e+00
4.271250e+00,1.250121e+00,1.085666e+00,1.891810e+00
3.239577e+00,2.088192e+00,4.999593e+00,4.977153e+00
1.254510e+00,3.688238e+00,2.278742e+00,2.258823e+00
4.537937e+00,2.598484e+00,4.080322e+00,2.109897e+00
3.292391e+00,1.130388e+00,5.455142e+00,7.883813e-01
3.621673e+00,1.265530e+00,1.872005e+00,7.850153e-01
5.471412e+00,3.647638e+00,5.273046e+00,1.431050e+00
3.775073e+00,2.837761e+00,3.587750e+00,7.739170e-01
5.689653e+00,1.277447e+00,2.106702e+00,2.076249e+00
2.582798e+00,1.813806e+00,3.355998e+00,2.394934e+00
1.775303e+00,4.636304e+00,3.811989e+00,3.060863e+00
4.352150e+00,5.893262e+00,5.901490e+00,3.435596e+00
1.170359e+00,1.806276e+00,3.610608e+00,2.985595e+00
3.126603e+00,2.712347e+00,4.470873e+00,-9.414954e-01
5.629089e+00,4.094622e+00,2.046351e+00,2.643605e+00
5.241610e+00,5.896288e+00,4.576970e+00,1.388356e+00
2.453344e+00,5.205112e+00,2.784804e+00,-2.035564e+00
1.354328e+00,2.741658e+00,4.662002e+00,2.067604e+00
5.752203e+00,3.796972e+00,5.685367e+00,2.325724e+00
1.129194e+00,4.327673e+00,3.440383e+00,-5.629827e-01
5.884707e+00,3.890882e+00,1.901689e+00,7.330191e-01
4.039897e+00,5.769063e+00,2.031626e+00,-2.487911e-01
4.582082e+00,1.376941e+00,2.040960e+00,4.363183e+00
2.981619e+00,1.581294e+00,1.045877e+00,2.796329e-01
5.985455e+00,5.142238e+00,1.804756e+00,3.824116e+00
5.155262e+00,5.628208e+00,1.994525e+00,4.210077e+00
2.568209e+00,4.687064e+00,4.130477e+00,1.916908e+00
4.487969e+00,2.931846e+00,3.128564e+00,9.879538e-01
2.182405e+00,1.955929e+00,4.321724e+00,4.315188e+00
2.169475e+00,1.557554e+00,5.233794e+00,3.718870e+00
3.814103e+00,2.209062e+00,1.056229e+00,5.120632e+00
2.850283e+00,3.628083e+00,2.047660e+00,6.295444e+00
4.563834e+00,3.214663e+00,3.741235e+00,2.019003e+00
5.550350e+00,2.269784e+00,4.911884e+00,2.766027e+00
3.940504e+00,2.423130e+00,4.741686e+00,2.471789e+00
2.249109e+00,1.634073e+00,4.540316e+00,1.363241e+00
2.798114e+00,5.534923e+00,5.771730e+00,4.957256e-01
4.401411e+00,5.267321e+00,5.405407e+00,5.374502e+00
1.559322e+00,1.256850e+00,2.918183e+00,2.435290e+00
2.375497e+00,5.693198e+00,3.056769e+00,2.261822e+00
2.565287e+00,1.125756e+00,1.560476e+00,4.106556e-01
2.556066e+00,3.611997e+00,5.113792e+00,4.582164e+00
1.001644e+00,3.151476e+00,2.029197e+00,3.838911e+00
3.926613e+00,3.664683e+00,5.119894e+00,3.621266e+00
5.542751e+00,5.922218e+00,1.451741e+00,3.186216e+00
2.470338e+00,2.100779e+00,1.894740e+00,-1.365774e-01
2.000193e+00,4.862399e+00,2.012591e+00,3.402951e-01
1.433057e+00,2.100763e+00,3.937812e+00,2.796400e+00
3.988856e+00,1.262373e+00,1.643678e+00,9.968694e-01
2.293811e+00,3.352293e+00,3.889813e+00,3.204002e+00
5.350309e+00,2.984673e+00,4.932331e+00,3.201817e-01
4.202516e+00,3.889400e+00,2.414293e+00,1.918221e+00
4.135193e+00,5.792879e+00,4.724463e+00,7.055612e+00
4.445952e+00,2.686309e+00,5.349898e+00,9.118978e-01
4.815004e+00,1.171404e+00,3.150845e+00,2.614713e+00
1.780287e+00,1.313216e+00,2.417661e+00,3.434176e+00
4.241402e+00,5.253203e+00,2.773882e+00,8.987716e-02
5.736379e+00,3.110293e+00,2.963459e+00,1.801749e-01
1.713084e+00,1.415831e+00,2.642614e+00,-1.260424e+00
3.290151e+00,2.986411e+00,5.426728e+00,2.921622e+00
1.933751e+00,2.375734e+00,1.632952e+00,3.428250e+00
1.846427e+00,4.122166e+00,5.614985e+00,3.513856e+00
5.156826e+00,2.714473e+00,5.216528e+00,1.665578e+00
5.972321e+00,5.976114e+00,2.046130e+00,-1.507091e+00
3.856805e+00,1.897180e+00,3.095274e+00,2.326895e+00
4.418087e+00,2.018254e+00,4.378004e+00,7.865981e-01
5.274955e+00,3.972351e+00,1.907613e+00,4.381407e+00
4.355344e+00,3.548364e+00,1.613448e+00,8.860300e-01
4.367059e+00,5.599311e+00,3.976369e+00,3.856496e+00
1.656546e+00,1.097245e+00,3.266100e+00,4.514221e+00
2.496065e+00,1.980531e+00,4.830426e+00,4.738188e+00
1.777413e+00,5.319305e+00,1.608819e+00,4.413199e+00
3.060263e+00,4.003949e+00,1.587743e+00,7.727939e-01
5.375333e+00,2.604044e+00,1.587245e+00,1.617317e+00
5.776120e+00,1.881485e+00,3.981180e+00,1.723535e+00
5.284537e+00,2.035151e+00,4.753677e+00,2.692873e+00
2.359910e+00,5.571918e+00,5.574723e+00,-1.322177e+00
3.388437e+00,3.040436e+00,2.854525e+00,1.610026e+00
3.499063e+00,1.927534e+00,3.859598e+00,1.378371e+00
2.755550e+00,3.863085e+00,5.309903e+00,1.611808e+00
1.813905e+00,1.768731e+00,4.846024e+00,2.191485e+00
4.984781e+00,2.465666e+00,1.534886e+00,4.705721e+00
4.885162e+00,2.084369e+00,5.819715e+00,1.891836e+00
5.667903e+00,2.430643e+00,3.594890e+00,4.626527e+00
1.343066e+00,1.983445e+00,4.314023e+00,2.362059e+00
3.755731e+00,5.829072e+00,3.800235e+00,3.194312e+00
1.455106e+00,1.011407e+00,4.060008e+00,4.351261e+00
5.572024e+00,3.199229e+00,3.474256e+00,1.181278e+00
3.045128e+00,3.048969e+00,3.523406e+00,5.300203e-01
2.716375e+00,4.045736e+00,1.800583e+00,1.993856e+00
2.238639e+00,1.996250e+00,4.513748e+00,-5.204900e-01
5.671017e+00,5.347695e+00,5.967300e+00,2.512232e+00
4.841989e+00,5.965061e+00,2.935024e+00,3.003075e+00
4.605942e+00,1.670705e+00,4.514463e+00,3.255292e+00
4.497317e+00,2.263474e+00,1.496988e+00,3.678496e+00
3.919494e+00,2.263758e+00,3.995766e+00,1.042054e+00
1.588223e+00,5.015597e+00,4.290600e+00,4.437812e+00
5.622283e+00,4.581907e+00,3.804646e+00,4.026722e+00
4.624242e+00,5.138259e+00,5.264507e+00,2.263572e+00
5.387336e+00,2.951540e+00,1.113548e+00,3.559052e+00
5.364940e+00,1.150314e+00,5.455501e+00,2.811981e+00
5.385432e+00,5.925421e+00,4.890971e+00,1.730746e+00
2.527056e+00,1.797649e+00,1.333515e+00,-9.747977e-01
1.876689e+00,5.382268e+00,1.962882e+00,4.480906e+00
4.310496e+00,1.214906e+00,2.613547e+00,2.463907e+00
2.661706e+00,4.967709e+00,5.637382e+00,3.862515e+00
5.919503e+00,1.298810e+00,3.434561e+00,1.042016e+00
2.179258e+00,5.463921e+00,1.265232e+00,8.067844e-01
5.507903e+00,3.228382e+00,5.238690e+00,-1.072612e+00
1.394663e+00,5.601535e+00,3.507398e+00,9.824153e-01
5.571055e+00,5.551970e+00,2.081962e+00,2.857311e+00
4.679731e+00,1.583133e+00,2.119717e+00,4.797248e-01
1.851660e+00,4.460688e+00,4.594012e+00,2.242612e+00
3.585944e+00,1.554389e+00,2.873283e+00,2.703088e+00
3.360365e+00,2.762089e+00,2.914652e+00,2.875754e+00
4.037185e+00,5.732310e+00,2.357886e+00,1.708918e+00
1.663105e+00,1.904451e+00,1.595854e+00,1.746311e+00
5.306917e+00,3.996170e+00,3.911042e+00,4.403828e+00
3.684894e+00,3.281298e+00,5.364500e+00,2.681700e+00
2.507415e+00,2.133713e+00,2.922257e+00,4.964946e-01
3.753771e+00,1.277598e+00,2.481783e+00,-1.555607e+00
5.158496e+00,3.384186e+00,4.709760e+00,2.794063e+00
3.837680e+00,3.973293e+00,2.975888e+00,7.453902e-01
3.972873e+00,3.910325e+00,1.673945e+00,-7.806451e-01
3.588833e+00,5.119401e+00,1.610006e+00,3.284189e+00
3.724352e+00,3.446665e+00,3.565378e+00,2.602356e+00
4.692173e+00,2.157332e+00,3.343209e+00,2.659505e+00
3.185268e+00,3.269026e+00,4.316890e+00,2.627961e+00
2.788553e+00,1.172516e+00,2.914003e+00,-1.463611e+00
1.243120e+00,3.320348e+00,2.972288e+00,1.634773e+00
4.996792e+00,1.397162e+00,2.510116e+00,3.089767e+00
5.480922e+00,2.447508e+00,2.847753e+00,-5.879839e-01
2.071722e+00,2.724670e+00,2.818698e+00,-4.294676e-01
2.663085e+00,2.398432e+00,2.821017e+00,4.427413e+00
2.961708e+00,4.449071e+00,3.149765e+00,-1.485558e+00
2.232558e+00,2.771917e+00,2.982269e+00,3.137849e+00
5.427167e+00,5.975210e+00,3.696697e+00,4.030489e+00
4.714305e+00,2.065967e+00,3.494570e+00,2.407546e+00
