1.439179e+00,9.774681e-01,-1.283294e+01
2.357239e+00,6.245349e-01,-2.400230e+00
1.471105e+00,4.935233e+00,2.590771e+01
2.827199e+00,1.459807e+00,2.410480e+00
5.498763e-01,1.643170e+00,1.800536e+01
5.786237e+00,4.602096e+00,3.756401e+01
5.446838e+00,5.202243e+00,5.845413e+01
1.227787e-01,6.189004e-02,4.896851e+00
1.620076e-01,2.527403e+00,2.763550e+01
3.031484e+00,2.907672e+00,1.600502e+01
1.050287e+00,5.758046e+00,1.460022e+01
1.526333e+00,5.062274e+00,1.826390e+01
1.230174e+00,5.227856e+00,2.487360e+01
1.942431e+00,2.536092e+00,1.539413e+00
1.985835e-01,3.634952e+00,1.045433e+01
3.593135e+00,1.516577e+00,-1.108581e+01
3.865691e+00,5.933889e+00,3.982547e+01
2.370894e+00,4.071358e-01,1.521993e+01
3.580116e-01,4.410110e+00,1.627716e+01
5.456584e+00,4.291991e+00,5.155511e+01
8.528688e-01,2.261345e+00,1.634290e+01
5.212270e+00,6.650618e-02,2.629060e+01
3.518261e+00,1.444382e+00,-4.442869e+00
1.746869e+00,1.213504e+00,1.019274e+00
1.223735e+00,4.387676e+00,1.169063e+01
2.501830e+00,5.303862e+00,2.294367e+01
7.821910e-01,5.249434e+00,5.512174e+01
4.329217e+00,5.993234e-01,1.256176e+01
3.873571e+00,5.429298e+00,2.160848e+01
4.513769e+00,1.622687e+00,2.372146e+01
5.721685e+00,4.457339e+00,3.164860e+01
6.234571e-01,1.484792e+00,-1.953730e+01
1.455656e+00,1.766086e+00,-2.157259e+00
5.769954e+00,2.600315e+00,5.943965e+01
3.731714e+00,4.830915e+00,3.047036e+01
3.680214e+00,1.429350e+00,-2.515550e+01
2.256610e+00,3.648982e+00,4.110595e+01
2.560379e-01,2.197509e+00,1.051114e+01
7.518601e-01,1.901038e+00,1.419386e+01
4.050792e+00,6.505607e-01,2.855831e+01
1.123324e+00,1.240567e+00,2.473911e+01
5.704376e+00,5.176773e+00,6.403871e+01
3.215075e+00,2.973339e+00,-2.952842e+01
1.772278e+00,5.942704e+00,3.994138e+01
5.377050e+00,1.118962e+00,-1.287704e+01
4.299206e+00,5.643750e+00,2.212896e+01
2.085706e+00,2.385162e+00,-8.125697e+00
3.916069e-01,4.015103e+00,3.395577e+01
8.747288e-02,4.637271e+00,-1.678085e+00
2.977065e-01,1.896371e+00,8.624172e+00
5.482133e+00,4.358664e+00,5.660526e+01
1.882599e+00,3.993462e+00,1.255711e+01
5.608246e+00,2.475172e+00,1.152999e+01
3.334672e+00,5.320093e+00,2.615658e+01
1.844184e+00,5.317532e+00,3.674495e+01
5.664833e+00,5.945027e+00,4.264414e+01
5.366926e+00,5.466579e+00,2.818186e+01
2.075443e+00,5.139020e+00,6.113745e+01
4.097057e+00,2.185057e+00,4.567732e+01
5.843434e+00,2.645214e+00,4.018446e+01
4.611316e+00,3.459143e+00,2.706082e+01
1.860463e+00,3.896042e+00,2.681666e+01
2.671650e+00,1.927754e+00,-2.354956e+00
3.836129e+00,3.278536e+00,4.868056e+01
4.445284e+00,3.300012e-01,2.289814e+01
4.945917e+00,3.712090e+00,5.362100e+01
3.937836e+00,5.890730e-01,2.173936e+01
5.425571e+00,5.940778e+00,5.761722e+01
3.650399e-02,1.391504e-01,4.766396e+01
1.890270e+00,9.819108e-01,8.033670e+00
2.465135e+00,2.879415e+00,2.871482e+01
3.841937e+00,3.743361e+00,5.659147e+01
4.076555e+00,5.947582e-01,4.016899e+01
2.774503e+00,1.815912e+00,1.242045e+01
7.836024e-02,5.114018e-01,2.861155e+01
4.607645e+00,5.942704e+00,4.276063e+01
1.255911e+00,4.303850e+00,1.746740e+01
4.012878e+00,6.757604e-01,-2.268944e+00
3.140519e+00,5.470736e+00,4.236368e+01
3.214211e+00,1.938874e-01,4.591850e+01
4.740172e+00,1.149719e+00,6.239650e+00
2.084680e+00,4.696380e+00,-1.125908e+01
2.740882e+00,5.503942e+00,-1.374236e+01
5.857432e+00,2.608926e+00,3.434953e+01
5.200634e+00,5.843659e+00,8.168320e+01
1.398990e+00,4.833539e+00,3.111981e+01
8.595732e-02,2.003504e+00,1.774560e+01
3.154696e+00,3.153054e+00,-5.553514e+00
4.756043e+00,2.970220e+00,2.265462e+01
2.849987e+00,3.515396e+00,5.656341e+01
4.140266e+00,4.749522e+00,2.745024e+01
3.781172e+00,2.371508e+00,3.215395e+01
5.445966e+00,6.049861e-01,5.405872e+01
3.273574e+00,3.366979e+00,1.251370e+00
1.713953e+00,5.053564e+00,-1.164329e-02
4.545241e+00,3.499186e+00,6.980812e+01
1.038033e-01,5.929926e+00,1.349317e+01
6.891393e-01,2.572764e-01,4.792672e+01
9.873339e-01,4.608620e+00,4.869497e+01
9.075893e-01,1.666157e+00,-1.926838e+01
2.775502e+00,2.094371e+00,-1.200720e+01
1.300535e+00,1.929777e-02,3.126863e+00
4.868057e+00,3.260200e+00,3.661963e+01
1.904472e+00,4.675280e+00,5.903052e+00
1.511873e-02,4.758300e+00,7.932518e+00
1.837802e+00,1.157188e+00,-3.554840e+01
2.386321e+00,7.004214e-02,3.897542e+01
9.054624e-01,2.762620e+00,3.334907e+01
5.429232e-01,2.455086e+00,-4.725917e+00
5.218028e+00,1.844269e+00,1.056765e+01
5.125151e+00,3.949566e+00,-1.521500e+01
5.774265e+00,1.395982e+00,3.623368e+00
5.767026e+00,7.210708e-01,4.433036e+01
5.762033e+00,4.132593e+00,2.667835e+01
6.679723e-01,2.916611e-01,-4.844779e+01
7.777997e-01,4.623346e+00,-9.764445e+00
5.763668e+00,1.822820e+00,3.022006e+01
3.420129e+00,5.878812e+00,7.484452e+01
2.582921e+00,2.321744e-01,-1.346248e+00
1.845967e+00,4.589109e+00,2.666045e+01
2.793241e+00,1.168421e+00,2.929487e+01
5.439631e+00,5.380438e+00,3.183628e+01
2.754283e+00,4.623673e+00,3.047340e+01
3.691662e+00,4.084983e+00,5.042137e+01
1.594557e+00,3.424615e+00,4.371492e+01
3.312070e+00,5.944002e+00,4.919623e+01
5.985943e+00,7.793166e-01,2.591115e+01
3.725024e+00,1.054309e+00,1.591984e+01
5.413975e+00,5.626576e-01,3.703726e+01
4.157407e+00,3.567303e+00,2.574488e+01
5.956926e+00,1.455096e+00,3.236881e+01
4.124946e+00,1.384576e+00,2.068853e+01
4.126926e-01,8.305163e-01,2.501745e+01
4.815780e+00,1.874575e+00,6.508414e+00
3.156822e+00,5.089496e+00,-5.450473e+00
1.221880e+00,3.467061e+00,1.979335e+01
8.287981e-01,1.317810e+00,-1.971732e-01
3.063916e+00,4.840118e+00,8.736896e+00
4.210726e+00,4.121219e+00,1.665738e+01
9.853919e-01,1.475986e+00,-1.962426e+01
8.903922e-01,1.315865e+00,-7.396153e-01
3.668787e+00,3.410076e+00,5.760595e-01
2.067307e+00,3.464204e+00,-5.436315e+00
1.484748e+00,5.611324e+00,4.617906e+01
4.745152e+00,5.573506e+00,3.382605e+01
3.502110e+00,1.465921e+00,3.878933e+01
1.769900e+00,4.846881e+00,3.074491e+01
5.025734e+00,2.442827e+00,3.019799e+01
5.940564e+00,5.449733e+00,1.991626e+01
3.898672e-01,9.466292e-01,1.369872e+01
4.665812e+00,4.113176e+00,1.157227e+01
5.385818e+00,5.115667e+00,3.282148e+01
9.714742e-01,5.451615e-01,2.867400e+01
1.332303e+00,3.193245e+00,1.265572e+00
3.460766e-01,5.865995e+00,2.878424e+01
4.900814e+00,1.882123e+00,3.337645e+00
5.769659e+00,3.932458e+00,5.247666e+01
5.680600e+00,4.549408e-02,7.847723e+01
4.673952e+00,5.768080e+00,4.456847e+01
3.445491e+00,5.345179e+00,6.334652e+00
5.570313e+00,3.443647e+00,2.959543e+01
1.484858e-02,5.182786e+00,3.249810e+01
4.211578e+00,4.496274e+00,2.772581e+01
1.741162e+00,2.744031e+00,5.128942e+01
4.388434e+00,4.164332e+00,7.586166e-01
3.991825e-01,2.786933e-01,-8.797484e+00
3.659522e+00,1.903158e+00,2.984046e+01
4.430336e+00,2.698832e+00,2.395300e+01
2.449171e+00,4.439140e+00,4.424606e+00
1.985957e+00,4.404870e+00,1.831471e+01
5.191289e+00,2.538655e+00,2.677126e+01
1.581895e+00,2.055938e+00,2.687580e+00
2.017798e+00,2.254227e+00,2.110537e+01
4.898617e+00,3.253875e+00,5.573989e+01
2.900633e+00,4.769185e-01,2.410034e+01
3.339663e+00,4.265634e+00,-3.696265e+00
5.223228e+00,2.340369e+00,-4.812771e-01
5.623479e-01,5.429155e+00,2.779790e+01
4.566083e+00,3.218173e+00,6.427860e+01
6.151958e-01,3.771583e+00,-4.970819e+00
4.518730e+00,9.043535e-02,3.476768e+00
5.677491e+00,1.846020e-01,1.903965e+00
5.890689e+00,4.941352e+00,8.194726e+01
1.246954e+00,1.881756e-01,7.742409e+00
3.752009e+00,4.477512e+00,3.473951e+01
3.160049e+00,2.015067e-01,4.517251e+01
4.405730e+00,3.705288e+00,7.193313e+00
2.382379e+00,1.105631e+00,2.908083e+01
2.680833e+00,4.950041e+00,3.607780e+01
8.263303e-01,2.656696e-01,-2.754037e+01
1.959346e-01,2.624444e+00,-1.361082e+01
7.278720e-01,5.503315e+00,1.469948e+01
5.806786e+00,3.612662e+00,2.929240e+01
5.557485e-02,2.586682e+00,9.648023e+00
4.107030e+00,2.245474e+00,3.819459e+01
1.490782e+00,5.426826e+00,5.290339e+01
5.160456e+00,1.995272e-02,2.148121e+01
3.521687e+00,3.956207e-01,7.285469e+01
4.947195e+00,5.118655e+00,1.639668e+01
3.111372e+00,3.948772e+00,3.103396e+01
