4.101327e+00,2.223769e+00,1.077743e+01
2.472794e+00,2.103047e+00,-5.384529e+00
3.043480e+00,2.468160e+00,1.977938e+00
1.185682e+00,3.916883e+00,9.127623e+00
2.305652e+00,2.744062e+00,8.669635e+00
3.266854e+00,3.516463e+00,2.429268e-01
4.795995e+00,4.881611e+00,9.079768e+00
2.290916e+00,4.899132e+00,1.881851e+01
4.177239e+00,3.988514e+00,2.086527e+01
4.279357e+00,3.334672e+00,1.775658e+01
2.558357e+00,1.374825e+00,3.990549e-01
2.215384e+00,3.777866e+00,9.002528e+00
2.857434e+00,4.324528e+00,1.850991e+01
3.338647e+00,4.180162e+00,2.097639e+01
3.353535e+00,4.535598e+00,1.114254e+01
4.178092e+00,3.939194e+00,8.380700e+00
1.504315e+00,2.210238e+00,-2.382303e+00
2.858678e+00,2.634532e+00,2.401019e+01
1.828063e+00,3.392156e+00,8.605589e+00
2.124880e+00,3.435392e+00,-2.264164e+00
2.975304e+00,1.749573e+00,-2.637094e+00
3.102802e+00,4.962743e+00,1.985941e+01
3.451504e+00,4.352131e+00,2.364446e+01
4.328043e+00,2.489418e+00,-1.987637e-02
3.801740e+00,1.787203e+00,-1.409607e+00
1.690430e+00,4.481350e+00,-1.375029e+00
4.516251e+00,1.278039e+00,2.316402e+01
4.913136e+00,3.240611e+00,9.950819e+00
1.674274e+00,2.626820e+00,2.183595e+01
4.482067e+00,4.312040e+00,1.764081e+01
3.697764e+00,1.113733e+00,-6.729396e-01
2.696755e+00,4.149697e+00,3.168086e+00
3.235526e+00,3.832049e+00,-7.421576e-01
1.138488e+00,1.937242e+00,4.413709e+00
3.056938e+00,2.518506e+00,-8.412655e+00
2.009230e+00,4.813666e+00,5.610798e+00
3.782926e+00,4.453836e+00,1.082680e+00
2.905564e+00,1.465379e+00,-5.495340e+00
1.621978e+00,4.454178e+00,9.764708e+00
4.154104e+00,1.280078e+00,-2.362359e+00
4.803164e+00,1.083959e+00,2.065614e+00
4.767771e+00,1.579284e+00,-8.600646e+00
3.668539e+00,4.084610e+00,1.772340e+01
1.329289e+00,1.544667e+00,1.313711e+01
2.189780e+00,1.507339e+00,-9.720730e+00
4.774165e+00,3.416415e+00,1.411843e+01
2.745802e+00,4.400687e+00,2.598878e+01
1.134864e+00,4.904607e+00,1.626039e+01
4.688188e+00,2.386190e+00,2.139396e+01
4.902145e+00,2.182015e+00,-1.083163e+01
2.601085e+00,4.576336e+00,2.649591e+01
1.232174e+00,1.161754e+00,2.169888e+01
1.771344e+00,4.438738e+00,8.387944e+00
2.841093e+00,3.612165e+00,1.037749e+01
3.024861e+00,4.935416e+00,1.840270e+01
3.876482e+00,2.036635e+00,5.957420e+00
1.340652e+00,2.041830e+00,1.912262e+01
4.518052e+00,2.979452e+00,4.822480e-01
2.156919e+00,3.816975e+00,7.740588e+00
1.814149e+00,3.728909e+00,3.123332e+01
2.396160e+00,4.185194e+00,7.849452e+00
1.561366e+00,2.363854e+00,-5.946251e+00
4.412621e+00,4.411651e+00,8.278029e+00
3.623779e+00,2.937035e+00,3.544735e+00
1.002443e+00,1.095871e+00,2.750118e+00
2.214588e+00,2.582205e+00,-1.616032e+00
1.708740e+00,1.428051e+00,-1.122910e+00
1.411345e+00,4.559465e+00,-7.507577e+00
2.659936e+00,2.894794e+00,9.564872e+00
3.887988e+00,1.986359e+00,8.813488e+00
2.130779e+00,4.567430e+00,1.711273e+01
1.848546e+00,1.484899e+00,1.735625e+01
3.209849e+00,2.003870e+00,7.028499e+00
3.207893e+00,4.227311e+00,1.344898e+01
3.240210e+00,3.451600e+00,1.153854e+01
4.056342e+00,4.739025e+00,1.058207e+01
2.076991e+00,3.361658e+00,2.125493e+01
3.214269e+00,4.486628e+00,1.058238e+01
1.791756e+00,3.066692e+00,8.933449e+00
3.727936e+00,2.630672e+00,-3.145603e+00
4.206718e+00,3.758810e+00,1.400317e+01
3.338146e+00,4.938978e+00,1.929675e+01
1.087727e+00,2.449979e+00,-8.045231e+00
1.999037e+00,1.629877e+00,1.985038e+00
2.920686e+00,1.745760e+00,1.577725e+01
1.199209e+00,2.410812e+00,5.471448e+00
2.761432e+00,1.315385e+00,-1.320111e+01
2.192761e+00,2.595847e+00,6.866713e+00
2.420629e+00,1.052344e+00,6.690441e+00
2.034885e+00,2.753426e+00,1.160342e+01
1.263141e+00,4.470083e+00,3.676035e+00
4.671894e+00,3.965696e+00,-5.251410e-01
1.315939e+00,2.496730e+00,9.734001e+00
1.384186e+00,4.016831e+00,4.267225e+00
2.634944e+00,4.737713e+00,1.821685e+01
1.024177e+00,2.656203e+00,-5.408582e+00
1.326348e+00,2.653687e+00,-7.491717e+00
4.098615e+00,3.588145e+00,7.479061e+00
3.466828e+00,3.897855e+00,9.803583e+00
2.838543e+00,1.187460e+00,-2.200427e+00
4.338762e+00,3.537777e+00,1.434214e+01
2.845773e+00,4.376193e+00,1.161130e+01
1.533549e+00,4.098050e+00,1.305077e+01
1.224200e+00,3.673186e+00,2.732713e+00
1.604124e+00,3.137038e+00,5.249225e+00
4.485851e+00,1.948517e+00,-1.789059e+01
2.380694e+00,4.403494e+00,-6.252187e+00
1.163608e+00,3.551942e+00,3.089121e+00
4.967702e+00,4.746971e+00,6.543103e+00
1.969554e+00,4.318746e+00,1.711447e+01
1.077102e+00,4.480584e+00,1.547390e+00
3.145722e+00,1.869764e+00,1.451016e+00
1.034209e+00,3.171572e+00,2.747798e+01
1.348312e+00,2.877092e+00,-2.343524e+00
1.082150e+00,4.168871e+00,2.884744e+01
2.850573e+00,3.169409e+00,1.285596e+01
3.462510e+00,4.706273e+00,-9.026438e-01
2.281331e+00,2.301523e+00,-1.055126e+01
2.479836e+00,2.794825e+00,-2.110658e+00
4.208097e+00,1.142311e+00,-6.987504e+00
4.842230e+00,3.562259e+00,9.240536e+00
1.585130e+00,2.806969e+00,1.984267e+01
2.255219e+00,4.157237e+00,-6.544782e+00
2.587634e+00,3.419992e+00,1.158118e+01
4.836567e+00,3.445465e+00,-8.614628e-01
1.727144e+00,1.415226e+00,1.012784e+01
4.854669e+00,4.516748e+00,6.578526e+00
2.194498e+00,1.224400e+00,1.940949e+01
2.074750e+00,1.440623e+00,-7.127214e+00
3.721431e+00,2.985041e+00,9.205341e+00
4.151100e+00,3.530640e+00,-1.714033e+00
4.670512e+00,2.026999e+00,1.345033e+01
2.393986e+00,4.654798e+00,9.784919e+00
3.207243e+00,4.670280e+00,8.712654e-01
3.565317e+00,1.698707e+00,9.053362e+00
1.724473e+00,3.792615e+00,9.110845e+00
1.385421e+00,2.240631e+00,-4.383913e+00
1.997037e+00,1.802952e+00,-7.641407e+00
2.317649e+00,1.315026e+00,5.992102e+00
3.581274e+00,4.669743e+00,2.698465e+01
4.934020e+00,1.344102e+00,-1.531179e+00
4.215215e+00,3.161841e+00,6.920812e+00
3.137743e+00,1.938012e+00,-5.294607e+00
3.481208e+00,2.675279e+00,-1.651185e+00
3.776854e+00,2.035452e+00,1.279520e+01
3.097807e+00,4.228442e+00,1.251555e+01
1.790555e+00,4.008908e+00,1.547568e+01
2.940151e+00,4.740371e+00,9.516531e+00
3.430932e+00,4.779312e+00,1.112323e+01
3.796718e+00,3.603595e+00,2.061119e+01
4.030648e+00,1.694389e+00,7.880261e+00
1.037108e+00,3.902824e+00,7.214705e+00
1.296970e+00,1.179321e+00,4.564686e+00
3.892885e+00,1.724223e+00,-1.087344e+01
3.164829e+00,2.797735e+00,4.404051e+00
1.769927e+00,3.286715e+00,-1.405269e+00
4.639545e+00,1.695211e+00,1.038033e+01
3.662886e+00,4.810671e+00,1.777795e+01
1.980928e+00,2.911667e+00,1.915984e+01
4.183046e+00,2.802767e+00,-2.212115e+00
2.545695e+00,4.232626e+00,1.991998e+01
2.375952e+00,3.465475e+00,1.810205e+01
2.493589e+00,3.443033e+00,8.253726e+00
2.271467e+00,2.703635e+00,1.160666e+01
4.264700e+00,2.040499e+00,3.576925e+00
4.106880e+00,3.529283e+00,-2.421776e+00
3.348528e+00,1.137481e+00,8.492176e+00
1.753308e+00,3.921484e+00,4.053362e+00
3.732364e+00,2.379381e+00,5.501367e+00
1.399913e+00,1.192875e+00,8.064320e+00
4.445139e+00,1.329208e+00,-2.430883e+00
4.557323e+00,3.438055e+00,1.501592e+01
3.107389e+00,4.901924e+00,7.322150e+00
1.056841e+00,1.749891e+00,2.166886e+00
1.283920e+00,4.576666e+00,1.546924e+01
3.346283e+00,2.265325e+00,1.059385e+00
4.882825e+00,3.264712e+00,8.149186e+00
2.828981e+00,2.442606e+00,1.391946e+00
4.918885e+00,2.985056e+00,8.806048e+00
1.413407e+00,3.979247e+00,1.597555e+01
1.396187e+00,3.896518e+00,9.794118e+00
4.596148e+00,1.707729e+00,3.707881e+00
3.541734e+00,3.484242e+00,1.184211e+01
2.040738e+00,1.377087e+00,1.318913e+01
1.988697e+00,3.391505e+00,1.236418e+01
3.351930e+00,1.111805e+00,4.146852e-01
3.443718e+00,3.015723e+00,1.138001e+01
1.187963e+00,2.678640e+00,6.477491e+00
3.639739e+00,1.689341e+00,2.349481e+00
1.474292e+00,3.062763e+00,-1.112986e+01
4.324673e+00,3.003799e+00,6.177694e+00
3.915612e+00,4.045351e+00,3.027847e+01
1.660193e+00,1.220833e+00,1.560086e+00
1.433598e+00,4.798657e+00,1.593362e+01
3.427821e+00,2.889205e+00,2.444126e+00
4.831535e+00,4.372875e+00,1.559139e+01
4.398431e+00,4.113267e+00,1.031432e+01
3.657514e+00,2.480494e+00,-4.567197e+00
4.483105e+00,1.407057e+00,4.856291e+00
4.731167e+00,2.751049e+00,8.368132e+00
