1.047058e-01,1.053943e+00,2.476490e+01
1.264849e+00,1.876736e+00,1.137572e+01
1.724897e+00,2.171788e+00,1.461854e+01
4.935087e+00,1.781999e+00,-9.505610e+00
4.417527e+00,3.426287e+00,6.013413e+01
1.333903e+00,3.061828e+00,-1.873891e+01
2.065983e+00,1.371217e-01,5.710493e+00
1.205774e+00,4.678312e+00,1.245972e+01
4.533429e+00,3.558411e+00,1.145791e+01
1.158066e-01,7.126852e-01,1.279574e+01
3.533558e+00,2.582303e+00,7.085473e+01
7.517934e-01,2.318560e+00,2.810522e+01
1.731558e+00,2.860626e+00,5.062746e+01
4.666910e+00,1.789681e+00,-3.178543e+00
4.618819e+00,2.781527e+00,3.138559e+01
3.746959e+00,1.803436e+00,-1.905285e+00
1.959039e+00,5.229834e-01,7.999131e+00
1.029156e+00,2.041304e+00,1.328374e+01
3.596684e+00,3.851064e+00,1.861381e+01
3.529893e-01,4.527166e+00,6.631328e+01
9.017661e-01,4.669047e+00,5.559292e+01
4.281186e+00,4.065739e+00,3.918076e+01
4.756337e+00,2.677664e+00,7.372369e-01
2.354194e+00,3.611428e+00,4.925306e+01
2.505214e-03,4.663332e+00,5.348426e+01
9.654994e-01,1.775229e+00,-2.170110e+01
9.929049e-01,2.320162e+00,8.120382e+00
1.654966e+00,9.430754e-01,-1.732953e+01
4.017506e+00,2.370961e+00,1.197961e+01
2.393443e+00,6.854684e-01,1.675352e+01
1.252808e-01,1.356893e+00,-3.647014e+01
7.178467e-01,3.221501e+00,2.447801e+01
2.351125e+00,6.523880e-01,2.786946e+01
1.978672e+00,1.641693e+00,-9.789104e+00
1.328895e-01,4.496384e+00,2.130300e+01
4.682577e+00,1.726647e+00,7.952923e+00
4.462787e+00,1.456447e+00,6.824593e+00
4.465543e+00,1.856517e+00,2.134516e+01
3.935737e+00,4.140844e+00,1.853749e+01
4.370416e-01,3.449621e+00,4.070205e+01
5.526171e-01,3.608883e+00,5.684172e+01
3.490810e+00,4.834757e+00,4.111897e+01
7.064177e-01,8.757693e-01,1.039047e+01
2.296096e+00,4.229772e+00,4.667222e+01
3.678433e+00,2.395460e-01,7.280362e+00
1.278152e+00,7.875075e-01,2.527777e+01
2.689242e+00,3.354019e+00,1.251263e+01
2.102740e+00,4.895332e+00,3.312417e+01
3.052135e+00,4.701352e+00,4.436693e+01
3.774406e+00,1.528602e+00,1.083847e+01
9.449016e-01,4.796668e+00,6.117636e+01
3.927642e+00,4.766091e+00,4.068012e+01
2.878510e+00,2.749164e+00,2.304426e+01
1.715665e+00,3.062122e+00,3.852470e+01
1.544879e-01,1.223528e-01,-2.845559e+01
4.569999e+00,2.751293e+00,9.747928e+00
1.920575e+00,1.877426e+00,2.859834e+01
7.280072e-02,4.663065e+00,4.964400e+01
4.244935e+00,1.420989e+00,8.215493e+00
4.806470e+00,4.197939e+00,5.010308e+01
2.900288e+00,4.059345e+00,5.428616e+01
2.256059e+00,3.920583e+00,1.091721e+01
1.485789e+00,1.846680e+00,4.837184e+01
1.287635e+00,1.883754e+00,-1.226083e+01
4.655480e+00,8.923015e-01,-6.838921e+00
4.645710e+00,4.539020e+00,5.891814e+01
2.842413e+00,2.611658e+00,5.190325e+00
2.683506e+00,3.930345e+00,3.907558e+01
1.725896e+00,2.333297e+00,9.870362e+00
3.686710e+00,1.665344e+00,1.636820e+01
2.223541e+00,2.527680e+00,3.910604e+01
1.137004e+00,2.498089e-01,-9.149714e+00
3.423273e+00,3.840996e-01,-1.735598e+01
4.775011e+00,5.169656e-01,-6.680511e+00
3.072026e+00,1.657228e+00,1.278367e+01
4.912803e+00,4.388311e+00,4.065217e+01
8.140544e-01,3.913902e-01,-1.583446e+01
2.555944e+00,3.492442e+00,5.652016e+00
3.559635e+00,8.090924e-01,4.007605e+00
3.230274e+00,2.331808e+00,4.120546e+01
3.206618e+00,4.719334e+00,1.239362e+01
2.067703e-01,4.953210e+00,2.721496e+01
2.266096e+00,3.973439e+00,2.084970e+01
4.556841e+00,1.470533e+00,1.371603e+01
1.051125e+00,4.171898e+00,1.556757e+01
4.575698e+00,1.723330e+00,2.677774e+01
4.676060e+00,4.444180e+00,4.967924e+01
1.146772e+00,1.878842e+00,2.011677e+01
1.830395e+00,3.496567e+00,1.265145e+01
3.960582e+00,1.709720e+00,1.297945e+01
3.003881e+00,1.924262e-01,-1.519439e+01
1.907215e+00,5.444267e-01,1.636191e+01
3.102283e+00,4.530493e+00,2.472488e+01
9.903331e-01,2.743002e+00,5.015191e+01
5.613749e-01,2.151776e+00,2.855772e+01
3.909780e+00,3.581722e+00,5.769675e+01
1.814591e+00,4.113619e+00,4.280221e+01
4.923324e+00,2.815552e+00,7.798451e+00
4.824495e+00,4.462238e+00,3.719931e+01
2.617407e+00,3.880900e+00,5.909997e+01
1.644807e+00,4.775206e+00,6.430694e+01
6.671229e-01,3.282983e+00,9.653048e+00
3.594366e+00,2.080058e+00,1.499097e+01
2.061676e-01,4.365744e+00,6.521101e+01
4.723687e-01,1.971107e+00,3.035336e+01
1.156322e+00,2.170271e+00,2.233267e+01
3.999841e+00,4.304939e+00,3.949070e+01
2.820437e+00,2.065443e+00,3.772214e+01
2.949367e+00,2.832164e+00,-8.471946e-01
1.334274e+00,4.385543e+00,3.913654e+01
9.389823e-01,7.331270e-01,-1.727321e+01
2.433321e+00,9.727724e-01,2.067713e+01
3.925575e+00,2.740010e+00,1.116293e+01
3.882352e+00,3.730022e+00,1.580920e+01
2.348244e+00,4.546762e+00,5.539147e+01
4.208250e+00,3.441529e+00,3.437668e+01
2.834448e-01,6.037431e-01,-2.366648e+01
1.102490e+00,4.241240e+00,1.879998e+01
3.671332e+00,4.608694e+00,2.663591e+01
4.086668e+00,3.051789e+00,8.208852e+00
3.411235e+00,3.549866e+00,9.787277e+00
7.696354e-01,3.976553e+00,3.087638e+01
1.768015e+00,1.934578e+00,1.603565e+01
3.444308e+00,3.013315e+00,1.330459e+01
4.114852e+00,4.087142e+00,2.889058e+01
3.761941e+00,3.814853e+00,1.116729e+01
2.376585e+00,4.120195e+00,2.020414e+01
7.024267e-01,4.341548e+00,4.995293e+01
4.657019e+00,2.298774e+00,7.275143e+00
4.875726e+00,3.434643e-03,-1.715917e+01
1.927732e+00,9.755926e-01,2.630988e+01
8.165476e-01,2.146882e-01,-5.854932e+00
2.484303e+00,1.989977e+00,6.113651e-01
1.545515e+00,2.039370e+00,1.719496e+01
1.867546e+00,9.985744e-02,4.593612e+00
2.920529e-01,1.369406e+00,3.881977e+01
3.615873e+00,7.765450e-01,-8.993681e+00
4.538153e+00,3.575694e+00,3.916965e+01
4.192203e+00,1.602508e+00,1.617806e+01
4.032203e+00,4.771791e+00,4.210522e+01
1.824234e+00,3.358509e+00,-3.461434e-01
4.674591e+00,3.905633e+00,5.066380e+01
2.447576e+00,2.848268e+00,4.740114e+01
2.881420e+00,4.694428e+00,5.650333e+01
1.779300e+00,2.239614e-01,-1.653563e+01
4.281080e-01,9.561473e-01,-2.633684e+00
3.217514e+00,3.035397e+00,1.629611e+01
3.263731e+00,4.682907e+00,5.311635e+01
3.969654e+00,2.347297e+00,-6.679906e+00
1.010691e+00,7.030303e-01,2.208344e+00
1.297313e+00,3.936215e+00,3.052238e+01
1.594865e+00,5.015182e-01,-1.828796e+01
2.317898e+00,3.341857e-01,2.182504e+01
4.925526e+00,1.214614e+00,3.834027e+01
1.179636e+00,1.474436e+00,1.141797e+00
2.251020e+00,5.431462e-01,1.652244e+01
3.008300e+00,1.325371e+00,4.892843e-01
2.806902e+00,4.316311e+00,5.421555e+00
4.111831e+00,4.458789e+00,5.060196e+01
1.023649e+00,2.324131e+00,-1.438248e+01
4.553652e+00,1.562505e+00,-5.229939e+00
4.954888e+00,3.093334e+00,6.983577e+00
1.095438e+00,4.484937e-01,3.766307e+00
2.171941e+00,4.602652e+00,4.222697e+01
4.643654e+00,4.132889e+00,2.516175e+01
7.715656e-01,1.019228e+00,-2.526368e-01
2.641026e+00,4.546772e+00,6.005694e+01
3.108491e+00,4.292762e+00,2.610613e+01
7.807649e-01,3.131511e-01,4.968372e+00
3.226763e+00,2.020846e+00,4.695367e+01
4.030055e-01,3.699613e+00,9.873973e+00
8.920348e-01,4.091278e+00,3.248827e-01
1.993318e+00,1.065582e-01,-4.201674e+01
9.922797e-01,2.492777e+00,-5.113128e+00
3.648491e+00,1.623835e+00,1.900123e+01
1.029424e+00,2.741052e+00,1.498176e+01
4.043526e+00,1.668221e+00,1.305772e+00
1.487916e+00,2.831089e-01,1.190517e+01
1.509324e-01,3.042451e+00,1.698165e+01
1.381758e+00,2.406406e+00,-2.293842e+01
2.580811e+00,3.997655e-01,4.706320e+01
4.751915e+00,2.127978e+00,-2.554557e+00
2.162160e+00,4.124912e+00,5.412784e+01
3.295018e-01,1.914076e+00,1.702228e+01
4.501806e+00,8.635437e-01,-5.119208e+00
1.840528e+00,3.148997e+00,1.633080e+01
4.627957e+00,2.429317e+00,1.039677e+01
4.288544e+00,2.491031e+00,1.558879e+01
2.631259e+00,1.063668e+00,1.865560e+01
1.608233e+00,1.574982e+00,3.028755e+00
4.807353e+00,5.589299e-01,-1.724359e+01
2.222711e+00,2.220734e+00,2.512555e+01
2.178098e-01,4.203675e+00,2.615540e+01
1.910351e+00,4.366529e+00,2.571802e+01
3.953368e-02,7.084972e-01,3.908093e+00
6.623284e-01,3.316642e+00,2.306048e+01
5.214204e-01,1.809974e+00,-2.822648e+01
4.238479e+00,3.086796e+00,4.275327e+01
4.494871e+00,2.006919e+00,2.782857e+01
3.465632e+00,4.406881e+00,5.884068e+01
