4.440123e+00,2.665682e+00,2.756044e+00,3.027889e+01
3.512688e+00,4.886657e+00,3.198702e+00,2.122619e+01
2.041634e+00,3.663273e+00,3.823365e+00,3.082651e+01
4.664170e+00,3.764990e+00,3.208974e+00,5.942201e+01
2.809105e+00,1.772199e+00,1.347321e+00,-3.225043e+01
3.817191e+00,3.237249e+00,4.019043e+00,2.216166e+01
1.099811e+00,4.524066e+00,1.757764e+00,-8.412830e-01
1.833502e+00,4.912791e+00,2.172935e+00,3.743303e+01
2.469005e+00,3.106734e+00,3.076594e+00,2.897684e+01
3.431760e+00,1.139770e+00,1.708811e+00,1.850998e+01
2.575630e+00,3.226943e+00,3.867180e+00,1.203532e+01
3.370189e+00,4.817522e+00,1.978191e+00,1.752778e+01
3.562857e+00,2.703052e+00,1.061316e+00,1.721303e+01
1.963455e+00,2.555429e+00,1.392939e+00,2.452059e+01
1.787495e+00,4.927784e+00,3.336977e+00,3.112753e+01
1.310776e+00,3.067157e+00,4.883598e+00,3.426160e+01
3.293930e+00,4.885131e+00,3.682484e+00,3.502964e+01
4.452943e+00,3.490003e+00,3.028141e+00,-9.475303e+00
3.235937e+00,1.106143e+00,1.634979e+00,1.239280e+01
3.278974e+00,2.307625e+00,3.371933e+00,5.408211e+01
3.794143e+00,4.156733e+00,4.000494e+00,2.078922e+01
2.965662e+00,2.324981e+00,1.165849e+00,1.853993e+01
1.605729e+00,3.363667e+00,2.415791e+00,3.653037e+01
4.740192e+00,3.704722e+00,3.238213e+00,2.594275e+01
3.265232e+00,4.330345e+00,1.041118e+00,-1.912787e-01
1.154818e+00,4.340809e+00,4.000321e+00,5.220101e+01
3.275367e+00,2.394500e+00,1.713735e+00,2.390462e+01
4.592133e+00,3.177325e+00,3.332713e+00,2.175586e+01
1.793202e+00,1.091983e+00,4.110551e+00,1.448217e+01
3.703487e+00,2.972743e+00,4.589375e+00,4.659786e+01
3.179066e+00,2.745667e+00,4.188429e+00,5.123090e+01
3.254845e+00,4.517458e+00,2.480336e+00,2.302357e+01
3.683379e+00,2.625208e+00,4.028709e+00,4.963780e+00
3.507596e+00,1.379993e+00,1.382846e+00,-3.665637e+00
1.476688e+00,4.581450e+00,4.873349e+00,2.438843e+01
1.519617e+00,2.301524e+00,3.705639e+00,-1.180248e+01
3.565341e+00,2.143505e+00,2.633921e+00,2.275857e+01
3.348316e+00,1.440153e+00,1.465482e+00,4.855412e+00
1.409325e+00,1.448023e+00,3.644268e+00,1.301548e+00
3.350316e+00,4.450703e+00,2.354786e+00,1.882184e+01
3.184155e+00,1.332991e+00,4.638921e+00,2.791950e+01
3.045293e+00,3.965406e+00,3.343707e+00,1.554261e+01
4.726251e+00,1.848227e+00,4.904086e+00,1.103734e+01
4.334208e+00,4.085262e+00,2.158903e+00,6.920817e+00
4.012016e+00,3.005668e+00,1.088689e+00,9.739839e+00
1.811209e+00,4.240702e+00,3.278932e+00,4.640195e+00
4.843930e+00,3.488051e+00,2.021919e+00,-3.634338e+01
2.471796e+00,4.492470e+00,3.041128e+00,1.862290e+01
4.370861e+00,2.204176e+00,2.101548e+00,1.338764e+01
4.481533e+00,2.689561e+00,1.291593e+00,3.105946e+01
4.971161e+00,1.266488e+00,4.355744e+00,2.102043e+01
1.005248e+00,2.536073e+00,3.179259e+00,8.711178e+00
4.697462e+00,2.352837e+00,3.862512e+00,2.594377e+01
1.561572e+00,4.495163e+00,4.055179e+00,-1.413395e+01
2.367747e+00,3.345688e+00,3.579260e+00,2.372993e+00
3.335365e+00,3.931017e+00,3.973069e+00,2.355653e+01
4.310311e+00,3.884778e+00,4.560941e+00,1.912752e+01
2.825256e+00,1.498390e+00,2.374921e+00,4.296740e+00
3.799938e+00,3.675430e+00,3.661811e+00,4.410399e+01
4.710408e+00,2.842474e+00,2.107417e+00,1.411789e+01
2.282712e+00,3.106885e+00,2.018924e+00,2.247674e+01
1.150370e+00,4.898351e+00,1.894431e+00,4.449041e+00
4.768713e+00,3.426322e+00,1.321473e+00,2.913100e+01
3.517022e+00,3.177724e+00,4.372527e+00,-1.357395e+01
4.828576e+00,1.917110e+00,3.112218e+00,4.164524e+00
2.386986e+00,3.020553e+00,2.575745e+00,3.662879e+01
2.461748e+00,3.575900e+00,4.971125e+00,2.008430e+01
1.048912e+00,4.460204e+00,3.746332e+00,-1.415714e+01
4.351218e+00,4.906630e+00,2.215406e+00,5.587667e+01
2.165271e+00,2.879194e+00,4.358771e+00,2.390951e+01
2.317120e+00,4.940673e+00,4.542748e+00,2.340586e+01
2.756221e+00,4.157465e+00,3.625835e+00,2.656354e+01
3.847207e+00,2.624180e+00,1.971028e+00,4.673862e+01
4.903324e+00,1.930262e+00,3.424525e+00,2.995996e+01
4.301086e+00,2.317446e+00,2.806478e+00,2.424132e+01
1.249277e+00,3.428038e+00,4.994944e+00,1.539137e+01
1.051817e+00,4.212118e+00,3.142062e+00,3.735766e+01
3.915401e+00,3.701154e+00,4.051083e+00,3.078650e+01
3.635372e+00,2.616263e+00,1.057210e+00,1.221670e+01
1.966901e+00,2.506242e+00,4.542279e+00,3.769504e+01
1.552459e+00,2.550801e+00,2.446255e+00,-3.122402e+01
4.046538e+00,4.166145e+00,1.650725e+00,-6.837277e+00
1.314165e+00,4.536066e+00,2.036080e+00,6.498179e+00
1.098174e+00,4.642102e+00,2.725227e+00,2.614832e+00
3.162072e+00,3.071418e+00,1.687535e+00,1.553287e+01
1.970622e+00,4.282279e+00,3.540530e+00,2.076682e+01
2.117477e+00,2.758730e+00,1.626161e+00,7.711899e+00
2.488573e+00,2.376531e+00,4.164184e+00,2.114646e+01
2.910359e+00,3.169524e+00,2.643159e+00,-3.154293e-02
3.302302e+00,1.130025e+00,3.118686e+00,4.505308e+01
4.877141e+00,4.448000e+00,4.593769e+00,7.298980e+01
2.777331e+00,2.976752e+00,3.703942e+00,1.153534e+01
1.707331e+00,3.341787e+00,3.429849e+00,2.324476e+01
4.491776e+00,4.655473e+00,3.108134e+00,4.790982e+01
1.527946e+00,4.726067e+00,3.442916e+00,3.578700e+01
1.284285e+00,1.916720e+00,4.687694e+00,5.437914e+01
4.498805e+00,4.522884e+00,4.786318e+00,5.439604e+01
2.696432e+00,2.761278e+00,1.334464e+00,2.170804e+01
1.543116e+00,4.631603e+00,3.511975e+00,3.259587e+01
2.821569e+00,4.646718e+00,4.641046e+00,7.210186e+01
1.883465e+00,3.263066e+00,3.511442e+00,3.719274e+01
4.233744e+00,3.164309e+00,1.083261e+00,1.210833e+00
1.715400e+00,2.297931e+00,1.038572e+00,8.638548e+00
1.796613e+00,4.912300e+00,4.313652e+00,-8.104609e+00
4.840120e+00,1.324687e+00,3.196293e+00,1.911555e+01
3.023598e+00,1.958028e+00,4.612868e+00,5.483868e+01
2.152971e+00,2.700854e+00,1.279180e+00,2.796049e+01
3.734462e+00,3.070786e+00,4.775904e+00,-6.179934e+00
2.119454e+00,2.086597e+00,1.126119e+00,1.983898e+01
4.539983e+00,2.444066e+00,3.731835e+00,4.650396e+01
2.602239e+00,4.979980e+00,1.767054e+00,2.844178e+01
1.047137e+00,3.045035e+00,2.849869e+00,2.262006e+01
1.163930e+00,1.396367e+00,1.539977e+00,1.656577e+01
3.488360e+00,4.068638e+00,4.482465e+00,4.427068e+01
3.163082e+00,3.965689e+00,4.640986e+00,1.611263e+01
1.444260e+00,1.130320e+00,3.811078e+00,7.547203e+01
2.592084e+00,4.639731e+00,3.063741e+00,4.598992e+01
3.935489e+00,3.605740e+00,2.291925e+00,7.833965e+00
2.109746e+00,2.122487e+00,1.838977e+00,-1.073338e+01
4.932448e+00,1.060124e+00,4.037978e+00,3.565235e+01
1.208823e+00,2.905625e+00,1.790995e+00,1.473156e+01
2.379581e+00,2.051801e+00,2.012203e+00,4.457584e+01
1.027273e+00,2.373104e+00,1.171602e+00,-3.009999e+01
3.381604e+00,2.027392e+00,2.697334e+00,1.608355e+01
2.759419e+00,4.603778e+00,4.909106e+00,3.442507e+01
2.407979e+00,3.486856e+00,2.908331e+00,1.898564e+01
3.561353e+00,3.075519e+00,4.013459e+00,3.709955e+00
2.719149e+00,4.276866e+00,2.138774e+00,-1.274873e+01
2.375347e+00,2.956322e+00,1.697757e+00,1.131816e+01
4.695068e+00,1.642560e+00,3.888289e+00,-1.289986e+00
1.842535e+00,4.220036e+00,3.071110e+00,1.023040e+01
3.583236e+00,1.681141e+00,4.850831e+00,3.333248e+01
2.036242e+00,3.609441e+00,2.642782e+00,3.871329e+01
4.753499e+00,3.136444e+00,2.842911e+00,4.610873e+00
1.935989e+00,1.775531e+00,2.404862e+00,1.755890e+01
2.833613e+00,3.160981e+00,2.169562e+00,-1.420357e+01
4.499141e+00,3.635006e+00,3.808317e+00,4.887801e+01
1.005886e+00,2.761167e+00,2.727173e+00,-1.336907e+00
2.002616e+00,2.099231e+00,2.443877e+00,1.477542e+00
4.582968e+00,3.345724e+00,3.945858e+00,3.172532e+01
3.713633e+00,2.031172e+00,2.095975e+00,8.806415e+00
1.903863e+00,3.163462e+00,1.288413e+00,7.319130e+00
4.534133e+00,3.292155e+00,3.257737e+00,1.641005e+01
1.202070e+00,4.032879e+00,1.029069e+00,1.889595e+01
3.679330e+00,4.938021e+00,3.565015e+00,8.932057e+00
1.357635e+00,2.025998e+00,4.667922e+00,1.843263e+01
3.228444e+00,3.278415e+00,2.285066e+00,3.053147e+01
2.579620e+00,1.770274e+00,4.252025e+00,5.187291e+00
2.783884e+00,2.112734e+00,4.531468e+00,6.632133e+00
2.423852e+00,1.265813e+00,1.598497e+00,2.122594e+01
2.752901e+00,1.424842e+00,1.748945e+00,3.621068e+01
3.011329e+00,1.380499e+00,2.124921e+00,1.743585e+00
2.460992e+00,2.873604e+00,1.357894e+00,2.022631e+01
2.738861e+00,4.472900e+00,1.915476e+00,3.130401e+01
4.199126e+00,2.641209e+00,3.865105e+00,4.374638e+01
2.381190e+00,2.030153e+00,1.605003e+00,-1.975663e+01
3.192069e+00,3.785283e+00,1.136004e+00,-6.683773e+00
2.288553e+00,1.019303e+00,3.960128e+00,2.233909e+01
3.234017e+00,3.131365e+00,4.051636e+00,3.458441e+01
2.134324e+00,2.905587e+00,3.338738e+00,1.908504e+01
2.359253e+00,4.998881e+00,4.407600e+00,7.136578e+01
1.664988e+00,1.951237e+00,3.498408e+00,-4.233571e+01
4.565214e+00,1.759023e+00,1.967599e+00,1.095060e+01
3.031349e+00,2.406587e+00,4.031947e+00,-1.131628e+01
2.367996e+00,2.356135e+00,3.703989e+00,2.594629e+01
3.241636e+00,3.503815e+00,2.780757e+00,5.984495e+01
1.675829e+00,4.008625e+00,4.848962e+00,1.771870e+01
2.951385e+00,1.733802e+00,4.329241e+00,6.189129e+01
3.126456e+00,3.892865e+00,3.573965e+00,6.438773e+00
1.309889e+00,2.588982e+00,3.522764e+00,1.787247e+01
1.704725e+00,1.650486e+00,4.625687e+00,-1.217968e+00
1.545904e+00,4.845804e+00,1.055696e+00,5.297001e+01
1.060767e+00,3.834481e+00,2.642936e+00,3.060436e+01
2.402029e+00,1.817919e+00,2.157721e+00,3.327260e+01
2.870264e+00,1.036223e+00,1.193502e+00,-2.530276e+00
3.994624e+00,1.879469e+00,3.088430e+00,1.810375e+00
2.235100e+00,4.669887e+00,2.463327e+00,-1.745091e+01
2.095906e+00,3.766106e+00,3.455005e+00,1.051401e+01
1.220825e+00,1.057896e+00,2.109791e+00,1.277235e+01
4.871952e+00,3.196128e+00,1.622784e+00,4.491207e+01
3.023971e+00,1.808252e+00,1.558271e+00,5.885503e+00
2.636239e+00,2.617442e+00,2.029694e+00,7.436952e+00
3.029049e+00,1.862292e+00,4.846439e+00,4.263370e+01
2.735349e+00,3.184830e+00,1.408558e+00,9.384429e+00
3.854777e+00,2.842465e+00,4.476978e+00,3.429861e+01
3.350734e+00,2.979578e+00,4.783135e+00,2.207723e+01
2.517444e+00,1.512763e+00,1.656326e+00,3.454604e+01
3.200384e+00,4.031597e+00,4.106388e+00,6.884841e+01
4.592995e+00,2.995990e+00,4.735712e+00,1.546613e+01
4.723944e+00,3.097769e+00,4.406942e+00,2.474226e+01
2.563781e+00,2.158500e+00,2.101008e+00,2.446093e+01
2.156820e+00,3.010073e+00,4.082426e+00,3.802245e+01
4.386199e+00,4.981395e+00,3.755529e+00,1.147925e+01
2.961299e+00,1.577029e+00,1.692721e+00,-1.927311e+01
2.340999e+00,1.525078e+00,2.955252e+00,-4.017211e+00
4.178291e+00,4.350045e+00,2.908645e+00,-1.942635e+00
2.719319e+00,4.409278e+00,4.533921e+00,3.023658e+01
3.440028e+00,3.726161e+00,3.717692e+00,3.729674e+01
3.297090e+00,2.153493e+00,3.389544e+00,1.035523e+01
3.862764e+00,3.229447e+00,2.023870e+00,1.441569e+00
