2.414682e+00,2.252396e+00,5.173261e+00,-1.799417e+00
5.169571e+00,5.926742e+00,5.688117e+00,-1.981018e+00
5.885523e+00,3.576999e+00,5.162139e+00,-1.175990e+00
4.820641e+00,1.494253e+00,4.215577e+00,1.809757e+00
1.562283e+00,1.865531e+00,5.451488e+00,-8.000405e-01
4.078507e+00,5.168124e+00,3.523483e+00,3.242591e+00
5.674844e+00,5.037045e+00,5.117950e+00,-1.898802e+00
3.360775e+00,4.980117e+00,4.455034e+00,1.794960e+00
4.308021e+00,5.338875e+00,4.739660e+00,9.590493e-01
3.400858e+00,2.132363e+00,4.450091e+00,2.070144e+00
1.262258e+00,5.112822e+00,4.033766e+00,2.717333e+00
3.564164e+00,3.114759e+00,2.099455e+00,3.324709e-02
4.965260e+00,2.497949e+00,1.697002e+00,-1.973826e-01
1.568936e+00,1.039245e+00,1.589281e+00,7.395691e-01
5.168783e+00,5.479778e+00,3.201725e+00,-4.989629e-01
2.437268e+00,3.043218e+00,5.686834e+00,-1.944398e+00
4.069234e+00,3.961094e+00,5.116320e+00,4.041626e-01
2.368379e+00,4.868623e+00,3.925484e+00,1.556292e+00
1.426248e+00,5.814161e+00,2.104205e+00,-1.396894e-01
2.910842e+00,3.001737e+00,2.607260e+00,-1.721337e+00
4.427040e+00,2.513531e+00,2.894496e+00,2.782551e-01
4.978408e+00,1.551986e+00,1.117493e+00,2.062350e+00
1.389890e+00,1.521704e+00,2.253856e+00,-5.068462e-01
4.597109e+00,4.586923e+00,3.524700e+00,2.007020e+00
4.629142e+00,4.149112e+00,5.987466e+00,-5.825230e-01
2.242844e+00,3.890283e+00,2.537218e+00,-1.387601e+00
2.200011e+00,2.720542e+00,4.736204e+00,-2.506391e-01
1.663647e+00,4.147931e+00,3.984459e+00,2.658758e+00
3.145150e+00,4.702109e+00,1.868720e+00,-7.432950e-01
2.739083e+00,4.912410e+00,3.744813e+00,1.429735e+00
5.272720e+00,2.467777e+00,1.302853e+00,1.074631e+00
2.120011e+00,2.943880e+00,2.506307e+00,-2.814282e+00
1.948603e+00,3.844873e+00,1.264230e+00,1.170313e+00
5.137551e+00,2.588736e+00,4.163853e+00,1.190361e+00
2.357298e+00,5.075070e+00,4.336223e+00,4.026328e-01
4.499398e+00,1.960800e+00,2.947376e+00,2.687459e-01
2.170079e+00,2.400191e+00,2.080373e+00,-1.977523e+00
3.248217e+00,1.106830e+00,5.968772e+00,-3.011539e-01
5.065713e+00,5.325066e+00,1.060134e+00,1.372277e+00
2.539820e+00,1.324880e+00,1.648299e+00,-9.129217e-01
1.222016e+00,5.574546e+00,2.634165e+00,-4.895325e-01
1.102266e+00,3.316309e+00,2.775042e+00,-4.135296e-02
3.612107e+00,3.334032e+00,3.714424e+00,2.888210e+00
1.672185e+00,2.120144e+00,1.098976e+00,1.745430e+00
3.836148e+00,2.237129e+00,1.783517e+00,6.298571e-01
3.051115e+00,4.069957e+00,4.590720e+00,8.527225e-01
1.021498e+00,5.219519e+00,5.927717e+00,4.768937e-01
2.449393e+00,2.318993e+00,3.444378e+00,9.752383e-01
1.567525e+00,4.295268e+00,1.008590e+00,2.454118e+00
3.977482e+00,4.837404e+00,4.598560e+00,1.804669e+00
4.891822e+00,5.394758e+00,1.915383e+00,-7.820520e-01
5.316653e+00,3.310341e+00,5.039086e+00,-1.674273e+00
3.511094e+00,3.816065e+00,3.256629e+00,1.462288e+00
3.765622e+00,1.685406e+00,1.484210e+00,2.523932e+00
4.621994e+00,2.501887e+00,3.386905e+00,1.698732e+00
2.339037e+00,2.242508e+00,1.932162e+00,-1.910797e+00
3.117547e+00,4.056372e+00,3.885638e+00,2.411938e+00
2.275261e+00,1.906553e+00,1.557353e+00,2.088009e-01
1.122545e+00,3.197978e+00,5.938778e+00,1.867676e-01
3.878780e+00,1.472284e+00,1.901397e+00,1.607446e-01
5.682633e+00,3.855199e+00,4.772857e+00,-1.589141e-01
3.029855e+00,4.726980e+00,2.130518e+00,-9.143349e-01
4.355676e+00,3.552988e+00,1.285709e+00,2.172216e+00
1.187204e+00,3.300762e+00,2.678286e+00,5.266955e-02
4.034029e+00,5.010403e+00,4.446119e+00,2.176363e+00
5.018405e+00,2.419720e+00,5.084797e+00,-1.589115e+00
3.179425e+00,5.642183e+00,2.407803e+00,-1.348070e+00
4.768018e+00,1.167387e+00,1.001906e+00,1.757461e+00
2.416629e+00,2.259818e+00,1.819440e+00,-9.764002e-01
2.203265e+00,4.935821e+00,1.275172e+00,5.677184e-01
4.162100e+00,2.925505e+00,1.985871e+00,-1.261592e-02
2.967756e+00,5.125460e+00,5.607395e+00,-1.184581e+00
3.389494e+00,3.651009e+00,1.225239e+00,2.656938e+00
2.030547e+00,4.140235e+00,1.389936e+00,7.253860e-01
5.970068e+00,5.955334e+00,4.611350e+00,-2.230803e-01
4.761199e+00,5.566785e+00,4.240144e+00,1.969411e+00
5.368559e+00,5.372167e+00,4.454402e+00,1.037131e-01
5.645743e+00,4.618082e+00,4.184406e+00,1.849050e+00
5.731354e+00,5.585300e+00,4.111435e+00,1.253982e+00
4.761814e+00,2.679845e+00,1.254174e+00,1.385516e+00
2.912734e+00,2.095765e+00,5.023371e+00,-9.088943e-01
2.400721e+00,5.973034e+00,3.703756e+00,1.408244e+00
4.976564e+00,4.147572e+00,1.980998e+00,-1.157621e+00
5.687687e+00,1.873922e+00,3.245303e+00,3.264533e-01
5.311819e+00,4.341875e+00,3.887158e+00,2.161395e+00
1.963970e+00,5.854654e+00,1.450134e+00,8.118442e-02
3.637120e+00,2.761243e+00,3.119048e+00,1.311040e+00
5.289439e+00,3.805153e+00,1.340324e+00,1.025074e+00
2.745046e+00,1.750754e+00,2.875504e+00,-1.274890e+00
1.241555e+00,4.338414e+00,2.478524e+00,-4.228328e-01
1.293146e+00,1.772430e+00,1.350639e+00,1.515970e+00
4.868438e+00,5.148679e+00,2.611679e+00,-1.079483e+00
4.431656e+00,3.834112e+00,2.460738e+00,-8.317134e-01
4.380445e+00,5.211458e+00,5.459650e+00,-9.530020e-01
3.309544e+00,3.363149e+00,4.816674e+00,-7.914709e-02
1.356131e+00,5.412621e+00,5.927249e+00,-1.447845e-01
1.209586e+00,5.850597e+00,5.056528e+00,-1.555721e-01
4.692045e+00,4.054795e+00,4.208557e+00,2.008192e+00
5.028362e+00,1.139364e+00,3.908346e+00,2.005871e+00
2.420826e+00,4.738886e+00,3.137908e+00,-9.448184e-01
2.476664e+00,4.213663e+00,1.533179e+00,-2.763904e-02
4.553805e+00,1.327759e+00,4.620572e+00,1.640893e+00
2.766418e+00,4.390802e+00,4.703839e+00,1.506785e-02
4.819716e+00,3.263747e+00,4.049712e+00,1.950270e+00
4.685402e+00,4.570657e+00,4.953399e+00,-5.682377e-02
2.264930e+00,1.697229e+00,2.176809e+00,-2.058342e+00
2.451626e+00,5.508711e+00,1.829307e+00,-1.066520e+00
5.529317e+00,2.971360e+00,4.626262e+00,-3.459469e-01
1.744980e+00,1.182980e+00,4.986174e+00,-9.747721e-01
4.181138e+00,5.610614e+00,3.664873e+00,2.884224e+00
1.874434e+00,1.352185e+00,3.940296e+00,1.685499e+00
5.478543e+00,1.607140e+00,2.061329e+00,-1.191399e+00
4.374818e+00,2.196082e+00,4.080542e+00,3.673672e+00
2.633339e+00,2.598334e+00,2.350405e+00,-2.532447e+00
4.341567e+00,3.902130e+00,4.576368e+00,1.917119e+00
2.548269e+00,4.496419e+00,3.588064e+00,1.038754e+00
4.355012e+00,2.530485e+00,2.340419e+00,-8.328835e-01
4.672933e+00,2.640763e+00,2.326997e+00,-1.202754e+00
3.047135e+00,4.544608e+00,2.883361e+00,-7.603705e-01
5.283008e+00,2.000701e+00,1.774393e+00,-1.088147e+00
5.868723e+00,1.597890e+00,5.805335e+00,-2.090992e+00
4.747669e+00,4.903005e+00,1.362865e+00,1.318198e+00
3.850999e+00,5.954723e+00,4.345286e+00,2.593581e+00
3.901269e+00,2.101106e+00,1.311469e+00,2.249247e+00
5.323881e+00,1.610119e+00,5.961513e+00,-1.619860e+00
5.166005e+00,2.781281e+00,1.231426e+00,8.329951e-01
2.965661e+00,5.758954e+00,4.754340e+00,7.989754e-03
3.030705e+00,1.102287e+00,4.680460e+00,1.022609e-01
5.840813e+00,5.693932e+00,3.628429e+00,1.289588e+00
5.720836e+00,4.661815e+00,4.792009e+00,-5.170446e-02
2.188572e+00,2.518904e+00,1.455263e+00,1.515538e-01
4.466026e+00,5.377372e+00,1.913254e+00,-4.994477e-01
5.807005e+00,5.785554e+00,5.643290e+00,-2.687998e+00
4.586268e+00,3.165790e+00,5.698877e+00,-9.747340e-01
2.155778e+00,5.044520e+00,5.746303e+00,-1.871368e+00
2.049353e+00,4.850839e+00,1.704118e+00,-4.821892e-01
4.806271e+00,5.998723e+00,2.542136e+00,-1.475392e+00
4.310691e+00,5.701162e+00,1.932706e+00,-1.170599e-01
3.029541e+00,4.996501e+00,3.119473e+00,1.931226e-02
5.396506e+00,3.376446e+00,1.732517e+00,-1.054267e+00
2.984368e+00,3.706423e+00,5.402453e+00,-1.393641e+00
3.666926e+00,4.758652e+00,3.871575e+00,3.741190e+00
5.067682e+00,3.153790e+00,4.392793e+00,1.523805e+00
1.195384e+00,5.243994e+00,5.046848e+00,3.204914e-01
3.821281e+00,3.207960e+00,5.931921e+00,2.966301e-01
5.252051e+00,2.175482e+00,1.368426e+00,4.099433e-01
2.619660e+00,2.775770e+00,2.311821e+00,-2.514174e+00
4.893866e+00,5.521523e+00,3.471100e+00,1.077270e+00
5.972550e+00,5.596579e+00,1.122765e+00,1.513926e+00
4.550182e+00,3.876436e+00,5.227287e+00,-8.727211e-01
1.555606e+00,2.288984e+00,4.929994e+00,-5.183627e-01
4.696840e+00,4.881249e+00,4.741980e+00,4.354947e-01
2.278048e+00,4.538387e+00,3.935912e+00,1.619443e+00
1.148332e+00,4.189252e+00,3.950351e+00,2.455480e+00
1.759315e+00,4.980909e+00,1.553128e+00,6.437564e-01
3.594196e+00,4.604285e+00,1.388730e+00,1.827643e+00
2.677357e+00,5.944955e+00,1.732145e+00,-7.994521e-01
1.385872e+00,2.297024e+00,2.928129e+00,5.291721e-01
1.053978e+00,2.275695e+00,4.161247e+00,2.408726e+00
5.556993e+00,1.279926e+00,2.890991e+00,-1.013306e+00
3.285693e+00,4.479722e+00,4.176106e+00,2.235856e+00
1.037670e+00,1.547828e+00,1.283754e+00,2.066143e+00
2.125793e+00,4.439256e+00,2.692143e+00,-1.676231e+00
3.383342e+00,3.471303e+00,4.143015e+00,2.864937e+00
2.354523e+00,3.233002e+00,1.518147e+00,3.299594e-02
3.743823e+00,5.700260e+00,5.581800e+00,-3.638424e-01
1.746781e+00,5.427179e+00,1.252350e+00,1.680288e+00
2.550187e+00,3.952259e+00,2.011548e+00,-1.430256e+00
2.696111e+00,4.368869e+00,3.979564e+00,1.529480e+00
3.384097e+00,4.647734e+00,5.978090e+00,-6.161787e-01
5.833453e+00,5.972944e+00,1.893790e+00,-1.240168e+00
3.606449e+00,5.215848e+00,2.441787e+00,-1.609698e-01
2.858817e+00,1.153543e+00,2.240716e+00,-1.439867e+00
1.546335e+00,3.057983e+00,4.687159e+00,9.385484e-01
4.358202e+00,3.333646e+00,1.673226e+00,1.039470e+00
4.097585e+00,2.712504e+00,2.658485e+00,-1.223856e-01
1.229482e+00,3.570683e+00,3.237430e+00,1.746122e+00
5.992914e+00,4.925218e+00,2.185409e+00,-1.465930e+00
2.028758e+00,2.227116e+00,3.356064e+00,6.905889e-01
3.014611e+00,2.222674e+00,3.830689e+00,2.438280e+00
1.824478e+00,1.180015e+00,1.397461e+00,8.314606e-01
4.429594e+00,2.234724e+00,5.856912e+00,-9.047517e-01
4.030562e+00,1.264454e+00,3.649176e+00,3.014084e+00
1.151668e+00,2.969663e+00,2.722079e+00,-3.469175e-01
1.657936e+00,4.813241e+00,2.719645e+00,-7.825491e-01
4.636154e+00,4.413733e+00,3.263046e+00,1.075209e+00
1.720355e+00,4.952262e+00,2.930130e+00,-7.109161e-01
4.227322e+00,1.982902e+00,2.738249e+00,3.482447e-01
3.857703e+00,2.950955e+00,5.389978e+00,-3.161160e-01
5.102019e+00,5.660240e+00,3.293150e+00,1.422809e-01
1.303996e+00,3.799983e+00,2.397971e+00,-5.565613e-01
5.723174e+00,1.551821e+00,3.368969e+00,-3.637597e-02
5.312440e+00,3.960185e+00,1.180734e+00,6.984336e-01
2.466480e+00,3.990998e+00,5.045899e+00,-1.152483e+00
2.287961e+00,4.595595e+00,5.561060e+00,-1.721688e+00
1.237548e+00,1.681403e+00,5.556590e+00,-5.753212e-01
1.658528e+00,2.758303e+00,3.303275e+00,1.147377e+00
5.264728e+00,3.080071e+00,3.914871e+00,2.148875e+00
1.909782e+00,3.221221e+00,4.913278e+00,-5.057937e-01
3.184410e+00,5.328382e+00,4.144857e+00,2.249543e+00
