4.142164e+00,5.453795e+00,3.149795e+00,8.928010e-01
2.090541e+00,5.251174e+00,5.591063e+00,3.224623e+00
3.963791e+00,4.274762e+00,5.652967e+00,1.498792e+00
5.499916e+00,5.898727e+00,3.359985e+00,9.956575e-01
2.476651e+00,1.371292e+00,5.077953e+00,5.398752e-01
5.958032e+00,4.315710e+00,2.407353e+00,-7.159716e-01
2.896732e+00,1.034692e+00,1.091692e+00,4.508299e-01
3.393318e+00,1.862187e+00,3.582860e+00,-2.065206e+00
1.458274e+00,3.056208e+00,2.910239e+00,-3.145528e+00
2.698929e+00,5.711117e+00,3.876898e+00,1.515551e+00
5.459190e+00,4.227481e+00,4.567393e+00,7.940962e-01
1.514314e+00,4.430481e+00,1.411767e+00,3.380822e-02
1.995763e+00,4.990801e+00,5.701897e+00,2.672776e+00
2.334158e+00,3.728266e+00,1.948277e+00,-1.796133e+00
3.794382e+00,4.419316e+00,1.075851e+00,6.905597e-01
3.819881e+00,5.140006e+00,2.526483e+00,1.395797e-01
2.926927e+00,1.404742e+00,4.164602e+00,-8.184656e-01
2.188256e+00,3.817231e+00,4.860048e+00,-1.006924e-01
5.001695e+00,2.210635e+00,5.136083e+00,-2.032684e-01
2.071529e+00,1.193332e+00,3.489963e+00,-1.158850e+00
3.602072e+00,2.239187e+00,4.108518e+00,-1.870664e+00
1.576284e+00,3.324111e+00,2.408534e+00,-2.639781e+00
2.008463e+00,3.260513e+00,5.299089e+00,-1.835213e-01
4.720739e+00,1.711667e+00,1.764472e+00,-1.552081e+00
4.380285e+00,3.730495e+00,4.810832e+00,1.630183e-01
4.625802e+00,2.763428e+00,5.362157e+00,6.001007e-02
5.484643e+00,1.755609e+00,1.197938e+00,-6.966468e-01
3.161276e+00,1.141648e+00,4.477408e+00,3.334979e-01
4.935067e+00,2.874181e+00,3.024791e+00,-2.834380e+00
3.225235e+00,3.077854e+00,2.282419e+00,-3.227624e+00
1.156576e+00,2.766887e+00,1.895337e+00,-2.866736e+00
5.368410e+00,3.829182e+00,3.406714e+00,-1.582182e+00
4.398093e+00,2.994477e+00,5.299235e+00,-1.024877e-01
3.142656e+00,3.962654e+00,3.956207e+00,-8.591946e-01
4.782228e+00,4.451340e+00,2.618779e+00,-6.945817e-01
5.773572e+00,5.559913e+00,3.599261e+00,1.878241e+00
4.858154e+00,2.401637e+00,2.404580e+00,-2.526920e+00
1.167119e+00,3.720795e+00,5.458061e+00,8.979448e-01
5.630728e+00,1.242787e+00,4.087008e+00,-9.342953e-02
1.147738e+00,5.700722e+00,1.464780e+00,1.619120e+00
3.561416e+00,4.965560e+00,5.149393e+00,2.496173e+00
3.240805e+00,1.014710e+00,5.954023e+00,1.894050e+00
4.900294e+00,2.906535e+00,4.161314e+00,-1.541410e+00
4.499898e+00,1.769653e+00,1.529643e+00,-1.075667e+00
1.250167e+00,2.998925e+00,2.584530e+00,-2.917078e+00
5.076100e+00,1.334317e+00,4.622943e+00,5.629219e-01
5.548644e+00,2.246866e+00,3.163546e+00,-2.399967e+00
4.279213e+00,4.638121e+00,1.880434e+00,1.342188e-01
5.670771e+00,4.170708e+00,1.203532e+00,6.754027e-01
3.180656e+00,4.303171e+00,3.268748e+00,-5.175821e-01
1.862307e+00,2.083060e+00,1.561986e+00,-1.766865e+00
4.769670e+00,4.785688e+00,2.748024e+00,-1.842423e-01
2.360110e+00,3.458493e+00,1.056610e+00,-1.085068e+00
3.067339e+00,4.732441e+00,5.976107e+00,2.445128e+00
2.297574e+00,3.563773e+00,3.642872e+00,-1.515025e+00
5.537946e+00,4.454565e+00,2.828895e+00,-6.763818e-01
4.646150e+00,1.298910e+00,3.014594e+00,-1.356485e+00
5.799961e+00,2.913990e+00,2.024421e+00,-2.479762e+00
1.255979e+00,3.686380e+00,5.354828e+00,8.065158e-01
3.527231e+00,3.800312e+00,1.854600e+00,-1.864315e+00
5.218058e+00,5.196965e+00,1.301150e+00,1.345513e+00
3.381930e+00,4.859965e+00,3.986782e+00,7.359946e-01
1.592533e+00,4.076713e+00,5.137918e+00,8.262882e-01
3.558078e+00,4.825360e+00,4.038712e+00,6.135099e-01
5.905920e+00,3.864005e+00,3.644674e+00,-1.088200e+00
1.778859e+00,1.817523e+00,4.982040e+00,-3.710872e-02
3.663766e+00,5.740619e+00,2.167818e+00,6.821559e-01
2.542083e+00,4.851685e+00,1.917129e+00,-4.654095e-02
3.195610e+00,4.723908e+00,5.081816e+00,1.871826e+00
4.877904e+00,4.373913e+00,4.441812e+00,7.807946e-01
3.995502e+00,2.829681e+00,3.408547e+00,-2.512309e+00
4.279181e+00,5.129588e+00,5.094367e+00,2.492094e+00
4.417669e+00,3.667310e+00,3.160246e+00,-2.031906e+00
1.570094e+00,2.133470e+00,5.856251e+00,9.687932e-04
5.614840e+00,5.767163e+00,2.510195e+00,1.197708e+00
4.997872e+00,1.963417e+00,3.862275e+00,-1.484033e+00
1.678483e+00,4.279343e+00,3.452214e+00,-6.593336e-01
2.929508e+00,5.056655e+00,5.765923e+00,2.605080e+00
1.665207e+00,5.884677e+00,3.146336e+00,5.627201e-01
2.472284e+00,3.008449e+00,4.812836e+00,-6.741244e-01
1.462521e+00,4.352008e+00,1.695614e+00,-1.983663e-01
1.272235e+00,1.483375e+00,1.239647e+00,-8.434855e-01
1.557480e+00,4.503384e+00,1.387968e+00,5.753751e-01
5.311301e+00,4.147349e+00,2.450684e+00,-1.159816e+00
1.910815e+00,4.801231e+00,3.018866e+00,-9.957331e-02
3.488571e+00,5.491550e+00,2.560677e+00,7.146631e-01
3.708745e+00,2.679539e+00,4.429603e+00,-1.190360e+00
2.488587e+00,4.215621e+00,2.618749e+00,-1.114853e+00
1.544516e+00,2.844650e+00,3.990067e+00,-2.136153e+00
3.571106e+00,2.393758e+00,2.988646e+00,-3.141666e+00
5.818093e+00,2.464198e+00,2.660923e+00,-2.868538e+00
3.244930e+00,4.382140e+00,3.219755e+00,-6.808925e-01
3.356466e+00,3.676142e+00,3.057454e+00,-1.907905e+00
2.757563e+00,3.410126e+00,2.130738e+00,-2.675919e+00
3.800070e+00,2.925494e+00,4.568746e+00,-1.242566e+00
1.257491e+00,3.916300e+00,2.794357e+00,-1.599548e+00
5.347798e+00,5.604191e+00,5.657510e+00,3.412746e+00
5.718709e+00,2.394431e+00,4.933145e+00,-5.212393e-01
3.880151e+00,4.092122e+00,1.832297e+00,-7.904640e-01
1.251058e+00,5.647734e+00,1.329851e+00,1.597859e+00
4.005358e+00,4.429813e+00,4.889670e+00,1.335202e+00
4.285668e+00,1.036651e+00,4.652280e+00,1.340582e+00
3.934328e+00,3.630731e+00,5.729727e+00,6.916222e-01
3.733236e+00,5.335441e+00,1.929199e+00,1.104772e+00
1.896859e+00,3.469954e+00,1.719003e+00,-2.278629e+00
4.828759e+00,5.575060e+00,1.922252e+00,1.064792e+00
3.485865e+00,1.281600e+00,2.957211e+00,-1.174902e+00
5.752112e+00,3.410130e+00,5.195098e+00,4.586017e-01
1.582802e+00,3.887204e+00,5.779932e+00,8.984216e-01
3.872465e+00,2.790356e+00,4.012846e+00,-2.055836e+00
1.761316e+00,2.808615e+00,4.997414e+00,-1.069714e+00
3.025915e+00,3.818956e+00,3.703803e+00,-1.363203e+00
3.068958e+00,1.616057e+00,4.730259e+00,-1.408190e-01
5.249485e+00,5.288391e+00,5.027551e+00,3.330633e+00
2.131476e+00,3.832071e+00,1.966698e+00,-1.443760e+00
1.382340e+00,4.490991e+00,4.055985e+00,6.675036e-01
5.202895e+00,2.881885e+00,5.836402e+00,-1.500383e-01
2.404100e+00,4.015151e+00,4.323758e+00,-5.300039e-01
2.084165e+00,2.059406e+00,4.449985e+00,-8.890238e-01
4.643511e+00,5.043441e+00,3.357624e+00,5.158615e-01
4.023689e+00,3.324330e+00,2.091964e+00,-2.343292e+00
4.904836e+00,3.071477e+00,2.131070e+00,-2.582112e+00
2.111655e+00,3.358802e+00,5.840756e+00,-1.731124e-01
5.378919e+00,3.489991e+00,4.386082e+00,-7.700225e-01
5.361896e+00,5.280244e+00,5.035852e+00,2.885506e+00
1.425286e+00,3.704680e+00,2.579395e+00,-2.280882e+00
2.590731e+00,3.838579e+00,5.659680e+00,6.614061e-01
1.457932e+00,5.266316e+00,1.160027e+00,1.373252e+00
5.064040e+00,3.387148e+00,2.315449e+00,-2.230612e+00
3.097132e+00,3.717122e+00,5.352006e+00,1.565665e-01
3.074284e+00,2.061159e+00,2.239037e+00,-2.672415e+00
3.268662e+00,5.931253e+00,2.593654e+00,5.505627e-01
1.738238e+00,2.815959e+00,3.983900e+00,-1.929668e+00
4.777914e+00,4.326551e+00,4.374685e+00,6.287960e-01
4.325107e+00,4.475041e+00,3.657540e+00,-4.762984e-01
3.633296e+00,4.833022e+00,3.116857e+00,-2.499817e-01
5.852347e+00,2.128900e+00,4.166436e+00,-1.289965e+00
2.866804e+00,3.558488e+00,4.666522e+00,-9.404224e-01
2.246266e+00,5.446641e+00,3.979213e+00,1.103234e+00
3.855384e+00,3.378621e+00,3.085318e+00,-2.595191e+00
1.077677e+00,5.574109e+00,1.944026e+00,1.363308e+00
4.792057e+00,1.628940e+00,1.401682e+00,-7.546746e-01
5.810098e+00,3.659115e+00,3.801533e+00,-6.781231e-01
2.050526e+00,2.111994e+00,2.367520e+00,-2.578034e+00
5.332041e+00,3.998465e+00,3.935439e+00,-9.418690e-01
4.273726e+00,2.725078e+00,5.802874e+00,-9.012945e-02
4.493235e+00,5.792641e+00,4.046951e+00,2.140406e+00
1.771748e+00,1.982868e+00,2.118240e+00,-2.294550e+00
1.855937e+00,1.855227e+00,5.834084e+00,4.877484e-01
1.487402e+00,3.639555e+00,2.360718e+00,-2.106968e+00
2.061218e+00,5.075473e+00,5.318505e+00,2.592332e+00
3.004234e+00,4.681489e+00,5.484140e+00,2.280753e+00
4.130055e+00,2.458960e+00,5.291944e+00,-3.862495e-01
3.138613e+00,5.748908e+00,5.520210e+00,3.308157e+00
3.700519e+00,1.834770e+00,5.160263e+00,6.180688e-02
5.631588e+00,3.777916e+00,5.835932e+00,9.074809e-01
2.994373e+00,1.317935e+00,3.709347e+00,-7.648150e-01
3.315046e+00,3.329473e+00,3.742843e+00,-1.892163e+00
5.269435e+00,2.024118e+00,2.533564e+00,-2.659491e+00
2.663386e+00,5.078697e+00,5.995551e+00,2.805878e+00
4.868313e+00,2.379475e+00,2.391883e+00,-3.049630e+00
1.684461e+00,2.603775e+00,3.172584e+00,-2.666867e+00
3.622546e+00,1.669224e+00,3.936870e+00,-1.320759e+00
1.512338e+00,4.199605e+00,1.611087e+00,-4.224400e-01
4.451848e+00,2.360512e+00,4.359878e+00,-7.897209e-01
4.527735e+00,2.324175e+00,5.579251e+00,2.395737e-01
4.889871e+00,4.635128e+00,5.685852e+00,2.298585e+00
4.818765e+00,3.607738e+00,4.843630e+00,4.704910e-01
1.204006e+00,4.105434e+00,1.737274e+00,-6.958158e-01
1.360375e+00,5.723543e+00,2.587862e+00,8.903751e-01
4.219808e+00,3.592618e+00,5.026207e+00,-2.716830e-01
1.480254e+00,5.433266e+00,5.911631e+00,3.382129e+00
5.337093e+00,1.259496e+00,2.659589e+00,-9.859070e-01
1.044549e+00,5.305459e+00,2.319867e+00,6.509652e-01
4.277796e+00,3.185958e+00,2.063825e+00,-2.364267e+00
2.794043e+00,2.833104e+00,2.697902e+00,-3.255186e+00
5.337475e+00,5.659236e+00,5.889894e+00,3.437177e+00
1.463930e+00,2.456535e+00,5.008767e+00,-4.693850e-01
2.447539e+00,5.998490e+00,4.282946e+00,2.110904e+00
2.064807e+00,5.566646e+00,5.514372e+00,3.141383e+00
2.821796e+00,2.724177e+00,3.909649e+00,-2.334175e+00
4.438254e+00,5.085432e+00,2.911919e+00,6.563989e-02
3.339092e+00,2.441159e+00,5.614742e+00,-2.667952e-01
4.253199e+00,3.853819e+00,4.518664e+00,-4.079297e-01
1.841264e+00,1.584161e+00,1.971173e+00,-1.583681e+00
3.562950e+00,1.437114e+00,2.230606e+00,-1.724262e+00
3.789440e+00,4.630910e+00,4.509072e+00,1.137393e+00
1.905237e+00,5.180849e+00,5.743966e+00,2.898628e+00
4.867703e+00,3.005670e+00,5.207310e+00,-7.274956e-02
3.118933e+00,2.056790e+00,5.426808e+00,-2.932514e-01
1.748757e+00,4.392908e+00,3.795656e+00,6.646110e-02
3.153552e+00,4.592976e+00,4.099511e+00,2.494108e-01
2.633329e+00,5.134487e+00,1.378774e+00,6.839439e-01
4.903320e+00,3.696270e+00,5.385372e+00,5.127791e-01
4.235262e+00,1.067936e+00,5.551035e+00,1.879371e+00
2.344014e+00,5.542329e+00,2.603079e+00,3.540387e-01
5.056419e+00,4.919111e+00,5.484685e+00,2.459863e+00
2.941161e+00,2.394636e+00,3.554509e+00,-2.376219e+00
1.056412e+00,5.501505e+00,4.903787e+00,2.809486e+00
1.742343e+00,3.042317e+00,5.381751e+00,-4.182990e-01
