2.058171e+00,5.503313e+00,9.261141e-01,4.083864e+00
3.315979e+00,4.516459e+00,2.483026e+00,7.496987e+00
5.056863e+00,4.897705e+00,4.148770e+00,2.334311e+00
3.776898e+00,3.304654e+00,7.322929e-01,-2.588504e+00
2.781200e+00,9.422697e-01,5.787694e+00,-2.008715e+00
6.645414e-01,5.763594e+00,1.192852e+00,9.507875e-01
4.886053e+00,4.520140e+00,9.624614e-01,-7.578735e-01
1.061918e+00,5.576261e+00,7.833285e-01,-1.199823e+00
4.516081e+00,4.483387e+00,1.337642e+00,5.048261e+00
3.470513e+00,2.647478e+00,5.545240e+00,5.052573e+00
4.197696e+00,3.787688e+00,1.593346e+00,3.627000e+00
3.612900e-01,1.294430e+00,2.687302e+00,3.292490e+00
4.090800e+00,3.601234e+00,1.767779e+00,8.335155e-01
1.739778e+00,3.946825e+00,5.208923e+00,8.178377e+00
2.144982e+00,3.409424e-01,3.349127e+00,3.205807e-01
3.893668e+00,4.105922e+00,1.518187e+00,-6.496188e-01
2.254226e+00,4.498551e+00,4.422722e+00,1.213215e+00
4.666076e+00,8.305595e-01,5.848164e+00,5.035923e+00
1.640804e+00,3.269029e+00,1.050675e+00,-1.814803e+00
5.589577e+00,5.471243e+00,3.001782e+00,-1.888926e+00
2.468024e+00,1.887820e+00,4.820330e+00,-2.752310e+00
3.447170e+00,4.848581e+00,2.623519e-01,1.704557e+00
2.444878e+00,2.781888e+00,6.395226e-01,-1.364228e+00
4.634484e+00,3.903943e+00,3.894236e+00,2.264443e+00
1.470915e+00,3.317713e+00,6.563026e-01,2.630119e+00
1.855196e+00,4.794592e+00,1.788103e+00,2.536920e+00
9.274488e-01,3.859660e+00,1.382044e+00,7.438730e+00
4.643688e+00,3.230243e+00,3.195965e+00,2.487571e+00
2.546232e+00,7.486592e-01,5.973299e+00,2.064186e+00
4.479784e+00,2.152400e+00,4.358705e+00,2.311659e+00
2.695845e+00,3.051485e+00,1.193890e+00,4.922256e+00
3.012481e+00,3.212595e+00,1.565832e+00,-5.328711e-01
1.386412e+00,3.291956e+00,4.331811e+00,-8.943455e-02
8.290197e-01,1.398499e+00,4.995817e-01,1.570602e+00
1.379173e+00,5.344055e+00,4.401691e+00,8.707468e+00
1.757003e+00,1.738244e+00,3.038227e-01,4.246109e+00
5.671904e+00,5.318120e+00,1.327153e+00,3.364646e+00
3.363266e+00,5.386469e+00,1.799431e+00,2.027195e+00
5.589523e+00,5.401893e-01,4.800605e+00,1.873206e+00
2.226280e+00,4.232453e+00,1.978893e+00,6.457526e+00
5.210977e+00,1.798177e+00,4.014577e-02,4.540979e+00
3.180131e-01,1.609468e+00,3.680877e-01,6.184268e+00
1.706276e+00,5.263866e+00,3.635144e+00,1.983819e+00
3.392233e+00,2.518976e+00,2.781609e+00,1.255568e+00
2.822228e+00,7.519349e-01,2.807770e+00,1.430439e+00
5.916966e+00,5.158625e-01,3.541135e+00,5.594914e-02
4.860223e+00,4.079318e+00,5.219386e+00,3.272996e+00
3.924895e+00,5.529235e+00,4.681263e+00,1.248529e+00
2.577464e+00,1.954613e+00,4.727260e+00,5.080626e-01
4.436839e+00,3.498192e+00,1.875907e+00,4.225800e+00
1.913490e+00,4.518935e+00,2.532944e+00,2.219401e+00
2.741682e+00,3.272494e-02,2.584975e+00,7.114645e-01
1.004773e+00,2.278510e+00,2.195080e+00,3.649448e+00
5.244135e+00,3.114249e+00,3.070233e+00,-1.556752e+00
8.467693e-01,5.454443e-01,2.214172e+00,7.689809e-01
3.684442e+00,2.845498e+00,1.169531e+00,2.491083e+00
5.501520e+00,3.034193e+00,5.972763e+00,1.613522e-01
5.821617e+00,3.094336e+00,8.282579e-02,4.079379e+00
1.589259e+00,1.864419e+00,5.956826e+00,1.351028e+00
2.279867e-01,1.167664e+00,3.994604e+00,-1.435313e+00
3.042701e+00,3.244809e+00,2.422550e+00,3.276427e+00
2.533054e+00,2.685899e+00,3.610783e+00,2.036892e+00
3.309330e+00,1.568344e+00,4.574343e+00,1.451141e+00
4.400474e+00,5.369730e+00,3.103257e+00,4.534093e+00
4.308771e+00,1.110663e-01,3.429000e+00,-5.711691e-02
9.172203e-01,2.648602e+00,4.868631e+00,1.917615e+00
1.622188e+00,7.028958e-01,7.265314e-01,-3.879764e-01
2.575952e+00,1.156987e+00,3.826527e+00,7.263639e+00
2.200407e+00,8.663840e-02,5.084241e+00,2.119216e+00
3.694671e+00,4.300393e+00,5.018345e+00,5.033964e+00
1.288596e+00,4.541149e+00,3.249627e+00,-1.102511e+00
1.496384e+00,4.519874e+00,1.651344e+00,7.526052e+00
3.489220e+00,2.321427e-02,6.416235e-01,4.448300e+00
4.073703e+00,2.722249e-01,2.202769e+00,2.502151e+00
5.808949e+00,5.654762e-01,4.506339e+00,4.646173e-01
4.101676e+00,3.716530e+00,5.955736e+00,9.556605e-01
4.210450e+00,5.103909e+00,3.015815e+00,3.601646e+00
4.993378e+00,9.438728e-01,3.779266e-02,3.062924e+00
7.075779e-01,1.605994e+00,2.667693e+00,1.754367e+00
8.398970e-01,3.383961e+00,3.180286e-02,-1.419917e+00
1.033928e-01,9.100991e-01,1.612775e+00,1.985592e+00
3.145364e+00,5.139462e+00,4.720891e+00,2.761724e+00
1.058730e+00,2.113294e-01,5.757263e+00,2.469907e+00
1.222866e+00,2.251280e-01,2.351313e+00,1.316807e+00
5.372509e+00,2.904579e+00,9.900294e-01,3.542404e+00
3.011816e+00,7.756430e-01,3.967164e+00,1.290572e+00
2.044081e+00,1.091499e+00,5.001588e+00,1.957553e+00
1.038210e+00,1.634435e+00,3.054021e+00,2.818698e+00
2.987160e+00,4.428586e+00,3.298825e-01,5.031874e+00
2.237289e-01,5.788074e+00,2.136940e+00,-1.953879e+00
3.358851e+00,4.268605e+00,2.299534e+00,2.372818e-01
1.569474e+00,3.512388e+00,4.585743e+00,5.269785e+00
5.481763e+00,5.085334e+00,4.569375e+00,6.600527e+00
3.480265e-01,4.657275e+00,1.753837e+00,2.742290e+00
1.242113e+00,1.307857e+00,1.835358e+00,2.402842e+00
4.908472e-01,3.579390e+00,3.863176e+00,7.205665e+00
3.881763e+00,1.406318e+00,2.461342e+00,2.540923e+00
3.323918e+00,4.490406e+00,3.449583e-02,2.232947e+00
3.820670e+00,2.263549e+00,4.747026e-01,-2.642351e+00
4.499006e+00,2.814494e+00,3.268748e-01,1.400830e+00
4.610936e+00,4.042237e+00,3.245686e+00,1.149127e+00
2.532626e+00,1.077529e+00,3.846568e+00,2.570596e+00
1.383818e-01,5.299054e+00,1.934502e+00,-2.955055e+00
5.278624e+00,3.634303e+00,1.496672e+00,4.345725e+00
3.048405e+00,5.787857e+00,1.190734e-01,5.398733e+00
4.368176e-02,3.111658e+00,5.596635e+00,7.932510e+00
5.287157e+00,7.144500e-01,5.441860e+00,3.940951e+00
3.217393e+00,2.130448e+00,1.535591e+00,1.771911e+00
5.667839e+00,5.449946e+00,2.476333e+00,4.940586e+00
4.961645e+00,8.715101e-02,3.032133e-02,-1.022927e+00
3.362238e+00,5.261138e+00,5.097673e+00,4.861183e+00
4.254894e+00,1.549040e+00,5.316363e+00,2.479919e+00
1.283452e+00,4.245609e+00,8.346259e-02,5.710626e+00
4.776523e+00,5.674768e+00,1.465166e+00,3.850893e-01
3.910951e+00,8.625121e-01,1.823925e+00,3.509047e+00
4.872150e+00,5.864180e-01,4.471923e+00,3.196245e+00
3.689387e-01,3.038375e+00,2.266669e+00,-7.362098e-01
8.770236e-02,1.549425e+00,4.037964e+00,7.585439e-01
4.710568e+00,5.023483e+00,1.564272e+00,5.057250e-01
3.353601e+00,5.780559e+00,4.712281e+00,4.689010e+00
4.434780e+00,1.943977e+00,2.227317e+00,-2.317871e+00
3.090351e-01,2.394953e-01,3.467622e+00,-3.885959e+00
1.051166e+00,2.505418e+00,5.968404e+00,1.313643e+00
5.291948e+00,3.785177e+00,5.681237e+00,3.098391e-01
7.325923e-01,5.029191e+00,4.763125e+00,2.731791e+00
3.890976e+00,9.926936e-02,1.870420e+00,1.799624e+00
5.512254e+00,4.328038e+00,5.747278e+00,6.672260e+00
2.840073e+00,3.398596e+00,1.577407e+00,3.093268e+00
3.867258e+00,3.465630e+00,2.479314e+00,2.896451e+00
3.370958e+00,5.647946e+00,3.372092e+00,-7.100353e-01
5.904380e-01,4.018050e+00,3.767423e-01,7.284957e+00
1.089959e+00,3.819583e+00,8.015383e-01,-2.090536e-02
1.052089e+00,1.276883e+00,5.457931e+00,4.856264e+00
1.857434e+00,2.776745e+00,2.915756e+00,2.929352e+00
1.039865e+00,3.423725e-01,2.409010e+00,4.052003e+00
4.505012e+00,3.435382e+00,3.616746e+00,9.248247e-01
1.852212e+00,4.497943e+00,1.407916e+00,5.633059e+00
5.368938e-01,2.395134e+00,2.588095e+00,-2.854457e-01
5.609913e+00,3.960503e-01,5.931022e+00,-2.880039e-02
2.699561e+00,5.670417e+00,1.036370e+00,1.572941e+00
5.782160e-01,5.290001e+00,1.284346e+00,1.777154e-01
5.396089e+00,3.416019e+00,2.143100e-01,2.673964e+00
3.874677e+00,1.280413e+00,3.047502e-01,-1.949317e+00
1.969396e+00,5.416211e+00,9.690014e-01,5.152221e+00
3.929458e+00,1.707797e+00,3.062545e+00,5.209505e-01
4.282756e+00,8.123063e-01,4.514472e+00,-5.449762e-01
2.532829e+00,7.525883e-01,6.010647e-02,-6.818051e-01
2.366087e+00,3.437867e+00,2.656836e+00,2.498278e+00
4.916863e+00,5.240372e+00,4.341279e+00,-1.423717e+00
1.492093e+00,3.063101e+00,4.248448e+00,3.584716e+00
3.613851e+00,3.359311e+00,2.835647e+00,2.880999e+00
3.091581e+00,3.655410e+00,3.966372e-01,2.163119e+00
2.134043e+00,1.299543e+00,2.550075e+00,1.740907e+00
5.777934e-01,2.210128e+00,9.829126e-01,8.386425e-01
4.363294e+00,8.770731e-01,7.793255e-01,4.209967e+00
2.410413e-01,3.836015e-01,1.609162e+00,1.846584e+00
2.194750e+00,1.377271e+00,4.663994e+00,4.650046e+00
3.809927e+00,1.920771e+00,1.554435e+00,4.152402e+00
3.308799e+00,1.509764e+00,1.081450e+00,1.543465e+00
5.453936e+00,1.158429e+00,1.020717e+00,3.519046e+00
4.585784e+00,4.534879e+00,4.626345e+00,3.978410e+00
1.113790e+00,4.406939e+00,2.482720e+00,9.532917e-01
1.322486e+00,5.198026e+00,3.037913e+00,6.850704e+00
1.823129e+00,5.883481e+00,5.058413e+00,1.219903e+00
1.572302e+00,1.963510e-01,4.011780e+00,3.878438e+00
1.084488e+00,4.092645e+00,2.340300e+00,1.596929e+00
2.682601e+00,5.990038e+00,1.635185e+00,1.078379e+00
4.613990e+00,2.268749e+00,1.513047e+00,1.684500e+00
4.630022e+00,6.994078e-01,4.994838e+00,1.852986e+00
1.230716e+00,4.643720e+00,3.470472e+00,2.906277e+00
3.206069e+00,2.379195e+00,1.962094e+00,6.526868e+00
3.299256e+00,8.342128e-01,4.340608e+00,2.216449e+00
4.197385e-01,6.614353e-01,1.893101e+00,2.128998e+00
5.125089e+00,4.451436e+00,3.067426e+00,3.688370e+00
2.942933e+00,4.138331e+00,5.719960e+00,3.233687e+00
7.944808e-01,1.730601e-01,1.693436e+00,-1.153950e+00
3.885563e-01,4.128286e+00,5.446770e+00,4.536485e-01
3.632863e+00,2.610580e+00,1.455865e-01,4.114826e+00
2.569294e+00,4.441366e+00,3.012712e+00,1.803158e+00
4.790182e-01,5.098508e+00,4.684020e+00,-7.625960e-01
5.431754e+00,1.858589e+00,5.760500e+00,2.772410e-01
3.224094e+00,4.292241e+00,9.838856e-01,-9.607996e-01
2.747325e+00,3.419601e+00,4.300098e-01,2.685727e+00
3.547005e+00,2.526163e+00,4.867619e+00,3.960046e+00
3.134506e+00,4.013565e+00,3.621011e-01,2.523890e+00
4.407541e+00,1.254374e+00,4.143771e+00,6.293991e-01
3.549285e+00,8.432359e-01,3.205345e+00,3.367827e+00
2.271451e-01,5.219228e+00,5.618975e+00,7.494743e+00
3.113190e+00,1.597914e+00,3.380817e+00,-1.862908e+00
9.681539e-01,2.996398e+00,4.930817e+00,6.184012e+00
2.078528e-01,3.564287e+00,5.952601e+00,2.361133e+00
5.743970e+00,5.754528e+00,2.462708e+00,3.261633e+00
1.500534e+00,4.741116e+00,4.341564e+00,1.432606e+00
1.041406e+00,5.822562e+00,1.904838e+00,1.264894e+00
5.312844e+00,9.194170e-01,2.567750e+00,9.532984e-01
1.452158e+00,5.318721e+00,5.113389e+00,3.598993e+00
1.227566e+00,3.026641e+00,5.225956e+00,2.273550e+00
4.172856e+00,1.318738e+00,9.685972e-02,3.864257e+00
7.833407e-01,3.450567e+00,4.348064e+00,1.461341e+00
3.871407e+00,3.791803e+00,2.639428e+00,4.979971e+00
