2.994443e+00,2.792353e+00,-7.602542e+00
3.646742e+00,3.712264e+00,1.515113e+01
2.488323e+00,3.309731e+00,1.774657e+01
4.138522e+00,2.333224e+00,3.495740e+01
3.213530e+00,2.289367e+00,2.861397e+01
3.084795e+00,2.231967e+00,9.169797e+00
2.136245e+00,2.110545e+00,6.477363e+00
2.947037e+00,4.476043e+00,1.705015e+01
1.497301e+00,1.543449e+00,2.158134e+01
1.577856e+00,2.441605e+00,4.363958e+01
1.959775e+00,1.669929e+00,5.234359e-01
4.957040e+00,3.329296e+00,4.626640e+01
3.588827e+00,3.929029e+00,7.429875e+00
1.573774e+00,4.189638e+00,3.302045e+00
4.313876e+00,4.714574e+00,2.990648e+01
1.704622e+00,4.810383e+00,4.808723e+01
1.101537e+00,3.841794e+00,-1.110289e+01
2.681002e+00,4.839426e+00,3.026995e+01
2.886649e+00,2.326548e+00,-1.233001e+01
3.544408e+00,2.938854e+00,-2.861913e+01
1.610796e+00,1.306677e+00,-1.121334e+01
1.844136e+00,3.522485e+00,-1.472390e+01
1.430191e+00,3.962023e+00,-2.238468e+01
4.656335e+00,4.696533e+00,1.509650e+00
1.316643e+00,2.385387e+00,7.460287e+00
4.896643e+00,2.034041e+00,5.771420e+00
3.820751e+00,1.888422e+00,4.138080e+01
1.773156e+00,4.769865e+00,6.971955e+01
2.054661e+00,2.807608e+00,1.747757e+01
1.101406e+00,1.216615e+00,2.847707e+01
1.410376e+00,3.704283e+00,5.392497e+01
2.370078e+00,1.779010e+00,2.307284e+01
1.860954e+00,4.884394e+00,2.424927e+01
1.956797e+00,4.528373e+00,2.747971e+01
4.086041e+00,1.011043e+00,4.888604e+01
3.030976e+00,1.796953e+00,5.249273e+01
2.707155e+00,4.946484e+00,2.939897e+01
2.017060e+00,4.778338e+00,3.349308e+01
4.783629e+00,2.285998e+00,3.986666e+01
1.348137e+00,3.198268e+00,1.276198e+01
2.508785e+00,3.881409e+00,3.713761e+01
2.251294e+00,3.481370e+00,4.103634e+01
1.193578e+00,2.189235e+00,-1.760909e+01
4.547584e+00,1.757594e+00,1.852573e+01
2.026063e+00,1.625021e+00,-1.915548e+01
4.320132e+00,4.854839e+00,4.232380e+01
4.369730e+00,2.650258e+00,2.339821e+01
1.258076e+00,1.963389e+00,6.746915e+00
1.859406e+00,2.013943e+00,-6.752471e+00
2.849858e+00,1.477440e+00,2.381097e+01
3.374029e+00,3.622720e+00,3.161037e+01
2.059147e+00,3.495325e+00,5.402852e+00
4.458394e+00,1.042556e+00,3.499963e+00
2.276009e+00,4.074833e+00,-1.443201e+00
3.557261e+00,2.596030e+00,8.208538e+00
3.795702e+00,2.212747e+00,3.947845e+01
3.781170e+00,1.560471e+00,2.721774e+00
2.768564e+00,3.058140e+00,2.912890e+01
3.965062e+00,2.721355e+00,1.143986e+01
2.910893e+00,2.284729e+00,1.544389e+01
1.266690e+00,4.611901e+00,-3.485261e+00
4.023262e+00,4.576699e+00,9.134744e+00
3.775628e+00,3.512037e+00,2.864342e+01
4.364576e+00,2.373826e+00,4.130175e+00
2.172873e+00,1.371251e+00,-3.563142e+01
1.851535e+00,2.871650e+00,-2.490872e+01
4.407444e+00,1.001489e+00,1.572036e+01
2.921621e+00,1.774140e+00,-5.045594e+00
1.293587e+00,4.998937e+00,3.205770e+01
4.439106e+00,1.596714e+00,-4.004460e+00
1.261743e+00,3.551130e+00,1.522476e+01
2.683092e+00,2.472008e+00,-2.225808e+01
3.555005e+00,2.210963e+00,4.566032e+01
1.357751e+00,3.010377e+00,1.382446e+01
4.814126e+00,3.544501e+00,2.621422e+01
3.725107e+00,2.946968e+00,7.079296e+00
3.671745e+00,1.183787e+00,3.096764e+01
2.498912e+00,4.427585e+00,3.193933e+01
2.870354e+00,3.381806e+00,3.113235e+01
4.053073e+00,2.048999e+00,2.187329e+01
1.903653e+00,2.058023e+00,3.127567e+01
3.190323e+00,3.130362e+00,7.651523e+00
2.695768e+00,1.498236e+00,4.168622e+01
1.531743e+00,4.168722e+00,5.285077e+01
4.768705e+00,1.334184e+00,3.886011e+01
4.476471e+00,3.893530e+00,1.699519e+01
2.240734e+00,2.963358e+00,2.337103e+01
1.576907e+00,4.645130e+00,7.461293e+00
4.098815e+00,1.348395e+00,-1.873533e+00
2.352289e+00,2.601390e+00,1.076382e+01
3.199830e+00,1.109928e+00,1.444119e+01
2.006547e+00,1.613728e+00,-1.036581e+01
2.625795e+00,4.572811e+00,4.808596e+01
2.666443e+00,4.224786e+00,1.297447e+01
4.443764e+00,1.524382e+00,3.342255e+01
1.420265e+00,1.904536e+00,2.779358e+01
3.175398e+00,2.379953e+00,1.919737e+01
4.513231e+00,3.961198e+00,9.700614e+00
2.502236e+00,2.393767e+00,-5.286803e+00
2.665481e+00,1.460706e+00,-1.974157e+01
4.202288e+00,1.061645e+00,3.733359e+01
3.721011e+00,2.044876e+00,1.862597e+01
4.131511e+00,4.943088e+00,4.872061e+01
1.169339e+00,1.654766e+00,6.510326e+00
1.112722e+00,2.154740e+00,1.816546e+01
4.231842e+00,2.227802e+00,1.594486e+01
4.351190e+00,1.307902e+00,-8.623089e+00
2.271163e+00,1.821815e+00,-1.010259e+01
2.101780e+00,4.443663e+00,4.034259e+01
4.877131e+00,3.811492e+00,4.012678e+01
2.426653e+00,1.450097e+00,3.232695e+01
3.109383e+00,3.821609e+00,4.024529e+01
1.241493e+00,2.410859e+00,5.897755e+00
3.423702e+00,3.119871e+00,4.655994e+01
2.558025e+00,1.510741e+00,-6.131117e+00
3.758333e+00,4.403823e+00,4.553690e+01
3.225161e+00,2.957359e+00,-1.498541e+01
3.743401e+00,3.794962e+00,-4.224931e+00
1.101766e+00,1.329038e+00,-1.386492e+00
2.345679e+00,2.145598e+00,2.280593e+01
3.327579e+00,1.324986e+00,-1.750362e+01
4.760956e+00,4.986974e+00,4.420906e+00
4.565489e+00,4.857533e+00,4.663964e+01
4.416829e+00,3.062277e+00,3.704706e+01
1.050876e+00,2.113149e+00,2.192956e+01
3.833609e+00,2.595685e+00,6.826225e+00
4.073400e+00,4.845985e+00,3.454530e+01
2.234846e+00,3.598608e+00,4.239706e+01
1.545804e+00,3.938818e+00,2.324637e+01
3.445618e+00,2.793543e+00,3.008367e+01
1.931206e+00,1.005906e+00,3.615622e+01
4.212651e+00,4.046856e+00,4.523436e+01
3.254380e+00,1.147933e+00,2.834643e+01
4.281416e+00,2.602809e+00,3.206046e+01
4.901258e+00,1.473895e+00,3.866090e+01
1.543429e+00,2.676248e+00,5.223189e+00
2.750514e+00,2.227973e+00,6.854131e+00
4.995977e+00,2.693105e+00,2.613337e+01
2.861721e+00,2.894125e+00,-3.600900e-01
4.388002e+00,2.673351e+00,1.841331e+01
1.083599e+00,3.559442e+00,-3.067876e+00
3.648137e+00,4.781404e+00,2.774620e+01
3.206586e+00,1.183960e+00,-1.621220e+01
4.218918e+00,1.675328e+00,-1.520305e+00
3.394653e+00,4.597028e+00,4.560639e+00
4.561950e+00,3.742835e+00,4.814402e+01
4.994608e+00,1.288300e+00,2.065656e+01
4.411614e+00,2.840257e+00,2.407673e+01
1.504132e+00,1.974836e+00,7.369330e+00
3.148202e+00,2.388437e+00,-1.499684e+00
4.603634e+00,2.684764e+00,2.523448e+01
2.249985e+00,4.489859e+00,6.963531e+01
1.439983e+00,3.511533e+00,4.465690e+01
4.462320e+00,3.564093e+00,2.338880e+01
1.684610e+00,1.742481e+00,-1.286805e+01
2.585150e+00,2.024010e+00,2.149068e+01
2.924960e+00,2.035672e+00,-2.585174e+01
4.162488e+00,4.122600e+00,4.165136e+01
1.458495e+00,1.045114e+00,-2.231182e+01
2.188546e+00,4.498545e+00,8.767715e+00
4.371227e+00,3.338529e+00,2.454868e+01
2.834151e+00,2.663431e+00,3.274537e+01
1.216401e+00,3.728390e+00,2.375943e+01
4.879658e+00,4.330443e+00,-9.356625e+00
1.555839e+00,1.181572e+00,2.158131e+01
2.303098e+00,1.521097e+00,1.822695e+01
4.249502e+00,2.697712e+00,2.931165e+01
1.246767e+00,4.792977e+00,3.774277e+01
3.351285e+00,1.740004e+00,2.573246e+00
4.469893e+00,2.914071e+00,4.276154e+00
2.517522e+00,1.153383e+00,3.313135e+01
4.559529e+00,2.101499e+00,2.018551e+01
3.495888e+00,4.623664e+00,2.838709e+01
1.564437e+00,3.130398e+00,3.003921e-01
3.438606e+00,2.712657e+00,2.974123e+01
2.830352e+00,4.098756e+00,2.653210e+01
3.034122e+00,4.990627e+00,-5.742532e+00
1.789918e+00,2.925930e+00,-2.579078e+00
4.958818e+00,1.105211e+00,-2.054495e+00
2.509019e+00,1.713721e+00,9.511633e+00
2.029208e+00,2.705616e+00,3.121418e+01
4.839588e+00,4.710515e+00,2.002569e+01
3.662084e+00,2.490082e+00,2.718391e+01
4.710544e+00,3.206653e+00,2.930596e+01
4.327044e+00,1.485580e+00,1.411655e+01
3.813584e+00,4.490937e+00,4.272322e+01
2.403655e+00,1.351417e+00,3.289401e+00
3.222051e+00,4.354005e+00,3.513771e+01
4.461953e+00,2.485650e+00,3.186534e+01
3.137394e+00,4.782263e+00,1.249331e+01
3.266331e+00,2.281886e+00,4.982076e-01
1.026309e+00,4.736512e+00,2.320279e+01
3.242557e+00,2.297985e+00,5.459120e+00
4.085685e+00,4.947199e+00,3.450701e+01
3.203367e+00,2.307758e+00,3.275576e+01
4.986797e+00,2.061858e+00,8.627763e+00
4.699920e+00,1.591721e+00,2.109106e+01
4.314315e+00,4.357979e+00,1.879723e+01
3.945285e+00,1.125967e+00,4.275218e+00
4.791099e+00,2.368029e+00,8.204239e+00
