1.160371e+00,4.320894e+00,-1.492212e+00
2.974290e+00,3.958381e+00,9.183851e-01
4.610689e+00,4.191655e+00,-1.385523e+00
4.806300e+00,4.455203e+00,-1.436992e+00
4.063229e+00,1.430769e+00,-1.240924e+00
3.914149e+00,2.537846e+00,6.505867e-01
1.266901e+00,2.979675e+00,3.537808e-01
3.931267e+00,4.429057e+00,-1.031794e+00
4.507481e+00,1.101952e+00,-1.509280e+00
2.894421e+00,3.537428e+00,1.698167e+00
3.276165e+00,3.354981e+00,1.774726e+00
3.415975e+00,4.911865e+00,2.482482e-01
4.720800e+00,4.579725e+00,-1.510154e+00
1.016374e+00,2.926022e+00,5.647810e-01
4.427749e+00,3.145821e+00,2.754101e-01
2.318207e+00,1.093982e+00,-1.190964e-01
2.592942e+00,1.029879e+00,3.701774e-01
2.752039e+00,2.385610e+00,1.735253e+00
2.890834e+00,1.853780e+00,8.028070e-01
1.160077e+00,2.306618e+00,-2.564686e-01
3.534723e+00,4.496239e+00,-2.699742e-01
1.049644e+00,3.555176e+00,-1.648341e-01
4.461598e+00,4.952893e+00,-1.225621e+00
1.515701e+00,1.174612e+00,-1.504259e+00
1.175649e+00,3.329174e+00,1.047005e-01
2.082834e+00,3.678304e+00,2.981286e-01
3.145792e+00,1.616555e+00,4.103816e-01
3.410862e+00,3.290212e+00,1.646182e+00
2.176410e+00,2.619198e+00,1.212249e+00
3.315846e+00,2.649908e+00,1.939336e+00
3.695447e+00,3.101500e+00,1.311257e+00
3.248948e+00,1.037007e+00,3.569288e-01
1.300532e+00,2.855546e+00,3.447437e-01
4.342350e+00,2.062006e+00,-7.485455e-01
3.417620e+00,1.138889e+00,3.900545e-02
4.256040e+00,2.102995e+00,-5.920695e-01
3.905475e+00,1.093131e+00,-8.597562e-01
4.396559e+00,2.625573e+00,1.734172e-01
4.985226e+00,4.335596e+00,-1.120487e+00
3.648689e+00,2.334054e+00,8.542742e-01
1.018985e+00,3.072861e+00,5.448227e-01
2.031991e+00,2.694362e+00,1.021248e+00
1.857528e+00,3.834201e+00,-4.037107e-01
4.783212e+00,1.783735e+00,-1.110773e+00
3.757536e+00,4.772981e+00,-5.600255e-01
3.463321e+00,2.064470e+00,6.993325e-01
1.496831e+00,2.429273e+00,-6.410879e-02
1.946880e+00,3.704707e+00,4.819109e-03
1.107141e+00,1.555315e+00,-1.423868e+00
3.767113e+00,1.786582e+00,-4.137987e-01
2.565637e+00,3.090529e+00,2.027755e+00
2.280243e+00,2.885514e+00,1.626414e+00
3.547158e+00,4.883841e+00,-1.544494e-02
2.649410e+00,3.109932e+00,2.112228e+00
3.919710e+00,4.845866e+00,-7.898074e-01
4.933202e+00,1.381321e+00,-1.270461e+00
4.164686e+00,4.553903e+00,-1.407891e+00
1.126824e+00,2.921616e+00,4.286559e-01
1.716767e+00,2.797738e+00,5.623628e-01
1.388190e+00,1.983665e+00,-9.643288e-01
4.390353e+00,1.865074e+00,-1.118303e+00
2.042955e+00,1.687031e+00,-6.055991e-01
4.844662e+00,2.285791e+00,-1.283815e-01
4.341185e+00,4.949559e+00,-1.197891e+00
1.486876e+00,3.217927e+00,2.309770e-01
2.739635e+00,2.741090e+00,2.227659e+00
3.283501e+00,4.556726e+00,1.420000e-01
1.698067e+00,1.483616e+00,-1.344680e+00
1.855863e+00,4.341630e+00,-1.120031e+00
4.177831e+00,3.401557e+00,1.187022e-01
3.320300e+00,3.080001e+00,1.991184e+00
2.364987e+00,1.076767e+00,-1.986404e-02
2.673198e+00,1.616694e+00,3.805526e-01
1.846749e+00,2.215000e+00,-6.032081e-02
4.582462e+00,1.613584e+00,-1.497312e+00
4.474060e+00,1.753489e+00,-1.334717e+00
2.950763e+00,3.711209e+00,1.339056e+00
4.047810e+00,2.205731e+00,-1.330614e-01
4.648413e+00,4.909662e+00,-1.265799e+00
4.486365e+00,3.832270e+00,-8.702227e-01
1.056418e+00,3.251084e+00,3.180199e-01
4.170502e+00,2.815462e+00,5.095754e-01
3.567169e+00,1.280520e+00,-3.271385e-01
3.120900e+00,3.985232e+00,7.670116e-01
4.521518e+00,3.649217e+00,-5.111156e-01
3.461431e+00,2.455870e+00,1.409947e+00
4.520984e+00,2.586566e+00,1.422978e-01
1.881504e+00,1.898993e+00,-5.948831e-01
3.925726e+00,1.136992e+00,-9.358234e-01
2.079970e+00,1.201651e+00,-6.982731e-01
3.207102e+00,4.450153e+00,2.458764e-01
3.818761e+00,4.300684e+00,-7.747396e-01
2.365281e+00,3.522094e+00,1.148058e+00
1.746817e+00,2.297094e+00,-5.202250e-02
4.290870e+00,1.953103e+00,-9.060525e-01
1.728485e+00,2.593939e+00,4.341124e-01
1.706416e+00,3.691492e+00,-3.993933e-01
3.721998e+00,2.902226e+00,1.326037e+00
3.345839e+00,3.226258e+00,1.840382e+00
2.244715e+00,3.896705e+00,2.101915e-01
4.621471e+00,3.433096e+00,-7.474919e-02
2.350481e+00,2.656769e+00,1.609391e+00
4.258897e+00,2.024458e+00,-7.437635e-01
3.705933e+00,4.541359e+00,-5.740123e-01
1.606093e+00,3.441404e+00,3.248425e-05
4.814785e+00,3.783629e+00,-5.711244e-01
4.160912e+00,3.335059e+00,2.289684e-01
2.905041e+00,1.250010e+00,4.073976e-01
4.530434e+00,2.804863e+00,3.050647e-01
1.655103e+00,3.021323e+00,4.914419e-01
4.702211e+00,1.085354e+00,-1.403723e+00
2.680476e+00,4.055321e+00,5.987924e-01
1.377078e+00,2.735042e+00,2.630626e-01
2.141844e+00,2.494759e+00,1.006176e+00
1.290562e+00,2.587738e+00,1.740344e-01
3.586191e+00,4.606299e+00,-3.530185e-01
2.179330e+00,4.026182e+00,-1.498816e-01
2.855666e+00,1.741860e+00,6.447778e-01
3.979504e+00,1.106791e+00,-9.970816e-01
3.294284e+00,3.964081e+00,6.524737e-01
2.570375e+00,1.954422e+00,7.650660e-01
2.356232e+00,2.628485e+00,1.580844e+00
4.675711e+00,4.876218e+00,-1.295786e+00
2.346058e+00,3.922785e+00,3.519331e-01
4.159193e+00,3.718006e+00,-4.456891e-01
4.392523e+00,3.610031e+00,-3.979921e-01
1.533556e+00,1.995827e+00,-8.469449e-01
2.363721e+00,1.325328e+00,-1.975287e-01
2.951648e+00,4.469626e+00,3.743954e-01
3.389826e+00,4.808399e+00,1.254142e-01
4.598358e+00,4.327817e+00,-1.552857e+00
2.943548e+00,3.891393e+00,9.985983e-01
1.850299e+00,4.586860e+00,-1.159218e+00
2.520835e+00,1.787003e+00,3.782514e-01
1.997240e+00,4.330013e+00,-8.484648e-01
1.661406e+00,3.279786e+00,3.026117e-01
4.351087e+00,1.950451e+00,-9.650823e-01
3.663580e+00,4.618495e+00,-5.096292e-01
2.442073e+00,4.646718e+00,-1.209281e-02
2.895032e+00,2.144508e+00,1.342949e+00
3.170792e+00,1.370455e+00,2.735075e-01
4.462340e+00,2.830026e+00,3.209994e-01
4.496854e+00,4.885172e+00,-1.345963e+00
2.035511e+00,2.825857e+00,1.099444e+00
4.177404e+00,3.268325e+00,3.144421e-01
3.009754e+00,3.515077e+00,1.721316e+00
3.931692e+00,3.542526e+00,2.462716e-01
3.359082e+00,4.985351e+00,4.653482e-01
3.177623e+00,3.148241e+00,2.133679e+00
4.170542e+00,4.099723e+00,-1.097077e+00
2.009586e+00,1.640307e+00,-7.671009e-01
1.311621e+00,2.604794e+00,1.467595e-01
1.219006e+00,2.935751e+00,4.050484e-01
1.581842e+00,4.264279e+00,-1.413882e+00
4.678912e+00,1.700056e+00,-1.334006e+00
1.336336e+00,4.565974e+00,-1.629150e+00
1.717628e+00,2.788198e+00,5.433848e-01
4.877400e+00,4.503258e+00,-1.322192e+00
1.511684e+00,2.282258e+00,-2.940405e-01
3.474812e+00,3.127408e+00,1.702041e+00
3.611586e+00,3.719552e+00,5.359348e-01
2.070582e+00,2.894172e+00,1.193554e+00
4.858628e+00,3.246316e+00,3.851103e-01
3.856668e+00,1.287223e+00,-9.022836e-01
1.909734e+00,4.672767e+00,-1.003798e+00
4.517674e+00,2.894146e+00,3.259291e-01
2.298923e+00,3.099163e+00,1.580751e+00
2.556434e+00,3.011820e+00,2.065699e+00
4.937235e+00,4.303294e+00,-1.160529e+00
2.083811e+00,2.217182e+00,3.749755e-01
1.100461e+00,3.179160e+00,3.333800e-01
1.129933e+00,2.073458e+00,-6.619619e-01
4.210521e+00,2.380965e+00,-2.986042e-02
3.199226e+00,1.390236e+00,2.317799e-01
1.810631e+00,2.805811e+00,7.250751e-01
4.330849e+00,1.416271e+00,-1.559495e+00
1.789795e+00,2.666701e+00,5.377099e-01
3.441309e+00,1.461816e+00,-8.556788e-02
4.625845e+00,3.482109e+00,-1.626502e-01
4.851178e+00,1.071473e+00,-1.205075e+00
2.328411e+00,3.360853e+00,1.374354e+00
3.847372e+00,4.009566e+00,-4.885192e-01
4.782983e+00,4.409198e+00,-1.436302e+00
4.580938e+00,4.826142e+00,-1.401597e+00
4.525762e+00,1.482819e+00,-1.586788e+00
4.344597e+00,2.447798e+00,-4.217619e-02
4.811467e+00,3.313258e+00,2.446960e-01
4.308220e+00,3.298829e+00,1.597013e-01
3.801833e+00,3.559338e+00,4.933205e-01
2.991471e+00,3.224405e+00,2.156357e+00
3.196302e+00,1.984495e+00,9.011776e-01
2.175805e+00,2.494072e+00,1.063703e+00
2.786528e+00,1.316572e+00,3.451422e-01
4.932800e+00,3.113048e+00,6.301516e-01
1.479966e+00,3.875225e+00,-9.097072e-01
1.195775e+00,1.962007e+00,-9.228751e-01
3.977857e+00,2.579154e+00,6.004926e-01
2.192825e+00,1.357563e+00,-5.116815e-01
2.011724e+00,2.090054e+00,8.563749e-03
2.418985e+00,1.576663e+00,4.416313e-03
