4.777249e+00,4.250980e+00,2.932001e+00,6.143731e+00
4.830727e+00,2.314036e+00,2.477554e+00,3.086495e+00
3.982212e+00,5.805363e+00,4.356060e+00,4.915912e+00
3.621174e+00,2.797397e+00,1.492321e+00,1.024009e+00
4.256072e+00,1.688470e+00,5.976071e+00,2.293178e+00
5.225988e+00,4.708113e+00,2.861336e+00,1.933476e+00
1.796544e+00,5.073905e+00,4.204122e+00,1.607467e+00
5.910616e+00,2.095476e+00,5.286056e+00,-1.304408e+00
4.511283e+00,5.789426e+00,3.232562e+00,2.814461e-01
2.968209e+00,5.416383e+00,4.352550e+00,1.314914e+00
2.039291e+00,1.219264e+00,5.371824e+00,4.301942e+00
3.819274e+00,4.442032e+00,5.377765e+00,1.512382e+00
2.870803e+00,5.795312e+00,4.435435e+00,4.434507e+00
5.478131e+00,2.584036e+00,2.132481e+00,3.784293e+00
1.278599e+00,5.836745e+00,1.670192e+00,1.483954e+00
5.690378e+00,4.879511e+00,2.412232e+00,1.115999e+00
5.850062e+00,4.461165e+00,3.633054e+00,2.526835e+00
2.344046e+00,2.131386e+00,5.280301e+00,2.074805e+00
2.182642e+00,1.699454e+00,5.757527e+00,5.605434e+00
2.929812e+00,3.827512e+00,3.091611e+00,5.481529e+00
5.445879e+00,4.478357e+00,5.867983e+00,2.821585e+00
5.431696e+00,3.402361e+00,5.097468e+00,1.826880e+00
2.260892e+00,5.577539e+00,4.943900e+00,4.176637e+00
5.039476e+00,3.661468e+00,1.461029e+00,1.012709e+00
3.163715e+00,2.210875e+00,5.555160e+00,4.553989e+00
4.339136e+00,2.641726e+00,5.848160e+00,1.856040e+00
4.106070e+00,5.800157e+00,5.456599e+00,-2.561361e+00
4.236741e+00,1.671834e+00,5.723736e+00,2.774898e+00
3.515459e+00,5.961768e+00,1.568787e+00,5.584341e-01
3.869267e+00,4.765677e+00,1.416360e+00,3.597062e+00
4.979876e+00,1.751156e+00,5.936745e+00,6.301292e+00
5.020454e+00,2.016705e+00,4.671172e+00,-7.489258e-01
1.507711e+00,1.477595e+00,3.679628e+00,1.878771e-01
1.691033e+00,2.814392e+00,2.469417e+00,5.397623e-01
1.287708e+00,4.284677e+00,5.578301e+00,3.737783e+00
4.372417e+00,2.544985e+00,2.013145e+00,1.536408e+00
3.221630e+00,4.328987e+00,4.029297e+00,1.552125e+00
4.348698e+00,3.358188e+00,4.995494e+00,-7.290472e-02
2.831495e+00,4.479326e+00,4.669381e+00,-1.994168e-01
2.412064e+00,2.317553e+00,2.248689e+00,-5.374511e-01
3.411558e+00,1.593733e+00,2.816031e+00,3.258811e+00
3.218530e+00,4.689949e+00,3.894680e+00,4.850796e+00
3.464054e+00,2.615265e+00,1.091463e+00,1.060114e+00
2.583854e+00,3.991613e+00,3.434571e+00,9.078286e-01
1.821540e+00,5.563230e+00,4.294939e+00,5.021682e+00
2.701612e+00,2.519356e+00,4.937056e+00,2.640163e-01
3.828523e+00,2.125126e+00,1.504832e+00,-2.255324e+00
5.402476e+00,3.470880e+00,5.906334e+00,3.466866e+00
3.864725e+00,1.423399e+00,2.853779e+00,-1.839909e+00
5.915702e+00,3.872394e+00,4.833153e+00,6.789022e+00
4.073908e+00,1.852874e+00,5.938936e+00,1.007100e+00
5.289452e+00,3.419574e+00,4.465085e+00,4.013801e+00
2.876493e+00,4.629563e+00,3.908734e+00,4.444928e+00
3.559015e+00,4.079623e+00,4.415091e+00,-9.994582e-01
5.673466e+00,4.630599e+00,5.794582e+00,4.610575e+00
2.539062e+00,3.350311e+00,1.771897e+00,5.208354e+00
2.318936e+00,2.819680e+00,4.513945e+00,4.896234e+00
1.763949e+00,4.781403e+00,5.341361e+00,1.205075e-01
1.740928e+00,1.379936e+00,2.764991e+00,2.524204e+00
4.586001e+00,2.278513e+00,1.581863e+00,1.569364e+00
5.796824e+00,3.470923e+00,2.449099e+00,-1.085659e+00
5.610083e+00,3.198863e+00,4.691299e+00,1.841703e+00
4.412207e+00,5.015718e+00,3.137749e+00,-5.992533e-01
1.235603e+00,2.928087e+00,5.067917e+00,-1.374809e+00
2.037356e+00,4.179214e+00,3.647947e+00,9.612918e-01
4.111346e+00,5.064993e+00,5.679237e+00,4.546570e+00
5.246327e+00,2.249097e+00,5.226474e+00,2.065094e+00
5.842533e+00,5.757222e+00,3.778940e+00,3.503786e+00
5.428895e+00,1.625297e+00,5.024088e+00,5.312318e+00
2.798274e+00,2.626109e+00,4.220384e+00,3.535851e+00
1.967766e+00,1.658021e+00,5.290650e+00,3.433569e+00
5.945656e+00,5.508666e+00,5.226512e+00,2.225826e+00
4.071973e+00,5.456449e+00,2.954152e+00,2.559250e+00
1.253011e+00,3.773547e+00,1.542710e+00,2.904172e+00
2.518892e+00,2.504161e+00,4.862637e+00,5.515162e+00
3.550066e+00,4.213939e+00,4.985016e+00,1.523259e+00
1.908944e+00,3.518567e+00,2.740170e+00,7.771646e-01
2.047238e+00,4.778301e+00,3.023884e+00,2.529766e+00
4.562423e+00,4.428642e+00,2.879834e+00,-1.852212e+00
2.817524e+00,3.063381e+00,4.796438e+00,1.971994e+00
5.405641e+00,1.744714e+00,3.622878e+00,5.235510e+00
1.857629e+00,4.130750e+00,2.091037e+00,3.250941e+00
3.912098e+00,1.262644e+00,2.135424e+00,2.246608e+00
5.984793e+00,1.064655e+00,1.187086e+00,-5.108847e-01
4.230099e+00,1.918435e+00,1.690500e+00,2.107269e+00
5.219535e+00,4.868898e+00,3.731844e+00,1.053744e+00
4.740270e+00,1.057397e+00,4.600729e+00,5.359925e-01
5.637105e+00,5.980775e+00,2.840766e+00,1.166771e+00
5.047758e+00,5.445664e+00,5.828966e+00,6.039816e+00
3.260118e+00,4.815287e+00,5.785202e+00,5.572246e-01
5.714529e+00,4.504625e+00,4.772814e+00,3.201357e+00
3.050447e+00,2.319986e+00,1.891314e+00,4.634275e+00
5.483095e+00,5.915482e+00,3.834516e+00,2.169046e-01
4.359893e+00,4.439986e+00,1.783854e+00,6.840909e+00
1.387455e+00,1.384030e+00,2.829309e+00,2.561919e+00
2.667924e+00,5.071870e+00,3.558519e+00,4.934303e+00
4.146676e+00,4.508576e+00,4.982220e+00,4.552982e-01
2.899219e+00,1.898030e+00,5.634678e+00,5.587087e+00
4.811763e+00,4.797673e+00,3.242772e+00,3.419568e+00
4.948775e+00,1.108576e+00,2.859328e+00,7.789776e-01
4.523447e+00,3.557386e+00,2.798408e+00,-8.676310e-01
3.141032e+00,5.869450e+00,2.721323e+00,1.866480e+00
3.225554e+00,4.645104e+00,4.262426e+00,3.164240e+00
5.141888e+00,4.111175e+00,1.445628e+00,1.843451e+00
2.585521e+00,4.937533e+00,3.740901e+00,2.470413e+00
3.942594e+00,5.016061e+00,2.434263e+00,1.753304e+00
3.968399e+00,1.601596e+00,2.783968e+00,2.563823e+00
1.506729e+00,3.860454e+00,3.798028e+00,1.967667e+00
5.864020e+00,3.381080e+00,1.247311e+00,-8.548768e-01
2.273133e+00,3.008115e+00,1.243334e+00,3.493189e+00
4.053852e+00,4.659068e+00,2.210955e+00,-8.574989e-02
4.844801e+00,1.137572e+00,1.157027e+00,-1.474431e+00
4.216745e+00,2.108325e+00,4.620282e+00,4.816115e+00
5.986592e+00,1.315848e+00,1.302150e+00,4.567615e-01
2.751604e+00,1.935865e+00,5.863763e+00,1.309601e+00
2.739624e+00,3.212667e+00,2.357236e+00,5.504881e+00
1.018045e+00,4.624734e+00,3.199169e+00,4.142624e+00
4.271527e+00,1.771932e+00,4.820687e+00,3.451517e+00
3.813330e+00,1.648392e+00,1.962032e+00,2.825516e+00
2.943284e+00,5.035617e+00,3.381341e+00,2.180412e+00
4.854017e+00,2.238873e+00,4.196507e+00,1.767800e+00
1.903224e+00,2.714849e+00,2.278087e+00,9.243494e-01
5.244723e+00,5.148784e+00,2.007831e+00,3.030741e+00
4.718621e+00,2.309794e+00,1.349487e+00,5.047969e+00
5.730669e+00,4.881137e+00,4.618263e+00,3.996880e+00
3.961828e+00,3.550504e+00,3.907567e+00,1.684295e+00
3.583522e+00,2.325269e+00,4.101245e+00,1.547364e+00
2.178063e+00,5.336337e+00,4.238425e+00,2.424680e+00
2.900805e+00,1.393285e+00,3.080213e+00,7.278193e-01
2.278965e+00,5.267316e+00,1.921436e+00,-2.988465e-01
5.395069e+00,2.716675e+00,1.607633e+00,2.373966e+00
2.328708e+00,3.164959e+00,3.420693e+00,7.100300e+00
4.588416e+00,1.489502e+00,2.577114e+00,3.296058e+00
3.605856e+00,4.452138e+00,1.599470e+00,1.834291e+00
5.350015e+00,4.570676e+00,4.494908e+00,5.881298e+00
3.286101e+00,5.723999e+00,4.807868e+00,3.688389e+00
3.223010e+00,4.027340e+00,1.711525e+00,1.007969e+00
5.372980e+00,1.610829e+00,2.739928e+00,1.428494e+00
1.857522e+00,3.575425e+00,1.094623e+00,1.996339e+00
4.623414e+00,1.850599e+00,3.655701e+00,1.196792e+00
5.190787e+00,3.475055e+00,1.382956e+00,1.980187e+00
3.507484e+00,1.418509e+00,3.956442e+00,2.595382e+00
1.233677e+00,3.606231e+00,4.604250e+00,2.452829e+00
1.424317e+00,3.618892e+00,2.209927e+00,1.893768e+00
1.420122e+00,2.672427e+00,4.031092e+00,2.127983e+00
5.732240e+00,4.778192e+00,1.270159e+00,2.386399e+00
3.950336e+00,3.045353e+00,1.203135e+00,2.109935e+00
3.708354e+00,1.384761e+00,4.160834e+00,-3.040703e+00
1.209008e+00,3.170180e+00,4.404599e+00,-6.619004e+00
4.875666e+00,4.019595e+00,5.298759e+00,5.697893e+00
4.510217e+00,4.127847e+00,4.560094e+00,5.748869e-01
2.970059e+00,4.436561e+00,2.222651e+00,2.432540e+00
1.473887e+00,3.455395e+00,4.939387e+00,5.245550e+00
2.570122e+00,2.974161e+00,5.403215e+00,-9.409846e-01
4.202114e+00,5.033365e+00,4.789576e+00,1.945718e+00
3.512714e+00,3.284301e+00,2.154553e+00,5.157412e+00
3.898261e+00,4.061106e+00,4.717691e+00,3.199864e+00
3.009756e+00,4.374137e+00,5.565307e+00,-6.416390e-01
5.859227e+00,5.969561e+00,3.095315e+00,3.258291e-02
3.751055e+00,5.867082e+00,1.359786e+00,2.459632e+00
1.390907e+00,1.940231e+00,3.877091e+00,4.415615e-01
3.344938e+00,2.172429e+00,2.495673e+00,9.827620e-01
3.785681e+00,4.760667e+00,5.942017e+00,5.780185e+00
3.690225e+00,4.724860e+00,4.541225e+00,2.441353e+00
4.161041e+00,1.171674e+00,4.307895e+00,3.516198e+00
4.564038e+00,5.713724e+00,1.591379e+00,1.921124e+00
2.656371e+00,3.522432e+00,2.647759e+00,4.452689e-01
4.611905e+00,1.356736e+00,4.823529e+00,2.376926e+00
5.187875e+00,1.287129e+00,1.290581e+00,9.790837e-02
1.084738e+00,2.054655e+00,4.243088e+00,1.412123e+00
4.784152e+00,1.078387e+00,5.318276e+00,2.039826e+00
4.208935e+00,3.027381e+00,3.614941e+00,-3.046139e+00
4.630515e+00,3.059281e+00,3.875638e+00,1.559749e+00
4.134117e+00,1.733830e+00,4.995570e+00,6.511723e+00
5.851424e+00,5.314787e+00,5.951914e+00,4.720244e+00
2.865084e+00,5.323542e+00,4.061869e+00,4.255091e-01
4.843931e+00,1.358186e+00,4.508044e+00,2.659524e+00
5.770216e+00,3.282626e+00,3.480811e+00,2.689315e+00
5.766549e+00,4.492975e+00,3.615719e+00,1.424226e+00
3.039013e+00,2.116843e+00,1.316212e+00,1.293024e+00
3.079865e+00,3.137031e+00,4.125631e+00,2.613588e+00
5.751534e+00,3.103811e+00,3.190835e+00,2.174204e+00
3.513311e+00,5.517027e+00,4.139760e+00,4.414892e+00
1.659432e+00,4.998438e+00,1.553657e+00,3.382945e+00
3.023818e+00,2.846961e+00,3.081208e+00,4.969568e+00
3.139453e+00,4.111139e+00,4.477082e+00,1.526730e+00
3.728081e+00,1.193091e+00,1.923450e+00,4.449048e+00
5.425079e+00,3.338126e+00,3.060156e+00,3.917355e+00
4.448352e+00,3.025496e+00,3.746237e+00,-2.429234e-01
3.358945e+00,2.975704e+00,2.578600e+00,2.575536e+00
1.851987e+00,5.827407e+00,1.467696e+00,1.651388e+00
1.866505e+00,5.891028e+00,1.772687e+00,4.643389e+00
2.059813e+00,5.502315e+00,1.507391e+00,-1.071897e+00
1.366597e+00,5.366858e+00,5.858346e+00,3.733782e+00
4.543513e+00,5.975303e+00,5.005267e+00,3.980034e-01
4.266157e+00,3.373023e+00,1.831696e+00,5.151439e+00
4.747500e+00,3.510689e+00,4.208796e+00,-1.719804e-01
3.959986e+00,4.578895e+00,1.136624e+00,4.262119e-01
1.694096e+00,4.033257e+00,4.125057e+00,5.505060e+00
4.947208e+00,5.280735e+00,3.071896e+00,1.299949e+00
