3.528696e+00,3.060352e+00,3.190450e+00,-4.971868e+01
1.459372e+00,4.940182e+00,2.369870e+00,1.241921e+02
3.241254e+00,3.766912e+00,1.472899e+00,7.679958e+01
4.773260e+00,4.270019e+00,1.529617e+00,1.960268e+01
4.575471e+00,2.433486e+00,3.089965e+00,1.579680e+01
1.495545e+00,3.208274e+00,4.818039e+00,5.422452e+01
4.644372e+00,1.805473e+00,4.525285e+00,2.893978e+01
4.938036e+00,4.848640e+00,2.666418e+00,6.614398e+01
3.766751e+00,3.802582e+00,4.203577e+00,8.816002e+01
1.647448e+00,3.122685e+00,4.086351e+00,5.341704e+01
2.222848e+00,2.382725e+00,3.771883e+00,-5.753637e+01
3.853337e+00,2.518217e+00,4.103104e+00,1.244370e+01
1.012487e+00,4.425244e+00,2.236439e+00,5.163972e+01
1.734631e+00,1.768155e+00,2.506812e+00,7.614027e+01
4.592610e+00,4.512916e+00,2.363232e+00,5.321493e+01
4.404547e+00,1.616972e+00,3.210492e+00,-3.308142e+01
1.938275e+00,2.537567e+00,2.882970e+00,9.199358e+01
4.119497e+00,2.584773e+00,3.195871e+00,3.873335e+01
1.515156e+00,3.434228e+00,3.469559e+00,2.610334e+01
1.966188e+00,4.362882e+00,2.588508e+00,-3.435829e+01
1.879546e+00,4.605714e+00,2.811516e+00,1.216216e+02
3.874591e+00,3.965771e+00,3.695608e+00,1.032896e+02
4.413402e+00,3.453840e+00,2.928597e+00,3.006360e+01
2.531396e+00,1.660611e+00,4.670314e+00,-6.254608e-01
3.978290e+00,4.816334e+00,2.764149e+00,9.216526e+01
3.976214e+00,3.203829e+00,3.547584e+00,3.000636e+01
3.010292e+00,1.953176e+00,2.659946e+00,2.525158e+01
2.810741e+00,2.890259e+00,1.987791e+00,5.968610e+00
4.028113e+00,1.054238e+00,3.805375e+00,-3.058434e+01
4.812307e+00,3.689790e+00,2.264691e+00,-1.943005e+01
3.151398e+00,3.217530e+00,3.285001e+00,2.033101e+01
4.094748e+00,1.263001e+00,4.523574e+00,3.407047e+01
3.978670e+00,4.475970e+00,4.700677e+00,9.643780e+01
2.971951e+00,2.650659e+00,2.761594e+00,1.407029e+02
2.993386e+00,2.865322e+00,1.623690e+00,3.184679e+01
2.201771e+00,4.953121e+00,3.389179e+00,6.257207e+01
4.969128e+00,4.158027e+00,1.625255e+00,1.389128e+02
1.077177e+00,2.652048e+00,2.578217e+00,1.531989e+01
3.596081e+00,4.829329e+00,4.667012e+00,1.005432e+02
2.081993e+00,2.741231e+00,4.311302e+00,4.335190e+01
3.886271e+00,2.594681e+00,3.477003e+00,7.546380e+01
2.433026e+00,4.115543e+00,1.542667e+00,1.648392e+02
2.375379e+00,2.562133e+00,2.726535e+00,9.526404e+01
1.211613e+00,3.266727e+00,2.143013e+00,-2.615613e+01
2.122407e+00,2.707297e+00,3.253447e+00,3.653585e+01
1.813330e+00,2.479481e+00,4.289858e+00,-1.067925e+00
2.533436e+00,4.378207e+00,3.154329e+00,6.069590e+01
2.775128e+00,3.862236e+00,1.928974e+00,7.080530e+01
1.495203e+00,3.850166e+00,2.415624e+00,8.593236e+01
2.060376e+00,2.618112e+00,4.559131e+00,3.181347e+01
3.143304e+00,4.109379e+00,2.140321e+00,5.848008e+01
3.761644e+00,2.919350e+00,3.804980e+00,2.234169e+01
2.836599e+00,1.515817e+00,3.256179e+00,7.397849e+01
2.929728e+00,2.819437e+00,4.677100e+00,-3.816621e+01
4.591784e+00,4.618219e+00,1.186270e+00,1.230878e+02
3.676477e+00,1.734295e+00,2.230681e+00,9.307964e+01
3.799684e+00,4.449825e+00,4.432212e+00,6.601127e+01
1.424535e+00,2.648919e+00,1.811893e+00,9.324028e-01
1.429808e+00,4.374656e+00,4.900908e+00,6.331407e+01
2.687810e+00,4.690368e+00,2.603435e+00,1.222700e+02
1.072250e+00,2.588510e+00,2.787208e+00,1.915970e+01
1.358535e+00,3.605433e+00,1.811251e+00,2.492175e+01
2.872204e+00,4.751216e+00,1.345055e+00,5.909274e+01
3.439483e+00,2.191046e+00,2.744005e+00,4.848715e+01
3.091301e+00,1.179409e+00,1.243141e+00,1.574910e+01
4.162609e+00,2.402600e+00,3.996213e+00,5.284941e+01
2.364128e+00,3.857467e+00,3.214739e+00,4.723552e+01
4.618925e+00,3.984409e+00,4.642497e+00,5.342661e+01
3.215187e+00,1.694196e+00,1.511522e+00,6.751830e+01
4.918769e+00,1.036353e+00,4.795437e+00,-7.980693e-02
1.492355e+00,4.378778e+00,4.714274e+00,5.385478e+01
3.817273e+00,1.353317e+00,4.897201e+00,5.488874e+01
3.057032e+00,4.222768e+00,4.782847e+00,3.390680e+01
2.876775e+00,2.613716e+00,4.505935e+00,9.430082e+01
3.420061e+00,2.411968e+00,1.242742e+00,5.680434e+01
3.009556e+00,1.384244e+00,2.860051e+00,-5.987770e+00
3.489805e+00,1.346390e+00,1.300702e+00,2.097459e+01
4.489179e+00,4.422848e+00,3.147474e+00,4.086079e+01
4.834580e+00,2.001289e+00,3.257675e+00,4.041179e+01
2.316173e+00,3.239282e+00,3.758660e+00,-8.615812e+00
3.317482e+00,3.497685e+00,1.749588e+00,7.776470e+01
4.644727e+00,1.471066e+00,4.425730e+00,-2.780486e+01
2.661728e+00,2.120062e+00,3.924828e+00,5.594739e+01
1.183805e+00,1.785915e+00,3.091444e+00,9.657271e+01
4.774690e+00,2.337686e+00,2.404402e+00,5.673976e+01
3.255170e+00,3.045477e+00,3.033733e+00,6.481045e+01
2.103625e+00,4.884937e+00,1.869463e+00,9.788552e+01
3.411851e+00,4.229392e+00,1.101706e+00,7.901323e+01
3.400401e+00,4.343801e+00,3.682748e+00,4.377426e+01
4.775486e+00,3.611507e+00,4.718435e+00,4.582867e+01
4.647696e+00,3.801359e+00,4.811732e+00,-3.788493e+01
1.693303e+00,3.392412e+00,1.680205e+00,-2.940921e+01
2.069507e+00,4.628774e+00,4.305916e+00,2.293079e+01
2.986800e+00,3.746149e+00,4.500045e+00,4.711446e+01
4.660397e+00,2.484862e+00,4.668816e+00,4.163369e+01
4.097319e+00,2.400131e+00,2.375376e+00,3.242383e+01
4.822158e+00,3.027931e+00,4.592588e+00,3.634717e+01
2.763136e+00,3.602388e+00,2.763134e+00,3.110464e+01
2.620499e+00,4.631602e+00,1.674518e+00,5.513930e+01
4.506736e+00,2.624916e+00,4.605418e+00,-9.973735e+01
2.783222e+00,3.041041e+00,2.264840e+00,4.171818e+01
2.350566e+00,1.318366e+00,1.648209e+00,3.155151e+00
3.585178e+00,2.463167e+00,1.115834e+00,6.655239e+00
3.788454e+00,4.180881e+00,1.526413e+00,1.219471e+01
1.370009e+00,4.333278e+00,1.938051e+00,5.188208e+01
1.912820e+00,3.949103e+00,2.088971e+00,5.960080e+01
1.683681e+00,2.936520e+00,3.683016e+00,3.883736e+01
1.804181e+00,4.432869e+00,1.430026e+00,4.584706e+01
1.780370e+00,4.143098e+00,1.834596e+00,6.856840e+01
1.145169e+00,3.276302e+00,4.110742e+00,4.488516e+01
1.022207e+00,4.956133e+00,2.638047e+00,-4.458081e+01
1.207098e+00,2.572738e+00,4.536714e+00,5.179183e+01
2.273909e+00,4.976886e+00,2.680284e+00,1.263035e+01
3.777941e+00,1.948404e+00,1.596672e+00,3.804387e+01
4.429145e+00,1.390042e+00,2.242417e+00,1.906928e+01
3.433349e+00,3.513546e+00,2.102669e+00,1.031037e+02
1.371928e+00,1.588198e+00,3.353510e+00,8.152750e+01
4.528928e+00,3.423887e+00,4.543695e+00,1.443002e+02
4.801278e+00,1.685153e+00,4.924316e+00,7.355627e+00
1.295993e+00,1.059701e+00,4.664804e+00,1.092435e+01
4.672561e+00,2.905927e+00,1.372678e+00,-4.113505e+01
3.999694e+00,2.333019e+00,3.236358e+00,3.787587e+01
4.734466e+00,1.068436e+00,1.020316e+00,3.040741e+01
1.319580e+00,3.875814e+00,2.266043e+00,1.066526e+02
4.292559e+00,4.174741e+00,4.905218e+00,4.624762e+01
2.441871e+00,1.992111e+00,2.776312e+00,-1.069328e+01
3.202099e+00,1.113144e+00,1.319597e+00,2.955895e+00
2.406315e+00,2.066548e+00,1.463793e+00,6.346384e+01
4.740164e+00,3.798100e+00,2.074579e+00,2.432080e+01
1.221569e+00,3.198900e+00,3.465831e+00,-4.464619e+00
2.800038e+00,4.486891e+00,2.054299e+00,1.599250e-01
3.766519e+00,1.829668e+00,2.518410e+00,7.418856e+00
4.075918e+00,4.242495e+00,2.430227e+00,8.245174e+01
3.864891e+00,3.925761e+00,4.087506e+00,2.885178e+01
4.321380e+00,2.724228e+00,4.621862e+00,9.195671e+01
1.632183e+00,4.896024e+00,1.045761e+00,1.275967e+02
4.546043e+00,2.056044e+00,4.652180e+00,-2.051221e+00
2.280977e+00,2.492202e+00,3.264811e+00,2.030559e+01
3.540253e+00,2.812560e+00,1.435063e+00,4.147469e+01
3.937591e+00,2.043557e+00,4.223717e+00,4.141703e+01
4.058360e+00,2.890192e+00,4.676298e+00,2.093565e+01
2.437053e+00,3.442439e+00,1.633764e+00,8.036245e+01
2.033479e+00,3.414962e+00,1.276591e+00,6.433541e+01
3.256883e+00,2.117596e+00,3.301362e+00,-1.387314e+00
3.122064e+00,4.301518e+00,4.702480e+00,4.271590e+01
3.262245e+00,4.774654e+00,1.910492e+00,6.618627e+01
2.310098e+00,1.796701e+00,2.748843e+00,6.371845e+01
2.360143e+00,1.314274e+00,2.540070e+00,1.834935e+01
4.775106e+00,3.868171e+00,3.349429e+00,-4.337146e+01
2.269083e+00,4.226500e+00,1.664286e+00,-1.097380e+01
1.378580e+00,2.909365e+00,1.738780e+00,2.990103e+01
1.079328e+00,1.673046e+00,3.454104e+00,4.279613e+01
3.747008e+00,4.052157e+00,3.181288e+00,6.326836e+01
3.790645e+00,2.804112e+00,1.865488e+00,4.296148e+01
3.126633e+00,2.468998e+00,4.947259e+00,6.820822e+01
2.197751e+00,1.472172e+00,3.560797e+00,-5.376509e+01
2.333000e+00,3.126650e+00,4.497934e+00,8.434511e+00
3.685391e+00,4.421040e+00,3.115640e+00,9.894340e+01
1.997578e+00,3.900259e+00,4.011060e+00,5.321007e+01
3.178590e+00,3.581821e+00,2.966464e+00,4.569962e+01
4.506964e+00,3.224726e+00,2.155850e+00,7.100563e+01
2.038450e+00,2.382756e+00,2.530421e+00,7.491212e+00
3.503303e+00,1.159915e+00,3.053783e+00,2.007770e+01
3.537801e+00,2.375073e+00,1.921557e+00,4.991334e+01
3.463056e+00,2.436728e+00,2.834648e+00,7.022054e+01
1.018600e+00,2.039814e+00,4.343240e+00,-3.385284e+01
4.572697e+00,2.325935e+00,1.353895e+00,2.011055e+01
1.300630e+00,4.173273e+00,4.542744e+00,4.232617e+01
4.338361e+00,3.901406e+00,3.599477e+00,-1.922926e+01
2.796437e+00,1.737387e+00,2.380249e+00,1.598121e+01
2.871241e+00,1.534574e+00,3.731227e+00,-2.546929e+01
4.571979e+00,1.067517e+00,1.206393e+00,7.219404e+01
3.917666e+00,4.735320e+00,3.225794e+00,6.333461e+01
4.106371e+00,1.672484e+00,1.906507e+00,5.335535e+00
2.057304e+00,4.613937e+00,3.283353e+00,6.304067e+01
4.471914e+00,4.968519e+00,1.061017e+00,2.360039e+01
2.598129e+00,4.511937e+00,1.498608e+00,6.447477e+01
1.638164e+00,4.033918e+00,1.021303e+00,7.662778e+01
2.539263e+00,1.880328e+00,3.019843e+00,7.259073e+01
4.251141e+00,1.431041e+00,3.773329e+00,6.629516e+01
3.442041e+00,1.870372e+00,3.293887e+00,4.023693e+01
3.711888e+00,3.794521e+00,2.879401e+00,3.197145e+01
4.018863e+00,4.365362e+00,4.537320e+00,7.992487e+01
4.156507e+00,4.666231e+00,4.215516e+00,6.841584e+01
4.151970e+00,3.260117e+00,4.476040e+00,2.488307e+01
1.098033e+00,1.300366e+00,1.421263e+00,-6.925341e+00
4.948118e+00,3.469107e+00,1.800264e+00,6.781058e+01
3.220864e+00,2.916581e+00,4.373557e+00,-2.529696e+01
1.804070e+00,2.439907e+00,4.236804e+00,3.140029e+01
4.779651e+00,4.195154e+00,2.661042e+00,3.566005e+01
2.712565e+00,1.237257e+00,2.207872e+00,-2.264673e+01
3.578694e+00,4.806075e+00,4.474971e+00,9.983467e+01
3.631020e+00,4.651389e+00,2.280304e+00,1.276837e+02
4.067775e+00,3.800651e+00,1.368795e+00,1.050038e+02
3.700855e+00,1.518486e+00,2.496264e+00,1.224293e+02
3.065689e+00,4.397292e+00,1.597916e+00,7.459523e+01
2.010288e+00,3.847214e+00,1.266812e+00,8.772580e+01
1.372129e+00,3.338731e+00,2.963096e+00,9.246480e+01
4.716044e+00,4.067860e+00,4.300409e+00,8.691662e+01
4.255782e+00,2.043156e+00,1.611377e+00,7.003753e+01
