1.797483e+00,3.330804e+00,3.345712e+00
1.128888e+00,4.015555e+00,1.470832e+00
2.970943e+00,1.219706e+00,1.457483e+00
3.689291e+00,4.135636e+00,1.464986e+00
4.256851e+00,2.844441e+00,3.678024e+00
1.346252e+00,2.409420e+00,1.578441e+00
3.597979e+00,2.292251e+00,1.359734e+00
3.909937e+00,2.830767e+00,1.880861e+00
8.017861e-01,4.415780e+00,2.717434e+00
2.493882e+00,2.897738e+00,1.109096e+00
3.721013e+00,3.799047e+00,3.371878e+00
1.579361e+00,3.558906e+00,9.158475e-01
8.740714e-01,2.495591e+00,-8.174823e-02
4.225018e+00,4.857152e-01,1.129518e-01
4.778608e+00,4.233208e+00,4.128986e+00
2.222894e+00,1.213931e+00,-8.847377e-01
3.076502e+00,5.211126e-01,1.304859e+00
4.860033e+00,4.408178e+00,1.470012e+00
4.086080e+00,2.663383e+00,2.684585e+00
1.673822e+00,1.119301e+00,1.714210e+00
3.834022e+00,4.670418e+00,2.850826e+00
1.770344e-02,2.153875e+00,-5.737970e-02
9.578289e-01,4.475145e+00,1.204729e+00
3.239457e+00,1.026282e+00,5.200833e-01
4.761024e+00,9.304379e-01,1.176102e+00
3.447447e+00,4.253786e+00,3.117968e+00
3.555889e+00,3.308485e+00,1.148435e+00
1.463496e+00,1.348755e-01,8.471161e-01
7.628054e-01,2.848666e+00,2.487154e+00
5.255275e-01,4.873968e-01,1.424684e+00
3.425883e+00,4.742278e+00,2.256391e+00
2.292308e+00,2.827731e+00,6.579898e-01
3.310632e-01,4.362910e+00,2.548178e+00
4.411567e+00,2.861469e+00,2.546005e+00
3.100716e+00,3.195750e+00,2.734288e+00
4.497611e+00,5.352171e-01,-3.246409e-04
4.407658e+00,2.981141e+00,2.490493e+00
3.807028e+00,2.587452e+00,1.231739e+00
2.429769e+00,1.788275e+00,2.844152e+00
8.562719e-01,1.503410e+00,-3.510530e-01
1.437321e+00,4.015148e+00,7.616981e-01
2.013043e+00,3.522348e+00,1.385998e+00
4.323045e+00,7.453914e-01,1.716371e+00
5.931969e-01,2.975597e+00,1.705602e+00
3.356965e+00,3.760461e+00,-2.149777e-01
9.028089e-02,8.678369e-01,-4.029072e-01
1.353241e+00,6.865842e-01,-1.889285e+00
1.951969e+00,3.294080e+00,1.498736e+00
3.099993e+00,3.618610e+00,1.815155e-01
1.142008e+00,1.775526e-01,8.359954e-01
1.751003e+00,4.485522e+00,-1.170880e+00
3.519210e+00,4.575327e+00,4.164747e-01
3.076181e-01,4.086924e+00,1.913007e+00
3.101974e+00,1.787669e+00,3.945479e+00
1.533867e+00,3.766628e+00,3.356406e+00
4.574118e+00,4.077859e+00,4.521742e+00
3.925926e+00,1.632142e+00,3.365571e+00
3.053149e-01,3.442085e+00,1.954361e+00
3.418767e+00,2.273978e+00,3.650070e+00
3.725972e+00,2.710942e+00,-8.979452e-01
2.184762e+00,2.116492e+00,1.646347e+00
2.250110e+00,7.076841e-01,-1.015463e+00
4.060126e+00,7.076909e-01,2.387801e+00
4.804858e+00,1.115384e+00,9.236352e-01
2.596610e+00,4.344243e-01,9.510414e-01
3.284325e+00,2.274248e+00,3.468912e+00
4.419613e-01,2.085311e+00,4.312890e-01
4.818480e+00,4.621190e+00,1.703611e+00
3.529966e+00,3.129483e+00,1.023889e+00
3.698400e+00,4.139530e+00,2.341927e+00
2.401190e+00,3.419555e+00,2.829528e+00
1.048543e+00,3.835377e+00,1.011446e+00
7.090914e-01,1.252796e+00,-9.219320e-01
4.872673e-01,1.228504e+00,9.606159e-02
8.774898e-01,4.199028e-01,1.561055e+00
3.954329e+00,3.362889e+00,5.105415e+00
4.417788e-02,7.008729e-02,-9.185039e-01
2.399992e+00,2.465052e+00,1.926054e+00
1.033576e+00,1.621445e+00,2.608239e+00
1.286305e+00,3.916416e+00,8.561628e-01
4.247900e+00,4.593461e+00,1.546217e+00
4.161856e+00,1.504318e+00,2.370133e+00
2.134147e+00,4.701654e+00,1.507383e+00
3.811631e+00,2.544209e+00,2.560403e+00
1.929050e+00,4.583844e+00,3.019967e+00
4.477307e+00,1.453535e+00,6.119720e-01
1.314617e+00,2.440297e+00,1.806222e+00
4.785818e+00,1.982002e+00,-1.440769e+00
5.349248e-01,2.572899e+00,2.779035e-01
2.071444e+00,4.119449e+00,1.122606e+00
3.861476e+00,3.204428e+00,6.990236e-01
3.050982e+00,1.814874e+00,3.031706e-01
2.788810e+00,1.985782e+00,3.804887e+00
6.783394e-01,1.528301e+00,3.242454e+00
3.327778e+00,2.540924e+00,3.613268e+00
9.488489e-01,1.701037e+00,7.789003e-01
1.889734e+00,4.226696e+00,2.815281e+00
4.736468e+00,2.642226e+00,1.492397e+00
5.119397e-01,4.461198e+00,2.512778e+00
4.180787e+00,2.569108e+00,3.178715e-01
7.797427e-01,4.523716e+00,2.205382e+00
3.737516e+00,3.401553e+00,3.046200e+00
2.111594e+00,2.796693e+00,-4.628059e-01
1.163166e+00,3.246904e+00,7.676081e-01
4.244617e+00,1.292090e-01,-9.155355e-01
9.676048e-01,1.491386e+00,6.948620e-01
4.900214e-01,3.102537e+00,1.681846e+00
1.522796e+00,3.534410e+00,3.248863e+00
1.063997e-01,3.896285e-01,1.887619e+00
7.825449e-02,3.907645e+00,1.859464e+00
2.640738e+00,4.804301e-02,5.353468e-01
3.558648e+00,6.665386e-01,1.288007e+00
2.255801e+00,8.416491e-01,1.251323e+00
2.434334e+00,3.251822e+00,1.048872e+00
1.048447e-01,1.869834e+00,2.923582e+00
2.859069e+00,4.365226e+00,2.512355e-02
3.421891e+00,4.654929e+00,1.616515e+00
3.644382e+00,4.397921e+00,-1.151943e+00
3.390699e+00,2.478687e+00,1.832980e+00
2.450591e+00,3.231274e+00,2.662744e+00
3.859593e+00,1.550499e-03,6.402179e-01
7.977077e-01,4.672024e+00,1.312165e+00
3.489161e-01,3.617358e+00,-3.372426e-02
3.416924e+00,9.781906e-01,6.593131e-01
2.988819e+00,4.057857e+00,2.506317e+00
3.021320e+00,3.534375e+00,4.077081e+00
4.586375e+00,3.666088e+00,2.653519e+00
3.832144e+00,4.346759e+00,2.696607e+00
4.379431e+00,2.144381e+00,1.952611e+00
3.036588e+00,1.324902e+00,5.458549e-02
1.751748e+00,1.416465e+00,2.677868e+00
3.173379e+00,4.559836e+00,4.429713e-01
3.097068e+00,2.564163e+00,2.570533e+00
1.528567e+00,3.605884e+00,2.465822e+00
4.855356e+00,2.152207e-01,-5.866339e-01
4.177561e+00,3.235292e+00,2.367797e+00
3.921731e+00,3.350278e+00,3.509866e+00
5.989695e-01,8.824252e-01,6.267005e-01
2.479910e-02,2.201569e+00,-9.442597e-01
2.125373e+00,1.549814e+00,6.488222e-01
7.017859e-01,2.566128e+00,3.780786e+00
1.181428e+00,5.508556e-01,-2.071134e-01
1.796433e+00,4.101328e+00,3.375593e-01
2.342767e+00,4.217391e+00,4.325772e+00
4.059188e+00,9.568550e-01,1.088112e+00
2.521051e+00,1.200670e+00,-7.690946e-01
1.923975e+00,2.433332e+00,1.775924e+00
1.952928e-01,1.228750e+00,1.893976e+00
2.027825e+00,1.600139e+00,1.480608e+00
1.798242e-01,2.429466e+00,8.579274e-01
4.854026e+00,3.269247e+00,9.264038e-01
1.699292e+00,4.695949e+00,1.814848e+00
3.858594e-01,1.739862e+00,2.119851e+00
3.642646e+00,3.833217e+00,1.030132e+00
4.322360e+00,1.544495e+00,1.744751e+00
2.930897e+00,2.089424e-01,-4.020237e-01
1.605667e+00,8.987266e-01,-1.545460e+00
1.239216e+00,3.527296e+00,3.589073e+00
4.979410e+00,7.623483e-01,1.245423e+00
3.866182e+00,1.489168e+00,4.143537e+00
4.766881e+00,7.373925e-01,2.133883e+00
3.935404e+00,4.465676e+00,2.299996e+00
3.701173e+00,4.133908e+00,1.064711e+00
3.340102e+00,9.866004e-01,1.106152e+00
9.460113e-02,3.436255e+00,2.324806e+00
4.999348e+00,1.579735e+00,1.314579e+00
2.078136e-01,3.556438e+00,3.978412e-01
9.699342e-01,2.263716e+00,2.235611e+00
4.823057e+00,3.346232e+00,2.318378e-01
1.566419e+00,2.015340e+00,2.167961e+00
3.639248e+00,2.598617e+00,2.423613e+00
2.802788e-01,4.129452e+00,2.968885e+00
3.684958e+00,4.906140e-01,2.513696e+00
8.419668e-01,4.325189e+00,3.005626e+00
1.322818e+00,2.489147e+00,8.053534e-02
2.326962e+00,2.464032e+00,1.400379e+00
7.236101e-01,4.365329e+00,1.318027e+00
2.627711e+00,4.489654e+00,-6.546326e-01
3.598720e+00,1.594831e+00,4.873883e+00
6.882163e-01,2.957716e+00,1.916977e+00
2.459122e+00,2.027019e-01,5.886118e-01
4.301401e+00,3.470945e+00,-7.393947e-01
7.338638e-01,1.488584e+00,-4.586350e-01
2.486901e+00,9.664875e-01,3.155480e+00
2.475172e+00,4.970662e+00,4.900008e+00
2.380737e+00,1.764733e+00,2.261889e+00
2.852828e+00,1.068134e+00,9.544959e-01
2.713556e+00,4.103204e-01,1.704036e+00
4.659573e+00,3.244883e+00,2.932483e+00
7.917075e-01,4.148615e+00,3.447348e+00
4.246352e+00,1.178822e+00,1.606890e+00
2.869748e+00,8.138447e-01,2.013180e+00
1.815237e+00,1.341059e+00,-3.306047e-01
5.485802e-01,1.592284e+00,1.860227e+00
2.776085e+00,4.201378e+00,4.528056e+00
4.675009e-01,5.335089e-01,2.288497e+00
3.145099e+00,2.411072e+00,4.718676e+00
2.310184e+00,4.232474e-02,1.151232e+00
4.007338e+00,2.662088e-01,3.995478e+00
4.812925e+00,8.879464e-01,-1.645530e+00
