3.822559e+00,3.278892e+00,3.241601e+00,6.757683e+00
4.781424e+00,3.289711e+00,1.423192e+00,5.583380e+00
4.883500e-01,9.200957e-01,5.851713e+00,3.523134e+01
2.081405e+00,1.610217e+00,5.815589e+00,9.053385e+00
4.669829e+00,3.215956e+00,1.554094e+00,-8.261447e+00
2.893829e+00,5.043130e+00,1.747170e-01,1.178803e+01
1.455376e+00,2.595231e+00,8.563534e-01,-7.583993e+00
8.703538e-01,3.420180e+00,3.475634e+00,-1.434690e+00
3.537689e+00,3.537669e+00,4.077841e-01,-8.563560e-01
5.360999e+00,3.792579e+00,1.610609e+00,-1.053663e+01
5.149878e+00,2.560157e+00,1.854584e+00,-1.537775e-01
6.078227e-01,5.360925e+00,3.938208e+00,1.203652e+01
5.867466e+00,3.247313e+00,5.978855e+00,3.957611e+01
4.262903e+00,1.873910e+00,2.759875e+00,1.170763e+01
5.600752e+00,9.119685e-01,2.039888e+00,1.979068e+01
1.436600e+00,1.746693e+00,4.193540e-01,-1.502251e+01
1.338264e-01,5.255323e+00,2.113362e+00,8.379752e+00
3.015651e+00,1.276244e+00,1.841063e+00,-1.864938e+00
2.343099e-02,3.091540e+00,4.694295e+00,-3.536565e+00
4.518060e+00,3.790965e+00,1.276664e+00,1.454240e+01
1.378878e+00,1.932909e+00,1.188352e+00,-2.120519e+01
3.809709e+00,3.541954e-01,5.284310e+00,2.214843e+01
3.168186e+00,3.774133e+00,5.066643e+00,3.081801e+01
2.826783e+00,5.002592e+00,4.591345e+00,-3.741888e+00
2.392327e-01,5.843566e+00,1.171901e+00,-7.675017e-01
5.417905e+00,1.287595e+00,5.892317e+00,3.589447e+01
3.628583e+00,6.394484e-01,5.515230e+00,2.526197e+01
3.056732e+00,1.741819e-01,7.376671e-01,-6.694937e+00
3.838801e+00,8.776495e-01,4.678630e-01,-3.113962e+00
5.481834e+00,1.439231e+00,3.724700e+00,1.735484e+01
5.444709e+00,4.485961e+00,2.147473e+00,3.187249e+00
4.235364e+00,1.315595e+00,3.814176e+00,8.320758e+00
5.194147e+00,2.723108e+00,1.575275e+00,-3.785145e+00
1.520200e+00,3.420694e+00,3.559505e+00,2.103825e+01
2.422078e+00,3.173966e+00,1.815201e+00,-1.607761e+01
2.218980e+00,4.740011e+00,1.550306e+00,-1.110043e+01
5.608367e+00,2.937311e+00,8.567920e-01,1.041820e+01
5.097570e+00,4.551393e+00,5.235810e+00,1.814593e+01
5.370957e+00,8.902458e-01,3.370453e+00,-7.221122e+00
1.147010e+00,1.233811e+00,2.339754e+00,1.990849e+01
3.843677e+00,5.670010e+00,4.376301e+00,1.912864e+01
4.058986e+00,2.803309e-01,1.818685e+00,6.271895e+00
3.288847e-01,5.676312e+00,7.007361e-01,7.680377e+00
2.634081e+00,5.722297e+00,4.962010e+00,1.447044e+01
5.800533e+00,1.112044e+00,4.355784e+00,2.441405e+01
7.831291e-01,3.346624e+00,1.207117e+00,-6.940539e+00
2.113210e+00,4.128698e+00,5.921644e+00,3.013929e+01
3.629054e+00,4.077999e+00,2.386283e+00,1.905535e+01
4.837797e+00,4.076232e+00,5.000418e+00,4.228933e+01
3.124908e+00,4.383602e+00,3.094280e+00,1.407719e+01
1.061724e+00,8.121158e-01,5.329636e+00,9.121482e+00
1.829702e+00,5.980295e+00,3.085991e+00,2.246860e+01
3.050354e+00,5.216984e-01,5.620051e+00,2.829735e+01
2.973288e+00,4.960383e+00,1.493941e+00,1.797336e+01
3.194784e+00,1.238411e+00,2.139111e+00,-1.762355e+01
5.429465e+00,6.905054e-01,3.222809e+00,5.740600e+00
5.045947e+00,2.427636e-01,4.622766e+00,2.540010e+01
4.609153e+00,9.290183e-01,5.782002e+00,1.956174e+01
4.810451e+00,5.413731e+00,4.104309e+00,1.208110e+01
1.986342e+00,4.409989e+00,3.556587e+00,-1.196687e+01
1.840970e+00,4.478075e+00,4.098343e+00,2.581651e+01
3.861661e+00,2.543098e+00,3.917389e+00,1.206513e+01
1.959895e+00,3.313176e+00,5.864317e+00,1.675153e+01
3.049372e+00,1.896232e+00,4.583473e+00,8.248501e+00
5.127081e+00,1.171984e-01,2.607907e+00,3.195438e+01
3.479283e+00,5.564592e+00,5.975803e+00,3.934538e+01
2.950237e+00,5.008249e+00,5.743447e+00,3.122731e+01
2.112848e+00,2.711213e+00,1.182613e+00,-1.098865e+01
4.855870e+00,4.847180e+00,4.205108e+00,2.663518e+01
5.245181e+00,5.132189e+00,4.933501e+00,6.271311e+00
2.097127e-01,5.805399e+00,4.720123e+00,-4.602784e+00
5.737903e+00,2.436845e+00,3.638068e+00,7.607563e+00
4.228546e-01,2.280423e+00,3.554414e+00,2.563501e+00
3.484972e+00,1.612826e+00,5.823261e-02,1.279880e+01
3.848549e+00,5.101084e+00,1.192852e+00,-1.653094e+01
4.187953e+00,2.474294e+00,4.107572e+00,-5.946341e+00
2.946223e+00,1.637620e+00,3.698869e+00,6.594356e+00
5.107503e+00,4.132396e+00,4.822526e+00,3.695631e+01
5.383264e+00,5.121162e+00,1.328648e+00,-9.947953e+00
4.534587e-01,3.823871e-01,2.902152e+00,-5.122102e+00
4.052195e-01,1.723495e+00,3.905240e+00,1.934400e+01
2.362562e+00,4.199139e+00,7.655985e-01,-8.179208e+00
2.185056e+00,1.231341e+00,1.843291e+00,-1.456148e+01
3.856961e+00,1.641087e+00,3.636911e+00,2.485606e+01
3.655952e+00,3.368694e+00,5.691152e+00,2.534305e+01
3.197940e-01,3.067336e+00,1.744940e-01,-7.054845e+00
5.125252e+00,5.290169e+00,2.390939e+00,1.717048e+01
1.804645e+00,2.282288e+00,4.969582e+00,5.749394e+00
2.323440e+00,5.930531e+00,1.693013e+00,2.165834e+00
5.390533e+00,4.049462e+00,1.737212e+00,7.903301e+00
5.912045e+00,5.621907e+00,1.132408e+00,5.396388e+00
5.853609e+00,1.883537e+00,3.372856e+00,2.113350e+01
3.457276e+00,1.154436e+00,2.679012e+00,1.812511e+01
6.306648e-01,3.760598e+00,4.367959e+00,3.369540e+01
4.751518e+00,3.366208e+00,4.673913e+00,1.894729e+01
2.165181e+00,1.792308e+00,4.109825e+00,-4.943418e+00
2.385394e+00,3.442247e+00,5.750843e+00,2.480445e+01
5.960695e+00,5.493126e+00,5.154846e+00,2.085418e+01
3.386299e+00,5.600161e+00,1.942670e-01,-3.200164e+01
4.490767e+00,4.366913e+00,8.001619e-02,-3.608632e+00
2.649357e+00,5.407323e+00,4.324695e+00,3.362622e+01
2.197351e+00,1.329727e+00,5.711272e+00,2.774698e+01
2.096541e+00,4.141371e+00,2.392200e+00,1.430360e+01
3.653115e+00,2.527744e+00,3.812772e+00,1.731585e+01
2.620958e+00,2.189847e+00,3.240684e+00,-1.127603e+01
7.261462e-01,7.697725e-01,4.104242e+00,1.986703e+01
5.770062e+00,4.603015e+00,1.897174e+00,1.670441e+01
2.947825e+00,8.590107e-01,4.006292e+00,1.830913e+01
2.959025e+00,3.406992e+00,2.197181e+00,7.517308e+00
2.921251e+00,2.800656e+00,3.291832e+00,7.087892e+00
5.228668e+00,4.180875e+00,2.638714e+00,1.340528e+01
4.814922e+00,1.049625e+00,5.174819e+00,3.535941e+01
5.894847e+00,4.462438e+00,5.077420e-02,-4.178091e+00
5.094799e+00,3.452810e+00,2.067842e+00,2.119238e+01
9.985750e-02,4.576284e-01,2.218732e+00,8.667958e+00
2.207327e+00,5.081327e+00,3.388199e+00,5.259626e+00
2.570514e-02,3.583356e+00,3.501260e+00,3.141083e+01
1.143631e+00,5.770229e+00,2.829095e-01,2.971093e+00
4.728339e+00,5.022454e+00,5.706793e+00,3.308390e+01
2.279274e+00,1.406903e+00,3.827855e+00,1.063611e+01
3.837693e+00,4.260445e+00,5.793127e+00,1.677320e+01
1.212647e+00,5.046611e-01,5.848603e+00,1.946123e+00
5.563670e+00,5.748901e+00,3.386615e+00,1.806379e+01
1.784617e+00,1.058219e+00,5.101248e+00,2.357045e+01
3.660469e+00,3.825204e+00,2.137323e+00,1.055465e+01
9.162613e-01,4.434195e+00,5.140336e+00,3.076532e+01
1.962383e-01,4.346309e-01,3.170686e+00,-5.872735e+00
4.132903e+00,3.443800e+00,4.963115e+00,-4.748686e+00
8.916129e-01,9.685679e-01,1.158500e+00,8.493158e+00
5.564644e+00,4.879229e+00,2.888791e+00,3.433745e+01
3.997946e+00,4.085435e-01,4.998124e+00,2.126911e+01
5.136337e+00,5.386098e+00,1.731530e+00,1.233389e+01
9.231380e-01,2.320828e+00,4.356713e+00,3.219792e-01
1.368073e+00,9.401638e-01,4.955805e+00,2.267599e+01
5.809299e+00,5.495936e+00,5.643015e+00,3.009815e+01
3.263371e+00,4.911178e+00,7.116446e-01,-8.787398e+00
2.511788e+00,3.896470e+00,1.748897e+00,-1.617876e+01
5.687772e+00,4.623348e+00,1.002242e-01,2.690943e+01
4.215487e+00,4.876814e+00,1.380646e+00,1.162111e+01
3.595107e+00,4.757991e+00,5.436059e+00,3.391912e+01
4.873113e+00,7.760048e-01,6.076699e-01,-4.737025e+00
2.260508e+00,5.177816e+00,6.118955e-01,-1.130169e+00
3.397697e+00,4.615018e+00,1.818092e+00,-1.248522e+01
6.234544e-01,2.948743e+00,5.640528e+00,4.410833e+01
4.012622e-01,3.354477e+00,5.741117e+00,1.708984e+01
4.617313e+00,9.443500e-01,4.789210e+00,5.008055e+01
5.562831e+00,1.027183e+00,2.687319e-01,1.984668e+01
3.798362e-02,4.637287e+00,5.670303e+00,3.624530e+01
5.067342e-01,5.298039e+00,1.703947e+00,-7.104106e+00
2.124178e+00,5.242171e+00,5.173984e+00,3.033300e+01
1.297769e+00,4.515089e+00,4.603154e+00,3.358287e+01
2.178528e-01,1.867507e+00,5.185306e+00,3.077383e+01
5.427502e-01,2.148682e+00,5.772048e+00,1.061486e+01
3.710509e+00,2.894696e+00,1.817891e+00,4.263605e+01
5.151003e+00,4.774377e+00,1.401585e+00,3.225512e+01
4.659394e+00,3.312707e+00,5.690663e+00,3.246301e+01
3.484142e+00,1.297555e+00,2.897232e+00,3.209583e+01
3.861324e+00,8.656524e-03,1.175408e+00,1.219662e+01
1.728704e-01,5.198946e+00,3.872907e+00,2.620303e+00
3.073485e+00,8.769457e-01,4.604755e+00,2.332872e+00
5.295656e+00,1.094535e+00,5.283850e-01,-6.926470e+00
3.836129e+00,2.287247e+00,6.507621e-02,2.212030e+00
5.735237e+00,1.852242e-01,5.629521e+00,2.049960e+01
7.835867e-01,3.319719e+00,4.490153e+00,2.059752e+01
5.880717e+00,3.225452e+00,4.955128e-01,1.119319e+01
1.800717e+00,1.179561e+00,3.139110e+00,2.249766e+01
2.668788e+00,1.673476e+00,2.602284e-01,4.717907e+00
1.051240e-01,2.645196e+00,1.580920e+00,3.218968e+01
3.222848e+00,5.755393e+00,4.037520e+00,2.710140e+01
3.803882e+00,3.452373e+00,3.250375e+00,2.705618e+01
2.480602e+00,3.396771e+00,2.087041e+00,-1.121681e+01
2.721149e+00,5.451121e+00,3.276717e+00,1.705444e+01
7.453246e-01,1.346226e+00,4.467059e+00,3.221892e+01
3.140396e+00,8.674922e-01,1.556735e+00,1.307092e+01
4.113659e+00,5.522197e+00,3.670161e+00,2.746249e+01
5.625974e+00,2.316746e+00,5.143563e+00,2.149006e+01
1.167838e-01,4.045702e+00,4.174071e+00,1.501057e+01
4.810650e+00,4.859138e+00,1.323084e-01,4.501289e+00
1.171489e+00,2.996053e+00,1.054336e+00,-9.453620e+00
3.703819e+00,5.936201e-01,1.755485e+00,-6.297378e+00
1.152664e+00,5.426290e+00,4.934251e+00,2.466344e+01
2.602603e+00,2.810877e+00,3.984695e+00,2.684486e+01
1.190003e+00,3.919114e+00,3.172076e-01,5.493316e-01
4.191781e+00,2.367835e+00,1.100595e+00,-1.430407e+01
4.850247e+00,4.554937e+00,1.873409e+00,-3.435163e+00
5.941779e+00,1.778760e+00,5.001824e+00,4.599127e+01
3.339973e+00,3.557217e+00,1.966673e+00,1.766707e+01
4.418829e+00,3.375283e+00,5.220599e-01,2.268276e+01
2.997083e+00,1.310924e-01,1.048497e+00,-8.295989e+00
5.260808e+00,3.810476e+00,1.471614e+00,3.016746e+01
4.337747e+00,4.080877e+00,1.580116e+00,4.380317e+00
5.351134e+00,2.619882e+00,4.852690e+00,-8.778963e-01
4.817274e+00,5.277980e+00,5.261945e-02,-1.969318e+00
3.974765e+00,5.104434e+00,4.612569e+00,2.807475e+01
5.978632e+00,5.619293e+00,2.205680e+00,2.272202e+01
3.602030e+00,5.646200e+00,4.105661e+00,2.074805e+00
4.217541e+00,1.411754e+00,2.658848e+00,6.157487e+00
2.924983e+00,5.166779e+00,3.650731e+00,3.660950e+00
2.814048e+00,1.663941e+00,4.899765e+00,4.372082e+00
1.154916e+00,5.695889e+00,3.088397e+00,-4.388210e+00
