4.752501e+00,4.580822e+00,1.490892e-01
2.707612e+00,1.340043e+00,-9.120796e-01
4.840739e+00,3.963623e+00,1.693560e+00
1.700752e+00,3.371206e+00,5.213369e-01
1.896884e+00,1.016196e+00,1.523474e+00
4.815596e+00,2.171183e+00,-1.235414e+00
4.384948e+00,2.844383e+00,-2.214135e-01
1.944917e+00,3.326193e+00,-2.933891e-01
2.207384e+00,1.873052e+00,-2.779966e+00
3.786876e+00,1.673621e+00,1.673280e+00
2.312547e+00,1.265923e+00,-3.216534e-01
4.045234e+00,1.078737e+00,4.386887e+00
3.417939e+00,2.605654e+00,-3.505061e-01
4.212889e+00,4.606494e+00,1.403463e+00
1.392979e+00,3.960789e+00,3.243175e+00
3.139901e+00,1.318908e+00,1.638167e+00
2.922789e+00,4.974459e+00,-2.043243e+00
3.534397e+00,3.846769e+00,3.595752e+00
3.447937e+00,4.322105e+00,2.924795e+00
3.110105e+00,3.628220e+00,2.018482e+00
4.911083e+00,1.964013e+00,-1.965417e+00
3.644014e+00,3.726398e+00,4.786379e+00
1.347282e+00,3.789451e+00,3.494388e+00
1.493954e+00,4.193070e+00,2.751634e+00
1.977138e+00,1.611648e+00,-1.246718e+00
4.742952e+00,4.604178e+00,9.841627e-01
3.467656e+00,4.931174e+00,1.329041e+00
2.992684e+00,2.876680e+00,-8.331210e-01
1.694577e+00,2.255825e+00,-2.297628e+00
3.003500e+00,3.766086e+00,1.208144e+00
4.872773e+00,3.441459e+00,1.109487e+00
4.211895e+00,1.735100e+00,1.372666e+00
1.234436e+00,1.659467e+00,1.598057e+00
3.321956e+00,2.787436e+00,-2.355387e-01
3.646341e+00,1.713729e+00,1.130789e+00
1.755702e+00,1.777975e+00,-1.132303e+00
1.302500e+00,1.309489e+00,2.366604e+00
1.085147e+00,3.808734e+00,3.841961e+00
4.941974e+00,1.250314e+00,1.240009e-01
1.685343e+00,4.123155e+00,1.776357e+00
4.727563e+00,1.013145e+00,1.767015e+00
4.112123e+00,3.475093e+00,3.402241e+00
1.547584e+00,1.986859e+00,-1.572895e+00
4.846108e+00,3.433864e+00,8.506886e-01
1.977675e+00,3.679675e+00,1.075144e+00
1.293178e+00,2.605227e+00,3.178142e-01
1.233640e+00,2.433239e+00,-7.773034e-01
3.599148e+00,4.387453e+00,3.115156e+00
1.341894e+00,1.071227e+00,2.807441e+00
1.991176e+00,1.706375e+00,-1.736408e+00
1.972431e+00,4.181016e+00,3.281508e-01
4.130948e+00,3.693955e+00,4.093372e+00
4.024555e+00,2.619321e+00,4.624425e-01
4.884876e+00,4.464493e+00,8.459779e-01
3.273586e+00,2.822474e+00,-4.975552e-01
2.657611e+00,4.500256e+00,1.488602e-02
2.253974e+00,1.279392e+00,6.213275e-02
3.347048e+00,4.435251e+00,2.003442e+00
1.410931e+00,3.500632e+00,1.813662e+00
3.449021e+00,1.192059e+00,2.251446e+00
2.808924e+00,4.482965e+00,-4.995762e-02
3.134622e+00,4.478446e+00,1.058524e+00
4.489844e+00,2.437496e+00,-4.899651e-01
1.481385e+00,2.285339e+00,-1.595959e+00
3.399827e+00,2.251283e+00,-9.258142e-01
2.750834e+00,2.719373e+00,-2.936727e+00
1.899335e+00,4.345807e+00,6.543912e-01
3.569754e+00,2.753482e+00,5.079587e-01
2.091727e+00,1.249124e+00,1.082852e-01
1.346396e+00,4.514066e+00,2.005035e+00
1.837968e+00,4.737249e+00,-6.783569e-01
3.606847e+00,2.967876e+00,1.574217e+00
2.298825e+00,2.657399e+00,-3.300911e+00
3.558325e+00,3.135639e+00,1.326133e+00
4.052154e+00,4.694112e+00,2.272754e+00
2.504969e+00,1.147419e+00,1.409428e-01
2.105175e+00,2.149916e+00,-2.817340e+00
3.251331e+00,1.984925e+00,-7.289353e-01
2.507188e+00,1.027230e+00,-1.347706e-01
2.497222e+00,3.476467e+00,-2.669979e-01
1.027950e+00,3.459545e+00,3.191268e+00
3.403869e+00,4.333987e+00,2.372168e+00
4.843379e+00,3.607731e+00,1.179970e+00
1.086993e+00,4.731473e+00,1.429092e+00
2.635836e+00,3.983620e+00,1.574668e-01
4.350848e+00,4.280809e+00,3.277369e+00
2.421566e+00,3.276566e+00,-5.363204e-01
4.391350e+00,4.195948e+00,2.784877e+00
3.054433e+00,2.457839e+00,-1.917203e+00
2.941218e+00,1.763332e+00,-8.827381e-01
2.661503e+00,4.581287e+00,-1.151993e+00
4.015472e+00,2.199350e+00,-4.464088e-01
3.292987e+00,2.048485e+00,-3.750531e-01
1.860533e+00,3.700644e+00,1.130343e+00
1.679768e+00,4.476394e+00,6.135263e-01
4.770811e+00,1.377834e+00,2.946202e-01
4.776203e+00,3.803608e+00,1.949803e+00
2.099921e+00,1.484434e+00,-9.497781e-01
2.988230e+00,2.605165e+00,-2.253329e+00
1.955467e+00,2.597851e+00,-2.782510e+00
1.816581e+00,2.799730e+00,-1.638169e+00
2.154757e+00,2.539442e+00,-3.251737e+00
2.062461e+00,3.967196e+00,5.361271e-01
2.633420e+00,3.231270e+00,-1.707015e+00
2.077019e+00,3.492762e+00,1.221354e-02
2.269087e+00,3.712335e+00,-8.551681e-01
3.762172e+00,1.871445e+00,7.421726e-01
1.863825e+00,3.881626e+00,1.081005e+00
1.128552e+00,3.328302e+00,2.396911e+00
1.762796e+00,2.804772e+00,-1.856563e+00
2.382290e+00,3.273663e+00,-3.636144e-01
3.795560e+00,2.585162e+00,-1.691040e-01
2.646606e+00,2.154719e+00,-3.764759e+00
3.332642e+00,4.357643e+00,1.673867e+00
1.578245e+00,1.809947e+00,-1.263142e+00
3.673815e+00,1.166977e+00,3.361104e+00
3.771602e+00,1.090000e+00,3.923361e+00
2.780450e+00,1.406835e+00,-9.529425e-02
1.527636e+00,1.555748e+00,8.657738e-01
1.398170e+00,3.748467e+00,3.594561e+00
1.773427e+00,3.273156e+00,-3.928049e-01
2.958818e+00,4.949477e+00,-1.099192e+00
1.756245e+00,2.279090e+00,-1.904695e+00
4.647596e+00,4.583090e+00,9.705619e-01
4.873553e+00,4.143999e+00,8.854249e-01
4.052090e+00,4.565147e+00,2.510735e+00
1.806864e+00,4.661445e+00,-1.012535e+00
3.681375e+00,2.442700e+00,4.151287e-01
3.222498e+00,1.529193e+00,1.252603e+00
2.158411e+00,1.461178e+00,-2.067243e+00
2.218775e+00,3.192380e+00,-1.464893e+00
4.737684e+00,3.902747e+00,1.525538e+00
4.722352e+00,1.298933e+00,1.124347e+00
2.218893e+00,4.887140e+00,-2.407737e+00
3.496080e+00,2.086959e+00,5.729598e-01
1.365924e+00,4.144014e+00,2.377010e+00
2.296415e+00,3.209172e+00,-1.582732e+00
4.629736e+00,4.412122e+00,1.648587e+00
3.195664e+00,4.440399e+00,2.220186e+00
2.309745e+00,4.184642e+00,9.544406e-02
2.942259e+00,1.973566e+00,-1.926989e+00
1.493378e+00,4.334563e+00,1.592867e+00
4.351763e+00,2.794997e+00,2.022145e-01
3.669903e+00,4.494299e+00,2.617732e+00
2.423246e+00,3.583039e+00,-7.272638e-01
3.498008e+00,1.523854e+00,2.342957e+00
2.300985e+00,2.543356e+00,-3.487798e+00
1.647073e+00,2.856167e+00,-1.199482e+00
4.026822e+00,1.477439e+00,2.497856e+00
4.888399e+00,3.927053e+00,1.690114e+00
1.462507e+00,3.116444e+00,1.257258e+00
1.194200e+00,4.131013e+00,3.156854e+00
2.419250e+00,1.180415e+00,-1.254035e-01
4.299659e+00,1.976907e+00,1.121122e-01
2.079967e+00,4.962566e+00,-2.366031e+00
2.975012e+00,2.307798e+00,-2.520040e+00
1.343538e+00,2.359609e+00,-1.143626e+00
4.331838e+00,3.714911e+00,3.746909e+00
2.835387e+00,4.641125e+00,-2.582398e-01
4.778626e+00,2.737830e+00,-1.408410e+00
2.318788e+00,4.903946e+00,-2.295515e+00
4.153605e+00,1.199243e+00,3.774245e+00
3.493949e+00,1.783358e+00,9.653357e-01
4.390248e+00,3.888355e+00,3.517502e+00
3.554892e+00,1.830575e+00,4.552012e-01
2.825397e+00,4.359369e+00,1.056348e+00
3.054260e+00,2.259731e+00,-1.383942e+00
4.776923e+00,4.289163e+00,1.855580e+00
2.647555e+00,2.621626e+00,-3.372042e+00
3.881323e+00,1.875202e+00,2.384549e+00
4.901739e+00,2.004730e+00,-2.136650e+00
4.422516e+00,1.057269e+00,3.471952e+00
3.306890e+00,4.374798e+00,2.418350e+00
4.782907e+00,4.301071e+00,1.289085e+00
1.842772e+00,2.814858e+00,-2.018178e+00
4.771435e+00,2.737534e+00,-4.997644e-01
4.955004e+00,1.944449e+00,-1.861012e+00
2.032143e+00,4.991978e+00,-2.547925e+00
4.353855e+00,4.923158e+00,6.786040e-01
2.312032e+00,4.190900e+00,-4.252549e-02
1.530057e+00,4.085109e+00,2.368899e+00
3.089691e+00,4.806499e+00,-7.125060e-01
3.551876e+00,2.950026e+00,1.020842e+00
3.655948e+00,1.846467e+00,7.715579e-01
4.267071e+00,3.419994e+00,2.697695e+00
3.255849e+00,1.704536e+00,-1.088588e-01
2.568251e+00,1.505157e+00,-7.353899e-01
3.800650e+00,2.407361e+00,-1.274942e-01
2.808025e+00,1.610195e+00,-1.124937e+00
3.145688e+00,2.056469e+00,-2.175392e+00
4.287998e+00,4.010106e+00,3.401967e+00
2.753956e+00,1.963448e+00,-2.013117e+00
2.199056e+00,4.729170e+00,-1.690723e+00
4.957265e+00,2.741166e+00,-2.284965e+00
3.261651e+00,4.695544e+00,6.138443e-01
1.355101e+00,2.793674e+00,-3.916771e-01
2.135457e+00,4.999727e+00,-2.574251e+00
4.510820e+00,1.284235e+00,2.464293e+00
2.600598e+00,3.337349e+00,-7.353014e-01
4.101394e+00,1.081199e+00,4.137433e+00
