2.727100e+00,3.200000e+00,4.212000e+00,1.953700e+00
1.966000e+00,4.916700e+00,2.335600e+00,-3.531800e+00
1.225300e+00,3.707200e+00,2.996300e+00,7.171000e-01
3.309700e+00,1.848000e+00,4.405500e+00,-1.211000e-01
1.233300e+00,2.910700e+00,2.574300e+00,2.112000e-01
1.836300e+00,2.727200e+00,4.474500e+00,-1.284900e+00
1.555600e+00,4.868500e+00,2.993000e+00,-1.957800e+00
4.692700e+00,1.494400e+00,3.435000e+00,-1.928900e+00
4.085100e+00,3.129000e+00,3.880100e+00,1.722800e+00
1.155200e+00,1.339300e+00,2.962800e+00,-2.180000e-02
4.722300e+00,2.037200e+00,3.916300e+00,-2.894400e+00
1.515200e+00,4.355900e+00,2.720800e+00,-1.368600e+00
4.258300e+00,4.599900e+00,1.701200e+00,-1.507100e+00
2.258000e+00,1.241700e+00,1.638200e+00,-2.330700e+00
3.613100e+00,1.638900e+00,4.224600e+00,-4.070000e-02
3.658800e+00,1.763800e+00,2.858200e+00,5.458000e-01
3.937700e+00,1.666600e+00,4.581400e+00,3.971000e-01
3.807400e+00,1.243300e+00,2.653100e+00,5.741000e-01
3.140400e+00,2.652700e+00,1.632200e+00,1.304200e+00
4.834000e+00,1.926400e+00,4.849300e+00,-3.178800e+00
4.859900e+00,2.103200e+00,1.592400e+00,-3.713600e+00
1.342000e+00,3.818400e+00,4.718400e+00,-7.943000e-01
1.852200e+00,3.126200e+00,2.236200e+00,-1.195900e+00
2.583700e+00,4.448500e+00,4.784600e+00,-3.252000e-01
3.470200e+00,1.294200e+00,3.920000e+00,1.524700e+00
1.392700e+00,2.268800e+00,2.695600e+00,-1.091900e+00
2.935200e+00,3.043900e+00,3.863100e+00,2.724600e+00
3.217300e+00,1.953800e+00,1.919100e+00,1.037000e-01
2.765500e+00,2.111700e+00,2.134400e+00,-1.235200e+00
2.666100e+00,4.086200e+00,3.383700e+00,1.204600e+00
3.863500e+00,1.263600e+00,4.467200e+00,1.020900e+00
1.344900e+00,1.388300e+00,2.000200e+00,-1.497700e+00
4.684800e+00,1.576400e+00,2.144900e+00,-3.219600e+00
2.603300e+00,1.481700e+00,4.487200e+00,-9.229000e-01
4.098000e+00,1.855500e+00,2.734200e+00,2.902000e-01
3.566000e+00,2.617500e+00,4.324700e+00,1.589500e+00
3.985800e+00,2.688600e+00,2.243300e+00,7.838000e-01
2.413200e+00,1.505200e+00,2.259300e+00,-2.118200e+00
1.870600e+00,2.426500e+00,1.347700e+00,-2.112200e+00
2.030600e+00,4.906400e+00,4.695700e+00,-2.757200e+00
2.378700e+00,3.079700e+00,4.220300e+00,3.808000e-01
2.107100e+00,3.706900e+00,4.603200e+00,-4.507000e-01
3.244900e+00,2.352900e+00,3.603900e+00,1.916000e+00
1.224700e+00,2.980200e+00,2.492800e+00,8.320000e-02
2.060500e+00,1.017700e+00,2.859100e+00,-1.400000e-01
1.884100e+00,4.421000e+00,1.351100e+00,-3.493900e+00
2.786700e+00,4.033600e+00,1.187600e+00,9.720000e-01
4.121000e+00,1.926300e+00,2.980600e+00,-3.842000e-01
2.649500e+00,3.729700e+00,3.280600e+00,1.234800e+00
1.180500e+00,1.525700e+00,1.018400e+00,-7.491000e-01
3.338300e+00,4.395200e+00,4.734300e+00,1.403000e+00
1.382600e+00,4.709000e+00,1.339400e+00,-2.720600e+00
2.898500e+00,1.535500e+00,2.791500e+00,-1.563000e-01
1.860500e+00,2.242800e+00,2.677900e+00,-1.767400e+00
2.653600e+00,4.570800e+00,4.973200e+00,-1.039000e+00
2.168100e+00,1.661200e+00,1.927800e+00,-3.491000e+00
1.418400e+00,4.414200e+00,3.860600e+00,-7.284000e-01
4.762200e+00,4.406000e+00,1.010000e+00,-1.695200e+00
2.772300e+00,2.315700e+00,1.157800e+00,-3.494000e-01
4.879600e+00,4.092100e+00,2.861600e+00,-1.928500e+00
1.945600e+00,3.659700e+00,4.507700e+00,-4.370000e-01
3.645700e+00,4.508200e+00,4.489800e+00,9.929000e-01
3.265200e+00,3.763900e+00,1.682800e+00,3.305700e+00
3.749600e+00,4.632400e+00,1.103600e+00,4.300000e-02
2.602600e+00,1.618100e+00,2.084200e+00,-2.174700e+00
4.850000e+00,4.569000e+00,3.581500e+00,-1.892500e+00
1.925400e+00,4.857100e+00,4.337000e+00,-3.018400e+00
1.336400e+00,4.613100e+00,4.333200e+00,-1.841500e+00
1.807300e+00,3.960000e+00,2.178600e+00,-1.614500e+00
2.400300e+00,2.152800e+00,1.558400e+00,-2.477900e+00
3.639000e+00,4.530100e+00,1.264100e+00,-9.670000e-02
1.776800e+00,1.376800e+00,1.249800e+00,-2.903400e+00
3.031400e+00,3.929800e+00,3.763900e+00,3.216100e+00
2.059500e+00,4.503500e+00,2.963400e+00,-1.924700e+00
1.087200e+00,1.085700e+00,3.601600e+00,3.946000e-01
4.659900e+00,2.679300e+00,2.574300e+00,-1.936100e+00
2.898200e+00,3.786400e+00,1.187200e+00,2.672100e+00
1.187500e+00,1.457900e+00,1.535100e+00,-2.238600e+00
3.661100e+00,4.976500e+00,3.342700e+00,1.414500e+00
3.224000e+00,3.351900e+00,1.674600e+00,2.554800e+00
1.609100e+00,2.177200e+00,2.548100e+00,-2.850600e+00
4.931900e+00,3.320200e+00,2.340000e+00,-1.029200e+00
4.445200e+00,4.497200e+00,2.896800e+00,-1.601800e+00
2.363200e+00,2.712500e+00,4.347400e+00,-7.857000e-01
3.648400e+00,3.769100e+00,3.686700e+00,4.071500e+00
4.499300e+00,4.286100e+00,4.168900e+00,-4.575000e-01
4.730700e+00,4.438800e+00,2.859600e+00,-1.958500e+00
2.059800e+00,2.053300e+00,4.128800e+00,-3.262100e+00
4.958100e+00,3.874700e+00,1.490700e+00,-8.146000e-01
2.484300e+00,4.751700e+00,2.697600e+00,-1.750300e+00
1.243100e+00,4.009100e+00,3.966400e+00,6.981000e-01
1.463900e+00,1.547400e+00,4.961100e+00,-2.985400e+00
4.440200e+00,2.564400e+00,4.631900e+00,-2.016200e+00
3.731700e+00,3.982300e+00,3.634300e+00,2.181400e+00
4.479100e+00,3.882900e+00,2.007100e+00,-1.072100e+00
1.252100e+00,3.485800e+00,4.531000e+00,8.169000e-01
2.775700e+00,1.393500e+00,4.791500e+00,4.080000e-02
1.318600e+00,4.382600e+00,2.263100e+00,-1.578200e+00
2.784500e+00,1.062400e+00,1.300300e+00,8.274000e-01
2.718100e+00,1.116400e+00,4.775500e+00,2.240000e-02
1.012500e+00,2.161900e+00,2.411700e+00,-1.170700e+00
1.675700e+00,3.479900e+00,1.174400e+00,-4.400000e-01
1.684800e+00,4.602400e+00,1.346700e+00,-2.969900e+00
2.534200e+00,1.928400e+00,1.163700e+00,-2.087700e+00
4.992400e+00,1.642500e+00,2.421300e+00,-2.791000e+00
3.593600e+00,1.203200e+00,2.651300e+00,1.487200e+00
2.050200e+00,2.580600e+00,1.766700e+00,-1.772100e+00
4.099400e+00,3.551900e+00,3.354600e+00,2.414700e+00
3.008600e+00,2.373100e+00,4.002100e+00,1.233600e+00
2.750200e+00,4.371200e+00,3.036000e+00,1.206700e+00
1.228500e+00,3.284000e+00,1.367800e+00,6.019000e-01
2.253600e+00,1.682500e+00,1.661400e+00,-2.349200e+00
3.974900e+00,4.428200e+00,1.804400e+00,5.890000e-01
4.663300e+00,3.855200e+00,1.561800e+00,3.107000e-01
2.867000e+00,3.279900e+00,1.554200e+00,2.730600e+00
3.388300e+00,3.024800e+00,3.598000e+00,3.295100e+00
4.669000e+00,2.861400e+00,1.574000e+00,-6.246000e-01
4.432400e+00,4.708400e+00,2.206300e+00,-2.973400e+00
2.330700e+00,3.296600e+00,4.314500e+00,-9.480000e-02
2.442600e+00,3.660100e+00,3.965500e+00,1.682000e-01
4.446300e+00,4.848600e+00,2.644700e+00,-1.627600e+00
2.551600e+00,4.984600e+00,1.683400e+00,-2.715800e+00
4.364900e+00,1.842000e+00,4.061100e+00,-1.483900e+00
4.899000e+00,3.150200e+00,3.197300e+00,-1.861000e-01
3.238400e+00,4.860400e+00,2.530200e+00,3.837000e-01
1.902700e+00,3.176900e+00,2.892900e+00,-1.789000e-01
1.651700e+00,2.927100e+00,1.194100e+00,-1.534400e+00
3.608200e+00,1.318300e+00,1.500700e+00,5.880000e-01
2.434300e+00,2.880400e+00,4.930800e+00,3.060000e-02
4.741100e+00,1.695000e+00,3.634000e+00,-1.613900e+00
3.567700e+00,3.434800e+00,3.265200e+00,4.463700e+00
2.262200e+00,3.845800e+00,4.749200e+00,-3.110000e-01
2.176500e+00,1.159900e+00,4.990300e+00,-2.209900e+00
2.953800e+00,2.379700e+00,4.353700e+00,4.513000e-01
2.206300e+00,4.157800e+00,4.091500e+00,-1.195200e+00
4.221600e+00,3.150500e+00,4.731800e+00,7.105000e-01
2.897800e+00,3.442400e+00,2.648100e+00,2.339400e+00
3.320400e+00,1.499200e+00,4.767000e+00,4.696000e-01
3.590800e+00,4.645500e+00,4.810700e+00,8.128000e-01
4.706500e+00,1.674500e+00,1.220100e+00,-3.076900e+00
2.253600e+00,1.758700e+00,2.860100e+00,-2.588100e+00
3.375100e+00,2.139800e+00,2.803300e+00,9.389000e-01
4.699800e+00,2.984400e+00,3.208000e+00,1.658000e-01
3.574700e+00,4.105600e+00,4.021900e+00,2.007000e+00
1.715900e+00,4.077900e+00,2.956500e+00,-1.354400e+00
2.662900e+00,1.114000e+00,2.822500e+00,6.448000e-01
1.404200e+00,1.137900e+00,4.579300e+00,-1.597300e+00
1.848500e+00,2.216400e+00,3.535400e+00,-1.812300e+00
3.567200e+00,2.053700e+00,3.987300e+00,1.461000e+00
2.088500e+00,3.883600e+00,3.782300e+00,6.350000e-02
4.892000e+00,4.434900e+00,3.513000e+00,-1.164600e+00
2.082100e+00,1.215900e+00,2.959400e+00,-1.995300e+00
3.544500e+00,4.669200e+00,1.212900e+00,1.128000e+00
1.488200e+00,1.971700e+00,3.750900e+00,-2.630700e+00
4.540400e+00,3.825400e+00,1.368000e+00,-5.374000e-01
2.451800e+00,4.280400e+00,4.331200e+00,-7.667000e-01
3.621700e+00,1.521500e+00,1.858600e+00,4.636000e-01
1.291300e+00,4.590500e+00,2.877900e+00,-1.376800e+00
2.372200e+00,1.964200e+00,4.584300e+00,-2.189200e+00
3.617000e+00,2.891600e+00,3.653100e+00,3.080700e+00
1.216100e+00,4.037800e+00,1.049900e+00,2.414000e-01
1.776500e+00,3.749400e+00,1.146800e+00,-9.663000e-01
4.607800e+00,3.688800e+00,2.431600e+00,1.713000e-01
2.808500e+00,2.080500e+00,1.251800e+00,-3.826000e-01
4.267100e+00,1.275500e+00,3.060500e+00,2.677000e-01
3.882100e+00,1.946100e+00,4.990100e+00,-7.830000e-02
1.122100e+00,4.707100e+00,2.806100e+00,-6.244000e-01
3.295800e+00,2.998700e+00,3.437500e+00,3.718800e+00
2.134700e+00,2.102400e+00,3.236700e+00,-1.366200e+00
1.444500e+00,3.657200e+00,4.991200e+00,-8.641000e-01
2.429600e+00,1.991700e+00,2.120100e+00,-2.856400e+00
3.741500e+00,3.193600e+00,1.844000e+00,2.578100e+00
1.635000e+00,2.997100e+00,1.267000e+00,-1.342600e+00
4.712700e+00,4.460300e+00,2.807500e+00,-1.691000e+00
2.824500e+00,2.073900e+00,4.999000e+00,-7.157000e-01
4.845800e+00,1.641100e+00,4.935900e+00,-3.655900e+00
1.235800e+00,3.854800e+00,4.203800e+00,1.306900e+00
3.147200e+00,4.697400e+00,2.468900e+00,7.924000e-01
4.276300e+00,2.918200e+00,1.632000e+00,-3.103000e-01
2.522200e+00,3.939600e+00,2.959800e+00,5.995000e-01
2.025800e+00,4.678400e+00,2.617100e+00,-3.483700e+00
3.530300e+00,1.788400e+00,4.066700e+00,8.612000e-01
3.474600e+00,1.921100e+00,4.203900e+00,3.343000e-01
4.701000e+00,3.106300e+00,4.951500e+00,-1.037300e+00
4.210100e+00,3.379900e+00,2.897900e+00,1.583400e+00
1.635500e+00,4.909800e+00,1.755100e+00,-3.510000e+00
3.076700e+00,4.362300e+00,4.504400e+00,2.279900e+00
3.749200e+00,1.389800e+00,4.459400e+00,4.242000e-01
4.226700e+00,3.180200e+00,2.796300e+00,1.777200e+00
3.344700e+00,1.894500e+00,3.917700e+00,1.305000e+00
2.738500e+00,2.945100e+00,2.116400e+00,1.122300e+00
3.941800e+00,4.169000e+00,1.350500e+00,1.333600e+00
3.654500e+00,4.490700e+00,3.849400e+00,1.438500e+00
2.323700e+00,2.578700e+00,2.230100e+00,-1.583300e+00
3.908000e+00,3.962300e+00,1.832700e+00,1.625100e+00
3.712600e+00,3.873500e+00,1.372600e+00,2.982900e+00
2.312600e+00,3.901400e+00,1.547700e+00,-1.043300e+00
1.224200e+00,3.957000e+00,1.584800e+00,5.497000e-01
1.271800e+00,3.540300e+00,3.969900e+00,1.856400e+00
2.104200e+00,4.692100e+00,3.587600e+00,-2.038800e+00
