5.810686e+00,4.225579e+00,8.959759e-01,7.994556e-01
3.780007e+00,3.746292e+00,2.508361e+00,7.018164e-01
2.592223e+00,1.051212e+00,3.709465e+00,5.967440e-01
1.422918e+00,3.642967e+00,2.368719e-01,4.642795e-01
5.550715e+00,5.507048e+00,3.082543e-01,3.470042e-01
5.966120e+00,3.934379e+00,3.101372e+00,7.481162e-01
3.461011e+00,5.582203e+00,2.268393e+00,9.251288e-01
1.441458e+00,5.416760e+00,4.612813e+00,6.117222e-02
4.829372e+00,4.685179e+00,1.017323e+00,6.365689e-02
4.670130e+00,1.123192e+00,5.402405e+00,-1.910193e-01
1.622760e+00,9.376238e-01,5.729278e+00,-1.286451e-01
5.985366e+00,8.330611e-01,9.998977e-01,8.860697e-01
2.621525e+00,4.584101e+00,5.225205e+00,-4.721308e-02
3.058420e+00,1.370318e+00,4.017826e+00,1.199560e+00
1.657825e+00,1.781781e+00,2.456074e+00,-4.138726e-01
5.299436e+00,1.148316e+00,7.823568e-01,-1.820506e-01
5.511788e+00,4.259062e+00,4.383235e+00,1.421554e-01
1.536589e+00,4.134063e+00,5.374433e+00,-2.545741e-01
3.502966e+00,1.785316e+00,3.968744e+00,7.910079e-01
4.167108e+00,1.757049e+00,2.260655e+00,4.764811e-01
5.081197e-01,3.670106e+00,2.086334e+00,2.024202e-01
3.676447e+00,2.882868e+00,5.058632e+00,6.252124e-01
2.235811e+00,1.221040e+00,4.079281e+00,2.148652e-01
2.137352e+00,7.350457e-02,2.773920e+00,1.390086e-01
2.400272e+00,3.300863e+00,5.331922e-01,8.548722e-02
1.577127e+00,6.390943e-01,2.762398e+00,1.089187e-01
2.217034e+00,5.333393e+00,5.288376e+00,-1.763186e-01
2.218723e+00,2.237572e+00,4.971553e+00,-5.330518e-01
5.356880e-01,4.997767e-01,1.636309e+00,6.977855e-01
7.187902e-01,2.496438e+00,1.090431e+00,6.024694e-01
2.555521e+00,5.305611e-01,2.512999e+00,1.749917e-01
3.170423e+00,5.561792e+00,1.611938e+00,2.213270e-02
4.779355e+00,1.336841e+00,5.428813e+00,-8.111718e-01
5.619169e+00,4.369875e-01,3.686046e+00,1.047263e+00
3.953472e+00,3.018255e+00,1.260175e+00,1.108003e+00
1.134792e+00,4.532008e+00,4.964096e+00,-3.534153e-01
5.794685e-02,4.049511e+00,7.921474e-01,6.329701e-01
5.481760e+00,2.982846e+00,4.481619e+00,-3.902985e-01
1.277592e+00,5.028293e+00,3.372505e+00,8.211876e-02
5.141388e+00,9.490685e-01,4.993708e+00,-2.434244e-01
2.349015e+00,3.089777e+00,3.795133e+00,6.241813e-01
3.257417e+00,3.947023e-01,2.194182e+00,1.184908e+00
5.805295e+00,4.734381e+00,5.795620e+00,7.231528e-01
5.481301e+00,1.850756e+00,3.939983e+00,1.919190e-01
9.411716e-01,2.492015e+00,7.845732e-04,9.096730e-01
2.408219e+00,4.962349e+00,4.345265e+00,-1.915394e-01
5.987236e+00,4.393747e+00,5.191012e+00,3.716085e-01
2.995896e+00,3.818275e+00,4.404114e+00,8.861045e-01
3.664370e+00,3.681121e+00,4.853934e+00,5.965115e-01
1.214161e+00,4.609282e+00,4.469472e+00,3.734280e-01
1.521377e+00,2.167361e+00,4.939575e+00,-7.388671e-01
5.062865e-01,6.541034e-01,2.061062e+00,4.060358e-01
5.337572e+00,9.899992e-01,3.160734e+00,2.077218e-01
5.982623e+00,3.195271e+00,3.442083e+00,9.819134e-01
3.794486e+00,6.254721e-01,3.313123e+00,9.895747e-01
4.061347e+00,9.157999e-01,4.414226e+00,2.077658e-01
4.419280e+00,4.862727e+00,2.170697e+00,-2.275485e-01
5.206433e+00,1.381623e+00,4.526453e-01,1.729996e-02
4.403759e+00,7.408643e-03,5.151704e+00,-3.427023e-01
5.923246e+00,6.690446e-01,4.077353e+00,9.157119e-01
2.550696e+00,2.905513e+00,1.880940e+00,9.827597e-02
1.153363e+00,8.963238e-01,5.366136e+00,1.805220e-01
3.647088e+00,1.268881e+00,4.894852e+00,6.937284e-01
2.404515e+00,2.232294e+00,3.828984e+00,-2.190827e-01
2.137264e+00,3.804950e+00,5.127297e+00,-5.485076e-01
4.664692e+00,3.939946e+00,2.923621e-01,3.830749e-01
2.145062e+00,3.726416e+00,4.791002e+00,8.807612e-02
2.031911e+00,2.113982e+00,2.940268e+00,-1.983624e-02
7.450738e-01,3.202996e-02,1.427773e+00,-1.755262e-01
3.712192e+00,3.731020e+00,2.172335e+00,8.870585e-01
5.197219e+00,4.829245e+00,8.767852e-01,2.545351e-01
4.939131e+00,3.821999e-01,4.856727e+00,-9.600595e-01
5.968790e+00,1.429644e-01,1.667793e+00,3.133367e-01
4.412658e+00,3.752414e+00,5.974096e-01,9.316579e-01
4.150744e+00,2.562575e+00,3.015029e+00,6.476284e-01
3.924241e+00,1.966750e+00,2.234872e+00,-2.140649e-01
5.476710e+00,6.043809e-01,3.660535e+00,5.117769e-01
3.665109e+00,2.139162e+00,3.317930e+00,4.537032e-01
2.490409e+00,1.458585e+00,1.243956e+00,-1.179729e-02
5.620825e-01,1.148587e+00,1.562701e+00,4.964644e-01
4.476626e+00,5.339396e+00,3.315975e+00,5.919705e-01
2.221322e+00,2.947476e+00,3.320420e+00,5.058708e-01
1.408448e+00,4.793512e+00,1.097348e+00,-1.548297e-01
3.941579e+00,8.408685e-01,1.377773e+00,1.842780e-01
9.313985e-01,1.214031e+00,1.193223e+00,-7.089928e-02
1.015781e+00,3.015487e+00,3.147095e+00,5.040100e-01
8.112246e-01,3.450355e+00,8.073381e-01,4.573018e-01
5.425026e+00,2.995324e-02,5.430438e+00,6.635494e-01
1.532728e+00,3.786542e+00,1.503026e+00,-9.637819e-02
9.337573e-01,3.588470e+00,9.807186e-01,7.807872e-01
6.953611e-01,3.238198e+00,6.202283e-01,1.095179e+00
3.683633e+00,7.909384e-01,3.395861e-01,1.745766e+00
2.141996e+00,4.805301e+00,5.049149e+00,-1.604662e-01
4.283613e+00,5.445542e+00,3.577489e-01,2.933700e-01
2.567514e+00,5.667747e+00,3.299189e+00,4.798172e-01
8.461338e-01,2.453985e+00,1.777477e+00,1.222047e-01
6.203528e-01,4.244854e+00,1.143515e+00,1.025413e+00
5.756819e+00,2.734385e-02,4.421148e+00,5.607762e-01
1.984877e+00,3.363287e+00,1.803383e+00,-3.808198e-01
5.014170e+00,2.083794e+00,5.033093e+00,-5.192421e-01
3.605271e+00,2.850793e+00,1.819505e+00,1.197155e-01
2.773953e+00,4.658393e+00,2.681113e+00,2.739575e-01
1.324094e+00,4.012915e+00,5.114614e+00,-4.884898e-01
5.445149e+00,1.747226e+00,3.451290e+00,1.036059e-01
3.925789e-01,2.942419e+00,2.966311e+00,1.014854e+00
2.597053e+00,2.629511e+00,4.582603e+00,-1.147665e-02
5.998357e+00,4.910271e+00,5.257578e+00,7.136347e-02
2.230773e+00,4.538297e+00,5.358945e+00,-8.015822e-01
5.313929e+00,8.646543e-01,2.231868e+00,-2.791345e-01
4.409994e+00,3.875632e+00,2.576246e+00,2.503937e-01
2.771532e+00,3.304978e+00,5.517432e+00,9.658240e-02
4.808951e+00,5.803462e+00,5.630063e-02,1.332045e-01
4.152885e+00,4.081649e+00,2.622952e+00,3.548436e-01
2.845174e+00,1.782972e+00,3.671149e+00,7.259127e-01
2.016771e+00,1.457736e+00,3.846407e+00,-7.077212e-02
3.997163e+00,5.336480e+00,4.612289e+00,-3.659216e-02
9.930096e-01,2.709106e+00,2.973750e+00,5.895053e-01
1.594663e+00,3.585217e+00,4.076015e+00,3.596505e-01
1.376610e+00,3.349663e+00,9.443171e-01,-2.965588e-02
2.027094e+00,1.515801e+00,4.587271e-01,2.864173e-01
3.695642e+00,2.833205e+00,2.964165e+00,1.084104e+00
3.377563e+00,2.091841e+00,3.712868e+00,1.044475e+00
2.213529e+00,2.036392e+00,1.137672e+00,-1.337597e-01
5.358883e+00,2.070811e-02,2.218199e+00,-2.153031e-01
2.890458e+00,5.837744e+00,2.184285e+00,2.371846e-01
5.545233e+00,5.566970e-01,2.831354e+00,-3.962077e-02
2.182934e+00,2.505211e+00,3.271449e+00,6.004379e-02
8.046070e-01,2.779051e+00,4.826699e+00,-2.787281e-01
4.300624e+00,4.263519e+00,3.152395e+00,8.029608e-01
2.876824e+00,2.727081e+00,4.123846e+00,4.181201e-01
4.131420e+00,1.845163e+00,3.420552e+00,7.101551e-01
5.065358e+00,3.588844e-01,2.324657e+00,-7.715402e-02
3.682141e+00,4.289542e+00,7.657718e-02,1.250100e+00
1.950155e+00,2.710571e+00,4.221966e+00,-2.419150e-02
3.682855e+00,4.823470e+00,5.425803e+00,5.028363e-01
2.630733e+00,3.798482e+00,5.939312e+00,6.821901e-01
3.882776e+00,6.179130e-01,2.210845e+00,-9.269657e-02
3.635169e+00,1.396704e+00,4.689223e+00,4.609976e-01
2.028352e+00,2.908440e+00,5.233140e+00,-4.678101e-01
1.319231e+00,4.981457e+00,5.206771e+00,-4.535933e-01
3.316041e+00,1.076242e+00,3.381146e+00,5.327850e-01
4.527528e+00,1.484205e+00,2.102205e+00,-4.103203e-01
5.973531e+00,1.011589e+00,4.844437e+00,4.548674e-01
1.383375e+00,3.550056e-01,1.903434e+00,-1.117678e+00
3.574150e-01,5.717530e+00,2.410629e-01,1.465093e+00
3.767262e+00,1.268852e+00,5.550025e-02,1.065568e+00
4.151738e+00,5.382361e+00,9.772750e-03,7.190259e-01
4.982333e-01,2.909414e+00,3.170527e+00,9.699572e-01
4.881707e+00,4.897158e+00,1.689392e+00,-7.054519e-01
4.095946e+00,4.223868e+00,2.381569e+00,1.167743e-01
3.226963e+00,4.097193e+00,5.719114e+00,9.349877e-01
4.387202e+00,4.904831e+00,5.183194e+00,-5.379499e-01
2.159579e+00,3.622385e+00,5.313956e+00,-7.085446e-01
1.705968e+00,2.015152e+00,1.630605e+00,-1.000560e+00
3.513479e+00,3.507186e+00,5.239084e+00,7.201903e-01
1.804301e+00,2.198704e+00,4.519570e+00,-2.346987e-02
5.917048e+00,4.145228e+00,3.478012e+00,8.310635e-01
3.695006e-01,5.688040e+00,6.872152e-01,1.366472e+00
2.600817e+00,4.818828e+00,4.476805e+00,-2.514122e-01
4.195678e-01,5.471522e+00,3.395673e+00,1.442979e+00
3.793695e+00,4.211502e-02,5.049623e+00,2.703141e-01
4.853328e+00,4.654975e+00,3.333284e+00,6.186721e-02
2.382103e+00,8.034625e-01,3.123262e+00,2.042866e-01
4.651168e+00,4.696282e+00,1.039717e+00,-1.572942e-01
3.237610e+00,1.034881e+00,4.411201e-01,1.253410e+00
4.484460e+00,6.079019e-01,1.081303e+00,-3.324237e-02
2.194753e+00,1.652731e+00,4.318561e+00,-1.832128e-01
1.976208e+00,9.223105e-01,5.574831e+00,-4.125328e-01
1.656816e+00,2.458529e+00,3.874348e+00,7.512541e-01
5.916800e+00,5.074926e+00,1.432319e+00,3.167295e-02
7.715757e-01,1.620966e-01,4.979899e+00,4.612670e-01
1.935634e+00,2.257162e+00,3.914211e+00,2.346033e-01
6.256984e-01,5.927914e+00,4.243873e+00,8.237561e-01
8.027959e-01,4.732088e+00,3.362514e+00,8.591597e-01
3.126128e+00,2.068023e+00,4.305272e+00,9.770932e-01
3.757071e+00,3.917025e-01,8.533246e-01,4.346636e-01
2.748260e+00,4.566319e+00,6.080729e-01,3.552022e-01
4.467741e-01,4.383233e+00,5.948716e+00,9.085456e-01
2.274879e+00,5.476868e+00,5.783205e-01,8.215394e-01
3.563378e+00,4.696141e+00,4.951274e+00,9.999956e-01
2.624586e-01,1.639899e+00,4.428074e+00,5.540738e-01
3.211522e+00,3.388091e+00,2.410043e+00,1.392687e+00
7.273684e-01,4.278248e+00,1.885162e+00,-7.181232e-02
4.145449e-01,3.539798e+00,3.538750e+00,1.126015e+00
1.429757e+00,9.370937e-01,5.854617e-01,1.561963e-01
4.703426e+00,4.508001e+00,2.112167e+00,-2.042074e-01
3.284590e-01,4.228156e-01,2.692540e+00,8.084571e-01
4.854143e+00,7.666210e-01,3.440029e+00,6.121174e-01
1.389313e+00,6.579670e-01,3.937092e+00,5.562026e-01
4.070233e+00,5.449577e+00,2.322249e+00,4.224387e-02
7.850304e-01,4.257413e+00,4.976052e+00,4.694477e-01
3.029136e+00,4.647601e+00,2.409928e+00,4.861860e-01
2.815546e+00,1.486840e+00,4.806320e+00,2.602915e-01
4.348034e+00,5.722474e+00,5.073143e+00,2.776850e-01
2.833024e+00,4.455668e+00,2.820703e+00,5.556066e-01
2.324130e+00,4.270776e+00,5.023848e+00,1.683634e-02
9.395149e-01,4.949351e+00,4.167292e+00,1.881733e-01
4.225650e+00,4.492718e+00,1.154762e+00,3.005805e-01
5.423331e+00,5.231122e+00,5.714119e+00,6.867410e-02
3.880619e+00,5.169588e+00,3.837606e+00,3.685455e-01
