1.306970e+00,4.652761e+00,4.110070e+00,3.207031e-01
2.639809e+00,3.910469e+00,3.759181e-01,-3.663394e-02
3.737232e+00,3.148155e+00,1.957330e+00,1.438878e+00
3.246802e+00,2.128685e+00,2.047233e+00,1.125126e+00
1.244625e-01,4.896795e+00,2.132822e+00,9.153732e-01
4.634416e+00,8.864165e-01,4.479997e+00,5.514615e-01
8.859725e-01,1.956643e+00,3.923192e+00,5.712449e-03
3.931936e+00,1.858580e+00,2.515421e+00,1.836706e+00
2.672959e+00,1.300602e+00,7.668498e-01,-8.424836e-01
4.001709e+00,4.965563e+00,3.107691e+00,2.359381e-01
3.543443e+00,4.989581e+00,3.319331e+00,-1.324055e+00
4.599196e+00,9.878509e-01,1.914341e+00,2.323942e+00
3.269118e+00,4.309083e-02,3.069278e+00,-1.092921e-01
3.690464e-01,2.560040e+00,3.737754e+00,-1.717095e-01
4.340986e-01,4.921358e+00,7.207329e-01,-8.552875e-02
1.734546e+00,2.444025e-01,4.895854e+00,1.238054e+00
4.969330e+00,9.869776e-01,5.767100e-01,3.248334e-01
4.597802e+00,3.222582e+00,8.313266e-01,8.810796e-01
2.540188e+00,6.786318e-01,2.974419e+00,8.625037e-01
3.047002e+00,2.684418e+00,1.152051e+00,5.807768e-02
9.741429e-01,5.342518e-01,2.331615e+00,1.251838e+00
2.796550e+00,4.510969e+00,3.049780e-01,3.123253e-01
1.449929e+00,1.995078e+00,2.721198e+00,8.436451e-01
2.258886e+00,4.452241e+00,2.885404e+00,1.518245e+00
2.657775e+00,7.167136e-01,2.331629e+00,1.583375e+00
3.085850e+00,1.540907e+00,2.570934e+00,9.474102e-01
1.024930e+00,3.523624e+00,1.020871e+00,-8.939576e-01
1.684123e+00,3.526619e+00,1.137040e+00,1.101066e+00
2.894519e+00,3.600561e+00,3.225763e+00,5.788656e-01
1.932513e+00,1.783154e+00,2.638870e+00,1.471595e+00
4.137825e+00,1.180151e+00,2.069446e+00,8.735974e-01
4.860723e+00,5.500470e-01,2.401624e+00,1.633810e+00
2.968446e+00,1.971051e-01,4.446281e+00,9.589627e-01
9.845922e-01,4.695038e+00,1.830114e+00,1.767115e+00
9.344801e-01,5.851364e-01,4.987512e+00,1.629318e+00
3.069932e+00,2.204740e-01,4.890301e+00,6.820946e-01
1.847358e+00,3.806569e+00,3.319866e+00,1.198139e+00
6.751071e-01,1.231870e+00,1.295163e+00,6.148013e-02
7.559769e-01,3.343553e-01,3.057410e+00,4.648647e-01
4.261392e+00,2.073204e+00,1.060140e+00,-7.581090e-01
3.953503e+00,1.359142e+00,4.198150e+00,-2.723841e-01
2.297709e+00,9.418361e-01,6.139301e-02,9.673573e-01
2.549080e+00,1.336157e+00,6.500181e-01,5.346640e-01
3.627372e-01,4.010786e+00,4.027201e+00,-2.184799e-01
4.498100e+00,1.916712e+00,5.091254e-01,-1.119014e+00
2.795452e+00,2.799525e+00,1.310432e+00,4.823748e-01
1.742153e+00,1.401383e+00,4.603773e+00,1.250856e+00
5.304714e-01,4.529314e+00,7.350960e-01,-4.170582e-02
4.722102e+00,2.029553e+00,4.836912e+00,1.316192e+00
3.923651e+00,2.158131e-01,1.829665e+00,7.123438e-01
3.425722e+00,4.869154e+00,4.677069e+00,-6.574550e-02
3.995142e+00,4.332311e+00,3.502710e-01,-9.313097e-01
7.909653e-01,9.434991e-01,2.684096e+00,-5.410232e-01
9.544019e-01,4.138185e+00,3.937631e+00,-3.266052e-01
3.448150e+00,3.192462e+00,3.191473e+00,5.841091e-02
9.096064e-02,3.836008e-01,2.466165e+00,1.261080e+00
3.703125e+00,3.830346e+00,2.805322e+00,2.781933e-01
3.589032e+00,4.484785e+00,4.548100e+00,1.260658e+00
3.827364e+00,2.067523e+00,1.360846e+00,-3.744792e-01
3.224581e+00,4.603904e+00,3.017260e+00,-3.981289e-01
1.292934e+00,6.511546e-01,6.861609e-01,4.351898e-01
3.169660e+00,4.852093e+00,3.920730e+00,1.232643e-01
8.224555e-01,2.698719e+00,1.754368e+00,2.360834e+00
2.647348e+00,3.224070e+00,1.334595e+00,1.274304e+00
1.286186e+00,1.265990e+00,1.226963e+00,4.543213e-01
1.124961e+00,8.487349e-01,4.117679e+00,7.081582e-01
2.575857e+00,3.975432e+00,3.423839e+00,4.223303e-01
1.462943e+00,8.760484e-01,8.551647e-01,-3.393340e-01
2.058499e+00,4.878032e+00,4.408040e+00,1.985018e+00
4.781473e+00,8.115540e-01,2.436502e+00,2.074894e+00
8.208736e-01,9.090285e-01,4.921282e+00,5.918330e-01
3.034543e+00,2.692751e+00,1.474640e-01,4.402067e-01
3.695231e+00,2.536038e+00,3.074419e+00,4.161093e-01
2.366465e+00,1.495620e+00,1.041495e+00,1.053696e-01
2.907290e+00,1.166003e+00,6.651006e-01,-1.844112e-01
3.910400e+00,2.635891e+00,1.730855e+00,1.073245e+00
3.888574e+00,3.221566e+00,1.619538e+00,1.463686e+00
5.527153e-01,1.666307e+00,1.783864e+00,1.445484e+00
3.739454e-02,2.059354e+00,1.714665e-01,1.049540e-01
1.151592e+00,1.136018e+00,2.143529e+00,5.216360e-01
4.111678e+00,2.178328e+00,1.930618e+00,1.311591e+00
4.001179e+00,2.435856e+00,4.228770e+00,-1.152119e-01
2.070339e+00,1.639806e+00,3.754523e+00,-2.047819e-01
1.776795e-01,1.992093e+00,3.170132e+00,3.792175e-01
3.447542e-01,4.532604e+00,9.786370e-01,-8.413544e-01
3.697907e+00,4.038522e+00,4.859807e+00,3.975794e-01
7.196478e-01,1.961469e-01,4.082172e+00,-1.018281e+00
4.286439e-01,1.369176e-01,3.627466e+00,3.292867e-01
1.559331e+00,2.596327e+00,8.320607e-01,2.933104e-01
8.323337e-01,1.220331e-01,1.048821e+00,-6.095854e-01
8.190865e-01,2.849882e+00,1.463682e+00,1.137151e+00
3.620874e+00,2.910670e-01,1.548179e+00,1.159271e+00
1.670192e+00,6.130491e-01,1.930833e+00,1.940324e+00
4.113722e+00,3.484243e+00,3.471116e+00,-7.569461e-01
4.524581e+00,3.972726e+00,1.645080e+00,2.700880e+00
4.637414e+00,1.034860e+00,2.073147e-01,1.048002e-01
3.704484e-01,2.104925e+00,2.071750e+00,1.252364e+00
2.209493e+00,3.448130e+00,2.103876e+00,2.500426e+00
1.352258e+00,7.633808e-01,4.713054e+00,6.664073e-01
4.132191e+00,2.712048e+00,2.274794e+00,1.202578e+00
2.972950e+00,1.785382e+00,9.340687e-01,8.039879e-01
6.019355e-01,3.159065e+00,2.736122e+00,5.208240e-01
7.411242e-01,4.460716e+00,1.356269e+00,5.373060e-01
8.696368e-01,3.985847e+00,2.613606e+00,1.417337e+00
6.610806e-01,3.260118e+00,2.946335e+00,8.865724e-01
1.680340e+00,9.415699e-01,1.364943e+00,1.979937e-01
3.794369e+00,4.369599e+00,1.001224e+00,2.901038e-01
4.348752e+00,2.101124e+00,1.327425e+00,1.029652e+00
3.466629e+00,1.136614e+00,1.340511e+00,4.822967e-01
9.262040e-03,1.138378e+00,3.621986e+00,-3.551317e-01
3.373649e+00,4.362460e+00,3.748973e-01,2.539734e-01
4.797752e+00,1.673437e+00,2.514538e+00,1.408267e+00
2.139682e-01,3.879234e+00,2.168398e+00,1.270955e+00
2.205610e+00,8.686384e-02,2.746041e+00,1.788769e+00
1.117900e+00,1.499118e+00,9.666616e-01,-1.437590e+00
4.960874e-03,2.914302e+00,6.128552e-01,-4.167189e-01
1.412448e+00,3.296335e+00,4.999713e+00,1.657806e+00
4.203860e+00,4.656210e+00,1.511474e+00,1.371093e+00
4.574667e+00,1.466290e+00,2.577933e-01,1.122087e+00
3.561277e+00,4.991635e+00,1.869166e+00,1.482532e+00
1.893304e+00,2.573804e+00,4.083843e+00,5.856092e-01
6.250214e-01,4.758324e+00,3.232404e+00,-5.704176e-01
8.079188e-01,3.671841e-01,1.913144e+00,1.551140e+00
4.359850e+00,4.596196e+00,4.261507e+00,-1.282362e-01
4.328073e+00,4.088676e+00,1.528741e+00,1.023296e+00
4.884315e+00,4.325747e+00,3.341422e+00,-2.185568e-02
4.968507e+00,1.015704e+00,3.137885e+00,-5.487751e-01
2.795839e+00,1.482254e+00,1.393797e+00,8.775764e-01
4.687784e+00,3.653083e+00,5.954972e-01,-5.107686e-01
4.044126e+00,2.217999e+00,3.575295e+00,3.807161e-01
4.541552e+00,1.990714e+00,4.292249e+00,1.265882e+00
3.985759e+00,1.768381e+00,4.647617e+00,1.316847e+00
9.161765e-01,1.271042e+00,9.483642e-01,-1.258273e+00
1.771098e+00,3.385080e+00,4.869814e+00,8.170740e-01
1.798960e+00,1.694815e+00,1.224059e-01,6.139715e-01
8.350563e-01,1.782610e+00,4.369087e+00,5.143025e-01
4.842389e+00,4.350454e+00,4.623688e+00,9.958066e-01
4.579535e+00,6.002614e-01,4.522147e+00,1.194413e+00
3.453737e+00,3.222126e+00,4.377065e+00,-8.703545e-02
4.728064e+00,9.945116e-01,3.336958e+00,4.313835e-03
2.019287e+00,2.921166e+00,3.453356e+00,6.182594e-01
2.168867e+00,3.653617e+00,1.686237e-01,-2.263250e-01
4.262999e+00,1.996904e+00,4.591925e+00,3.012336e-01
3.482828e+00,1.461265e+00,9.092194e-01,4.003422e-02
2.461873e+00,1.171645e+00,3.957802e+00,9.812066e-01
2.565968e+00,3.467421e+00,4.173092e+00,3.602984e-02
3.976767e+00,4.791870e+00,3.662638e-01,-9.825180e-01
2.049809e+00,1.101135e+00,4.309419e-01,-6.918946e-02
1.326351e+00,3.287789e+00,4.553732e-01,5.177944e-02
2.257966e+00,3.921276e+00,1.442861e+00,2.342038e+00
6.670162e-01,8.448263e-02,1.817561e+00,7.221318e-01
3.849401e+00,4.017459e+00,2.228289e+00,1.069100e+00
1.588319e+00,8.096965e-01,4.128422e+00,-1.105065e-02
6.942584e-01,9.103999e-01,3.662450e+00,-8.824774e-01
6.025879e-01,7.741822e-01,1.944605e+00,6.475732e-01
2.049125e+00,4.484622e+00,2.299157e+00,1.884199e+00
3.644785e+00,4.174543e+00,2.653030e+00,1.065769e+00
2.168697e+00,4.613380e+00,1.930592e-01,9.020553e-01
3.636597e+00,2.135275e+00,3.719777e+00,-1.094467e-01
3.638233e+00,4.604356e+00,4.480973e+00,6.590142e-01
3.481434e+00,4.487623e+00,2.573457e-01,-1.305910e-01
3.472773e+00,2.729271e+00,4.109900e-01,-7.381852e-02
1.102141e+00,6.909953e-01,2.905827e+00,1.095525e+00
2.665338e+00,4.784527e+00,4.306144e+00,-2.510954e-01
4.871806e+00,5.182969e-01,9.034604e-01,-6.413054e-01
1.419824e+00,4.149819e+00,1.329571e+00,2.049404e-01
2.493803e+00,1.045259e+00,3.956969e-01,-2.063338e-01
2.035516e+00,2.135705e-01,2.982614e+00,1.061420e+00
2.075021e+00,2.891029e+00,2.421675e+00,2.373062e+00
2.208114e+00,4.070464e+00,2.373107e-02,2.784770e-01
4.830379e-01,4.844184e+00,4.367582e+00,5.003064e-01
3.584358e+00,4.026859e+00,2.211420e+00,1.336644e+00
3.348216e+00,4.304591e+00,9.473817e-01,-5.459823e-01
3.943369e+00,2.145419e+00,1.234467e-01,-8.659353e-01
2.331803e+00,2.870297e+00,9.066702e-01,1.521828e+00
1.772284e-03,1.826834e+00,2.916437e+00,-4.733977e-01
1.691479e+00,2.027563e+00,1.824231e+00,1.682362e+00
2.125800e+00,1.792932e+00,1.259795e+00,9.163544e-01
2.272178e+00,4.367153e+00,2.473058e-01,1.371064e+00
4.286139e+00,3.440757e+00,1.113438e+00,-1.114912e-01
1.763537e+00,4.349166e+00,4.772059e-01,1.385679e+00
2.326251e+00,2.212363e+00,4.106568e+00,9.887643e-01
3.051945e+00,3.196829e+00,2.638692e+00,1.790780e+00
3.126728e+00,1.595398e+00,3.915630e+00,2.583670e-01
2.102615e+00,6.809321e-01,1.687300e+00,1.723692e+00
2.293581e-01,3.867835e+00,3.306974e+00,1.153055e+00
3.671588e+00,3.797225e+00,9.478035e-01,-4.555119e-01
5.111511e-02,1.951060e+00,1.942483e+00,2.097949e+00
3.602910e+00,8.501006e-01,2.775852e-01,6.504308e-01
1.926749e+00,4.334379e+00,2.966861e-01,7.902976e-01
2.753274e+00,1.733612e+00,1.836102e+00,2.555745e+00
4.387379e+00,2.275404e+00,2.875995e+00,-2.928430e-01
1.972756e+00,4.498155e+00,2.679618e+00,1.761206e+00
1.620550e+00,1.999893e+00,4.685286e-01,4.555318e-01
2.990600e+00,1.189325e+00,2.368790e+00,1.996588e+00
3.969410e+00,3.046005e+00,1.144889e+00,-6.178011e-01
4.220210e+00,2.869259e+00,1.410125e+00,7.271848e-01
2.682434e+00,3.320052e+00,4.496828e+00,1.279333e+00
2.621297e+00,2.863810e-02,4.003215e+00,3.372768e-01
1.126478e+00,3.514756e+00,1.125620e+00,-9.521727e-01
