2.644269e+00,3.841472e+00,1.227121e+00
2.570352e-01,4.118603e+00,1.451551e+00
2.113795e+00,3.373772e+00,-4.908961e-01
2.568385e+00,2.188633e+00,-1.444397e+00
3.272827e+00,3.774192e+00,2.378034e+00
3.306181e+00,2.625415e+00,1.211818e+00
2.153827e+00,1.953729e+00,-1.403595e+00
4.228471e+00,3.136102e-02,1.028457e+00
1.687691e+00,3.673845e+00,8.737136e-01
2.235608e+00,1.050025e+00,7.347146e-01
4.883346e+00,2.580421e+00,-1.311331e+00
4.845279e+00,2.287953e+00,1.843474e+00
3.947530e+00,1.770525e+00,1.067607e+00
9.324131e-01,3.289330e+00,1.337481e+00
9.373619e-01,3.528576e+00,2.348521e+00
1.163226e+00,4.826033e+00,1.076093e+00
4.716945e+00,1.161103e+00,4.540723e+00
4.349833e+00,2.029062e+00,-5.400514e-02
1.114083e+00,2.253226e+00,1.945076e+00
1.984855e+00,6.998373e-01,2.643162e+00
1.914050e-01,2.287978e+00,-1.118560e+00
6.423775e-02,4.156918e+00,5.144526e+00
2.290452e+00,3.583844e+00,9.032520e-01
2.012890e+00,4.071765e+00,2.554342e+00
3.120542e+00,4.231343e+00,1.323066e+00
1.706041e+00,4.836905e+00,1.832646e+00
2.911499e+00,4.499217e+00,1.464397e+00
4.953510e+00,4.930856e+00,2.141120e+00
2.212017e+00,8.175741e-01,1.822001e+00
2.009241e+00,3.676871e+00,2.396674e+00
3.827344e+00,1.044793e+00,4.019245e+00
1.799092e+00,2.478217e+00,-1.812272e+00
3.760641e+00,1.997111e+00,-1.134809e-01
4.523515e+00,3.667674e+00,2.625718e+00
4.470187e+00,9.263292e-01,2.145576e+00
4.632642e+00,3.024143e+00,1.684031e+00
1.073921e+00,3.046608e+00,2.106866e+00
4.795783e+00,4.669567e-01,1.047743e+00
2.559052e+00,4.732077e+00,-2.331793e-01
2.933868e+00,2.952888e+00,1.471856e-01
3.528384e+00,4.874220e+00,1.075010e+00
1.872399e+00,2.418016e+00,-2.589193e+00
1.818154e+00,5.681945e-01,2.647016e+00
3.738935e+00,3.216108e+00,2.861651e+00
3.087246e+00,3.822779e+00,2.576973e+00
3.928090e+00,1.882081e+00,5.457362e-01
4.984826e+00,4.916320e-01,2.032833e+00
2.879926e+00,4.678375e+00,5.623478e-01
3.398151e+00,6.383753e-01,2.049761e+00
1.717235e+00,3.403891e+00,1.880603e+00
3.358918e+00,1.800665e+00,-1.860184e-01
3.837387e+00,2.394618e-01,3.236667e+00
9.644328e-01,1.704265e+00,-8.944612e-01
2.003357e+00,9.661874e-01,7.100832e-01
1.083682e+00,3.070045e-01,2.696051e+00
3.590784e-01,7.737961e-01,2.149343e+00
1.029854e-01,3.493106e+00,7.829087e-01
9.401518e-01,4.495668e+00,3.470410e+00
8.766665e-01,2.093241e-02,9.556206e-01
1.650775e+00,4.239068e+00,1.414504e+00
1.145199e+00,2.727871e+00,7.524148e-01
1.650773e+00,4.800760e-01,1.492968e+00
3.901046e+00,4.672140e+00,4.734648e-01
5.733208e-01,4.798875e+00,1.378758e+00
4.721037e-01,7.625274e-01,4.907961e+00
1.601246e-01,2.742125e+00,1.341116e+00
3.802093e+00,1.851825e+00,4.478082e-01
3.562394e+00,3.531803e+00,-7.957030e-02
2.396409e+00,2.162300e+00,3.251111e-01
2.401370e+00,2.451513e-01,8.833526e-01
3.877653e+00,2.835061e+00,5.638635e-01
2.965808e+00,7.264374e-01,2.847046e+00
4.779566e+00,2.367913e+00,3.703724e-01
4.927957e+00,1.553086e+00,2.480471e+00
4.985494e+00,3.027880e+00,-2.066955e+00
2.054166e+00,4.680655e+00,6.329700e-01
2.510740e+00,4.312188e+00,1.238958e+00
1.691834e+00,4.646059e+00,1.575652e+00
1.719364e+00,4.001150e+00,2.059446e+00
1.475287e+00,2.990055e+00,-1.380134e+00
4.934668e-01,1.270772e+00,2.886213e+00
2.678661e-01,3.800176e-01,4.406231e+00
1.471276e+00,4.850306e+00,-2.226109e-01
3.030247e+00,1.471713e+00,2.710817e+00
8.501252e-01,2.075408e+00,1.860829e+00
4.470435e+00,3.700880e+00,2.847705e+00
1.528403e+00,2.548135e+00,-7.580307e-01
1.928366e+00,3.591345e+00,1.163743e+00
4.841882e+00,3.155181e+00,3.816502e-01
9.508462e-01,4.475065e+00,2.129570e+00
2.969234e+00,3.770732e+00,6.603541e-01
4.761531e+00,4.298266e+00,2.450873e-01
1.688671e-01,1.724189e+00,3.404179e+00
4.245175e+00,2.180351e+00,6.683647e-01
1.071783e+00,4.484290e+00,2.698456e+00
3.848251e+00,3.419645e+00,1.635163e+00
1.305737e-01,3.856796e-01,3.497978e+00
1.842654e+00,1.139587e+00,7.744047e-01
4.241511e+00,2.963367e+00,1.061129e+00
4.241016e+00,4.446945e-02,1.627876e+00
3.463847e+00,3.534314e+00,2.569692e+00
1.815283e+00,4.297924e-01,2.275501e-01
2.615298e+00,4.580818e+00,5.176657e-01
9.483850e-01,9.795840e-01,1.347877e+00
4.991529e+00,3.177652e+00,-7.255098e-01
4.694240e+00,1.697451e-01,1.158265e+00
2.901305e+00,3.042883e+00,2.811468e+00
1.513286e-01,1.833306e+00,1.444348e-01
3.992310e+00,3.457775e+00,2.003432e+00
2.586860e+00,1.639887e-01,-7.385276e-01
2.235986e+00,4.764245e+00,7.301144e-01
3.830163e+00,3.469020e+00,2.213421e+00
3.257259e+00,9.019280e-01,2.665196e+00
3.521262e+00,2.571428e+00,5.441884e-02
2.203124e-01,1.588912e+00,9.514331e-01
3.003668e+00,3.018222e+00,1.230905e+00
3.290455e+00,5.525877e-01,8.037413e-01
7.992138e-01,2.339473e-01,3.333694e+00
2.606639e+00,6.412691e-01,2.736202e+00
4.206233e+00,3.873056e+00,3.448498e+00
1.565127e+00,3.190155e+00,1.204181e+00
3.634870e+00,1.394712e+00,1.830454e+00
3.006955e+00,3.389154e+00,9.495875e-01
4.788982e+00,7.804706e-01,1.560346e+00
4.130487e+00,4.012551e+00,2.075150e+00
4.075965e+00,4.525411e+00,-1.318201e-02
2.569329e+00,1.683075e+00,-1.311902e+00
2.944540e+00,3.307941e+00,-2.649014e-01
2.589359e+00,1.321600e+00,9.994181e-01
5.449692e-01,4.401028e+00,1.847921e+00
3.886856e+00,3.502848e+00,2.634628e+00
3.663592e+00,4.943282e+00,-3.508129e-01
3.860526e+00,2.810883e+00,-6.039400e-01
1.466152e+00,4.258517e-01,-9.044436e-02
4.685898e+00,2.285760e+00,6.004343e-01
6.461902e-01,2.274293e+00,-2.206861e-01
4.547764e+00,4.599563e+00,1.243145e+00
7.752119e-02,3.687920e+00,1.289323e+00
3.576638e+00,4.672542e+00,-6.091770e-03
4.612328e+00,4.871520e+00,-1.114682e+00
3.812810e+00,2.779840e+00,1.408988e+00
3.667024e+00,2.460489e+00,6.688275e-02
4.653662e-01,4.315501e-01,1.686630e+00
2.913849e+00,3.044607e+00,-2.100513e-01
8.236883e-01,9.202170e-01,2.656197e+00
3.719226e+00,4.150095e+00,2.746579e+00
3.856450e+00,2.808667e+00,1.094307e-01
7.093997e-01,2.938788e+00,3.900786e-01
4.432234e+00,1.935806e+00,5.473477e-01
1.948773e+00,3.769324e+00,1.304664e+00
8.553461e-01,1.086282e+00,2.328986e+00
3.883217e+00,2.928007e+00,7.520006e-01
3.848694e+00,5.173320e-01,2.103393e+00
1.616340e+00,4.459854e+00,1.695590e+00
2.748690e+00,3.799349e+00,1.970839e+00
2.850445e+00,1.822931e+00,-1.678379e-01
3.665599e+00,1.323031e-01,1.750316e+00
1.657727e+00,4.108131e-01,3.373095e+00
6.634738e-01,4.928160e+00,-5.884293e-01
2.249577e+00,1.098063e+00,2.034109e+00
3.317156e+00,1.181188e+00,1.794273e+00
2.739025e+00,1.776375e+00,-2.495042e+00
4.817357e+00,2.752486e-01,1.066887e+00
3.068213e-01,4.461036e+00,1.553402e+00
6.218881e-01,2.425218e+00,3.150364e-02
3.579179e+00,9.174389e-01,1.952759e+00
2.646010e+00,4.279524e+00,-8.043888e-01
4.159090e+00,3.068426e+00,1.220280e+00
4.911946e+00,4.566420e+00,1.767537e+00
2.128210e+00,2.764443e-01,8.949678e-01
1.557640e+00,4.504655e+00,1.457140e+00
2.014845e+00,9.649347e-01,9.455076e-01
2.460874e+00,4.163504e+00,2.505792e+00
3.182020e+00,1.401171e+00,1.846423e+00
7.373269e-01,3.479702e+00,1.572307e+00
2.613258e+00,1.447833e-01,1.797673e+00
4.984124e+00,3.767650e+00,5.361538e-01
4.489261e+00,1.360036e+00,3.592829e+00
2.819915e+00,3.625801e+00,3.583407e-01
4.431478e+00,4.740374e-01,1.183695e+00
7.795996e-01,1.760099e+00,1.682948e+00
2.953488e+00,4.077878e+00,2.701104e+00
2.209852e+00,2.005736e+00,-3.655458e-01
3.416707e+00,1.782180e+00,1.394168e+00
1.531317e+00,3.309260e+00,4.670867e-01
3.940042e+00,3.574309e+00,3.564540e+00
1.024761e+00,3.162591e+00,1.578928e+00
2.055320e+00,4.619653e+00,-1.618827e+00
1.809196e+00,3.045509e+00,-9.520931e-01
1.690787e+00,4.965221e-02,-1.266425e+00
2.188075e+00,1.985499e+00,-1.067704e+00
3.607884e+00,2.747718e+00,6.384911e-01
4.381213e+00,1.716077e+00,1.888048e+00
1.590769e+00,2.520473e+00,5.585235e-01
4.886467e+00,4.603038e+00,1.081110e+00
4.196419e+00,2.411968e+00,9.843677e-02
3.083569e+00,1.014340e+00,5.806390e-01
4.721400e+00,2.036089e+00,-2.304643e-01
5.157896e-01,1.866119e+00,2.877667e+00
4.159025e+00,2.496510e+00,1.086585e+00
