2.819255e+00,4.393489e+00,1.892538e+00,-5.583500e+01
1.878253e-01,1.209737e+00,1.344615e-01,-4.869693e+01
1.700740e+00,2.651256e+00,3.746219e+00,1.326968e+02
5.778915e+00,4.524222e+00,3.982078e+00,1.487208e+02
6.175071e-01,1.810527e+00,4.250966e+00,-1.274402e+01
5.479046e+00,2.480190e-01,2.810785e+00,1.332859e+02
2.533361e+00,4.008198e+00,5.815833e-01,5.057172e+00
1.119536e+00,5.382159e+00,1.840086e+00,1.501681e+02
2.309817e+00,5.768476e+00,5.452345e+00,1.370302e+02
1.507126e+00,1.751117e+00,5.675345e+00,-2.411948e+01
2.532513e+00,2.603932e+00,2.950044e+00,-3.050742e+01
5.041740e+00,1.216378e+00,3.122177e+00,1.991335e+02
4.606971e+00,4.776944e+00,2.837583e+00,6.136692e+00
2.651745e+00,1.807984e+00,4.167132e+00,8.146880e+01
2.094716e+00,4.079835e+00,3.648444e+00,4.873706e+00
2.880366e+00,3.117879e+00,3.795056e+00,-1.701397e+01
7.044638e-01,1.013965e+00,2.215868e+00,7.704148e+00
1.387958e-01,3.992119e+00,1.248790e+00,-1.891570e+01
4.177268e+00,2.235294e+00,3.965302e-01,6.737684e+01
1.980020e+00,4.325026e+00,2.006026e+00,1.293198e+01
1.502598e+00,4.145070e+00,2.945341e+00,1.620798e+01
5.479284e+00,3.431368e+00,5.050438e+00,6.247175e+01
3.060037e+00,1.906949e+00,5.147637e+00,9.998240e+01
1.964740e+00,1.482670e+00,7.235379e-01,-7.894829e+00
5.853070e+00,5.567885e+00,1.318722e+00,1.257396e+02
1.542007e+00,5.922159e+00,2.184947e+00,7.051228e+01
2.506344e+00,5.354553e+00,1.578741e+00,-3.888634e+01
1.404481e+00,4.946159e+00,1.170780e+00,-3.139279e+01
5.063221e-01,9.969939e-01,1.573602e+00,-2.470184e+01
3.091177e+00,1.142554e+00,1.704487e+00,-2.800170e+01
4.232179e+00,5.676167e+00,6.654144e-01,7.368949e+01
3.793239e+00,4.932874e+00,5.259669e+00,6.563342e+01
2.391660e+00,2.453411e+00,3.241686e+00,3.346936e+01
6.580385e-01,3.829726e+00,4.184403e+00,9.626658e+01
2.264532e+00,2.146487e+00,2.985963e-01,3.580455e+01
2.176824e+00,1.970236e+00,1.642372e+00,3.935605e+01
4.454888e+00,4.878560e+00,1.268130e+00,3.689305e+00
4.562221e+00,4.608991e+00,2.328463e+00,-2.917850e+01
4.138788e+00,5.000157e+00,3.625771e+00,1.036082e+02
5.601341e+00,3.969163e+00,4.491263e+00,1.318516e+02
5.257887e+00,5.714554e+00,4.615418e+00,1.712726e+02
1.990869e+00,1.210114e+00,2.998543e-01,3.170126e+01
4.317296e-02,1.883964e+00,5.514377e+00,1.014314e+02
5.674849e+00,5.656163e+00,2.754370e+00,3.962533e+01
5.673339e+00,5.788920e+00,4.954426e+00,1.931977e+02
1.949360e+00,3.412310e+00,4.818718e-01,3.835205e+01
3.660611e-01,5.434775e+00,1.103823e+00,4.561908e+01
2.816758e+00,5.126252e+00,6.700193e-01,1.164698e+02
1.098411e+00,3.340484e+00,2.270659e+00,-3.049639e+01
7.551442e-01,3.225761e+00,5.520872e+00,-1.540812e+01
3.436389e+00,3.416908e-01,3.700940e+00,1.436811e+02
4.152102e+00,4.649614e+00,8.163079e-01,5.362787e+01
2.050787e-01,3.706169e-02,3.871830e+00,-1.203098e+00
5.269763e+00,1.262110e+00,3.468839e+00,9.799916e+01
4.107572e+00,5.974690e+00,3.244548e+00,5.468438e+01
1.895284e-01,2.625105e+00,5.365546e+00,2.881169e+01
4.939393e-01,2.546007e+00,2.332179e+00,1.244886e+01
5.151962e+00,1.907867e-01,1.344812e+00,4.144789e+01
5.523233e+00,4.997699e+00,4.948724e+00,7.646290e+01
3.182708e+00,3.623195e+00,1.754684e+00,6.791027e+01
4.209387e+00,1.779908e+00,2.875276e+00,-5.480594e+00
3.971642e+00,4.597516e-01,5.046069e+00,8.304925e+00
2.637610e+00,4.675698e+00,5.596313e-01,-5.850896e+01
2.417946e-01,5.657174e+00,5.956993e+00,1.136064e+02
5.487434e+00,2.030248e+00,1.137030e+00,5.742344e+01
3.007185e+00,4.186075e+00,4.311931e-01,1.901018e+01
1.261320e+00,4.164718e+00,3.825191e+00,2.909189e+01
3.910514e+00,4.900282e+00,7.728346e-01,7.765701e+01
2.494187e+00,4.762248e+00,3.613966e+00,1.097889e+01
5.962520e+00,4.855083e+00,9.861581e-01,6.600763e+01
3.659863e+00,2.759056e+00,3.580493e+00,8.170568e+01
5.381483e+00,3.577793e+00,2.185591e+00,8.505060e+00
1.967791e+00,2.997122e+00,4.988552e+00,7.004027e+01
1.467135e+00,1.647212e+00,2.216369e+00,7.539144e+00
3.571921e+00,5.433006e+00,1.688311e+00,4.912996e+01
4.813888e+00,1.378590e+00,5.958833e+00,5.596964e+01
5.415523e+00,3.617604e+00,4.255051e+00,1.276041e+02
3.365796e+00,3.905167e+00,4.892730e+00,7.583404e+01
4.902392e+00,5.745257e+00,1.252945e+00,1.818041e+02
2.169095e+00,4.837390e+00,3.360213e+00,2.847930e+01
2.579545e+00,1.213243e+00,8.711833e-02,2.009133e+01
1.198430e+00,9.170504e-01,2.868560e+00,8.771139e+01
3.219528e-01,2.226279e-02,1.550526e-01,-2.700759e+01
9.768243e-01,5.443964e+00,3.937823e-01,7.350635e+01
4.846502e+00,1.122096e-01,3.896143e+00,1.190114e+02
5.474644e+00,1.141579e+00,5.397999e+00,8.547030e+01
3.898449e+00,2.304892e+00,4.487020e-01,1.456235e+02
1.536702e+00,4.922324e+00,2.460617e+00,2.386109e+01
2.404916e+00,2.898524e+00,3.702317e-02,2.813887e+01
5.663245e+00,4.148320e-01,5.903425e-02,8.643094e+01
4.177771e-02,1.219119e+00,5.253784e+00,7.227278e+01
3.675641e+00,3.872928e+00,2.552860e+00,4.665453e+01
1.538625e+00,1.793334e+00,1.559590e+00,-1.208463e+01
5.376675e+00,4.550877e+00,2.615609e+00,5.896190e+01
4.113584e+00,1.885471e+00,4.473605e+00,1.796195e+01
4.485581e+00,4.525222e+00,5.601423e+00,3.459571e+01
2.840786e+00,5.438585e+00,1.643545e+00,5.730151e+01
2.955036e+00,9.248290e-01,5.089090e+00,8.926769e+01
1.162417e+00,1.070858e+00,7.704946e-01,4.080554e+01
3.045145e+00,3.791660e+00,2.733113e+00,3.104664e+01
3.103221e+00,4.339251e+00,1.894625e+00,-3.049908e+01
6.270883e-01,4.698692e+00,3.180560e+00,2.995967e+01
3.411944e+00,1.391185e+00,3.384314e+00,1.083649e+02
5.716080e+00,2.847344e+00,1.649689e+00,2.800085e+01
4.568684e+00,1.747258e+00,4.671027e+00,2.283147e+01
3.879402e+00,2.226055e+00,1.975984e+00,3.519688e+01
9.190317e-01,5.976405e+00,4.396603e+00,1.240099e+02
3.192224e+00,5.012966e+00,1.645260e+00,5.674473e+01
1.304362e-01,1.738426e+00,3.363184e+00,3.761847e+01
2.031609e+00,3.346513e+00,5.237005e+00,8.553643e+01
2.706092e+00,5.907728e+00,5.888547e+00,5.196738e+01
3.325959e+00,9.322655e-01,7.247099e-01,7.891635e+01
1.466737e+00,1.692710e+00,3.547887e-02,1.182255e+02
5.287432e-01,2.885520e+00,1.779931e+00,6.376209e+01
1.143038e+00,3.397376e+00,1.756582e+00,-5.668112e+00
5.626985e+00,4.231966e+00,1.663527e+00,2.085571e+01
4.923956e+00,2.524426e+00,2.656824e-01,4.581823e+01
3.555118e+00,2.679726e-01,2.465189e+00,-1.186887e+01
1.722002e+00,2.366317e+00,4.149299e+00,3.242625e+01
1.708981e+00,2.957481e+00,9.927094e-01,-2.001289e+01
5.858825e+00,2.066585e+00,4.866493e+00,1.181356e+02
2.588164e+00,2.899217e+00,5.058454e+00,1.366809e+02
1.165012e+00,3.624786e+00,3.799293e+00,7.482949e+00
5.311240e+00,1.047608e+00,2.697368e+00,1.895790e+01
5.518483e+00,1.212525e+00,5.432261e+00,6.301670e+01
5.691516e+00,2.134733e+00,4.622385e+00,1.380435e+02
4.019999e+00,5.665562e+00,3.436234e+00,1.384349e+02
1.019355e+00,3.429191e+00,5.940764e+00,9.281922e+01
5.418118e+00,2.317585e+00,7.526276e-01,4.517057e+01
1.598527e+00,4.161669e+00,3.590519e+00,-3.371792e+01
2.720034e+00,2.429459e+00,5.770154e+00,1.207726e+02
4.756170e+00,5.146081e+00,3.272241e+00,6.858802e+01
3.566665e+00,4.407654e+00,6.532154e-01,1.314969e+02
5.519890e+00,8.527123e-01,2.022448e+00,5.816715e+01
5.055996e+00,1.983752e+00,1.031481e-02,1.168351e+01
1.834834e+00,5.721367e+00,1.934875e+00,-1.941589e+01
1.713627e+00,2.704383e+00,4.663121e+00,3.167204e+01
1.825474e+00,2.346790e+00,1.912136e-01,4.136094e+01
3.904490e+00,2.385311e+00,1.572436e+00,1.570536e+02
5.249381e+00,4.599655e+00,1.768683e+00,2.911210e+01
7.058248e-01,5.676968e+00,3.365362e+00,-1.630399e+01
4.344912e+00,3.977799e+00,3.127289e+00,2.096214e+01
4.217664e+00,1.896315e+00,2.524069e+00,-4.163101e+00
2.095095e+00,2.341586e+00,4.582875e+00,4.984047e+01
7.191316e-01,5.582134e+00,4.146473e+00,5.113220e+01
9.240808e-01,6.877397e-02,1.922291e+00,-8.168476e+01
3.469162e+00,9.941383e-01,4.821073e+00,7.463163e+01
4.026525e+00,9.951547e-01,5.171055e+00,1.425174e+00
4.494354e+00,4.045070e+00,7.868263e-01,-6.350891e+01
4.974990e+00,5.421375e+00,4.139885e+00,1.558413e+02
2.013985e+00,5.499936e+00,3.872737e+00,2.354596e+01
2.765888e+00,5.197978e+00,9.546627e-02,1.736431e+01
3.030739e+00,5.105014e-01,1.897082e+00,-3.635345e+01
3.727305e+00,1.460978e-01,2.113360e+00,-5.926010e+00
3.796952e+00,5.044315e+00,4.977725e+00,9.536845e+01
3.164936e+00,5.051149e+00,9.518989e-01,1.600773e+01
2.529137e+00,3.699389e+00,3.817097e+00,6.487743e+01
5.243118e+00,3.131262e+00,4.891670e+00,1.810413e+02
4.553888e+00,4.916519e+00,3.241024e+00,1.258309e+02
3.930124e+00,5.294190e+00,1.535829e+00,1.384952e+02
1.300278e-02,1.619681e+00,5.946033e-01,3.311999e+01
5.314370e+00,2.090864e+00,5.762872e+00,2.041391e+02
3.595718e-01,1.050941e+00,2.390190e+00,4.592565e+01
9.389427e-01,4.566756e-01,1.032117e+00,3.805393e+01
1.469119e-03,5.085102e+00,4.975841e+00,1.143802e+02
1.790847e+00,3.907850e+00,3.751450e+00,-6.429168e+01
1.828714e+00,3.684183e+00,2.394086e+00,-1.762499e+01
3.080558e+00,6.478336e-01,3.657022e+00,1.899418e+01
2.266471e+00,1.223445e+00,3.589114e+00,9.776886e+01
3.451751e+00,2.683879e+00,4.442425e-01,4.335899e+01
5.508041e-01,3.177274e+00,5.630863e+00,5.851365e+01
4.954061e+00,1.273900e+00,5.329140e+00,1.431737e+02
3.696367e+00,2.250771e+00,4.836973e+00,4.367332e+01
8.288986e-01,3.895259e+00,3.572225e-01,2.075642e+01
4.570105e+00,4.335121e+00,5.944646e+00,1.945586e+02
2.561215e+00,3.954760e+00,3.573705e-01,-4.010847e+01
5.233125e+00,1.356046e+00,5.683034e+00,9.745379e+01
5.114490e+00,3.585514e+00,3.477131e+00,-8.971189e-01
1.849122e+00,3.116084e+00,3.917699e+00,8.700128e+01
5.136765e+00,2.178214e+00,4.558511e+00,9.602386e+01
3.760082e+00,2.382963e+00,5.496346e+00,-1.927614e+01
3.183966e+00,3.164041e+00,5.086887e+00,1.004041e+02
3.241298e+00,2.455947e+00,3.654245e+00,-1.596881e+01
4.679654e+00,2.960858e+00,4.859109e-01,-1.457443e+01
5.049141e+00,3.163573e+00,2.653492e+00,3.871893e+01
2.155890e+00,1.377685e+00,2.909400e+00,2.589727e+01
5.619169e+00,2.882881e+00,1.275894e+00,1.920732e+01
4.124268e+00,3.258723e-01,2.374250e+00,-1.673906e+01
5.451718e+00,3.106138e+00,3.689576e+00,1.097936e+02
2.594581e+00,2.068435e+00,1.468927e+00,-3.736997e+01
2.957668e+00,3.427267e+00,5.048940e+00,8.686006e+01
5.662839e+00,1.996372e+00,3.250266e+00,7.187113e+01
2.554494e+00,2.385347e+00,5.715035e+00,9.794095e+01
2.379585e+00,2.225266e-01,5.705581e-01,1.158988e+02
3.212430e-01,3.495783e+00,2.154505e-01,-2.321008e+01
4.661992e+00,4.441024e+00,4.621860e+00,7.731690e+00
3.337069e+00,5.586399e+00,4.427581e+00,1.674567e+01
2.032059e+00,9.151336e-01,5.448032e+00,1.314191e+02
3.969377e-02,1.720449e+00,7.201455e-02,1.061186e+01
4.946202e+00,4.862877e+00,4.423819e+00,1.265058e+02
