2.222716e+00,2.711733e+00,-2.195747e+00
5.385699e+00,3.683141e+00,7.021261e+01
3.447097e+00,3.954913e+00,1.453517e+01
3.042393e+00,4.699613e+00,4.397583e+01
2.277638e+00,3.537331e+00,1.764881e+01
1.474295e+00,1.904093e+00,4.544182e+01
1.268719e+00,4.633997e+00,2.447210e+01
4.753477e+00,4.716638e+00,5.380425e+01
1.104064e+00,1.582258e+00,1.096367e+01
5.365431e+00,1.997262e+00,5.310393e+01
2.252191e+00,1.974214e+00,4.996747e+01
4.586167e+00,2.883215e+00,3.171029e+01
4.519272e+00,1.720023e+00,5.361290e+01
4.277233e+00,4.733517e+00,6.577294e+01
3.236779e+00,3.431434e+00,2.256769e+01
1.120547e+00,3.892548e+00,-6.185688e+00
1.097471e+00,1.274399e+00,6.729521e-01
5.827233e+00,5.668731e+00,4.645029e+01
5.949267e+00,4.135271e+00,2.315315e+01
2.330777e+00,2.611027e+00,1.403611e+01
5.953350e+00,1.375377e+00,3.630771e+01
3.343043e+00,5.174713e+00,1.221365e+01
4.836931e+00,5.089718e+00,4.948582e+01
3.509202e+00,5.727899e+00,2.734112e+01
3.194092e+00,3.210564e+00,3.398001e+01
3.106006e+00,5.996779e+00,4.479547e+01
3.182885e+00,1.613989e+00,-5.136206e+01
3.883387e+00,3.865055e+00,8.883689e+01
2.590560e+00,5.576505e+00,7.249793e+01
1.600353e+00,4.761125e+00,-2.212116e+01
3.798744e+00,3.436920e+00,2.665120e+01
3.207013e+00,2.710139e+00,2.380739e+01
4.521214e+00,5.177814e+00,1.341218e+01
2.503219e+00,2.282570e+00,6.111702e+01
1.267529e+00,4.245610e+00,2.118744e+01
2.387698e+00,1.802027e+00,5.711825e+01
2.344173e+00,5.417147e+00,-5.525786e+00
5.360851e+00,3.447412e+00,3.921183e+01
1.927404e+00,3.927642e+00,1.717872e+01
3.811084e+00,1.728702e+00,4.067476e+01
5.872729e+00,3.526154e+00,5.887848e+01
4.084066e+00,3.397168e+00,-1.542067e+01
5.520091e+00,4.532096e+00,2.668809e+01
1.489233e+00,2.733421e+00,5.213752e+00
2.939755e+00,4.893830e+00,7.563026e-01
5.548275e+00,3.633604e+00,5.254395e+01
2.423455e+00,5.691231e+00,2.056050e+01
3.644429e+00,5.794047e+00,1.090812e+02
3.985496e+00,1.211221e+00,-3.061679e+01
2.880407e+00,2.959649e+00,4.514774e+01
3.007610e+00,3.277426e+00,3.360830e+01
2.333339e+00,2.604426e+00,-3.289717e+01
4.484629e+00,1.339792e+00,-1.796316e+01
1.934326e+00,3.748584e+00,3.454389e+00
1.421131e+00,5.778521e+00,-8.111183e-01
4.670857e+00,1.802724e+00,4.672661e+01
1.831739e+00,5.874144e+00,5.236143e+00
2.954961e+00,5.072297e+00,7.811079e+01
3.890616e+00,1.032423e+00,-2.262252e+01
2.896724e+00,2.546611e+00,3.696688e+01
5.692043e+00,2.888961e+00,6.391365e+01
1.265422e+00,4.868479e+00,8.796653e+01
1.315428e+00,1.937816e+00,3.071048e+01
2.345792e+00,2.244558e+00,-1.012327e+01
3.485967e+00,4.995673e+00,4.660326e+01
3.221009e+00,1.513537e+00,1.028370e+01
2.972149e+00,1.120694e+00,1.968307e+01
2.451001e+00,3.066431e+00,1.099580e+01
4.788364e+00,1.440098e+00,-7.809079e+00
1.780636e+00,2.522987e+00,2.113152e+01
3.741558e+00,3.804992e+00,5.786479e+01
2.163798e+00,2.139775e+00,-3.661592e+01
2.628601e+00,4.595254e+00,2.608825e+01
5.859350e+00,4.042302e+00,9.044961e+01
5.383197e+00,2.727354e+00,4.588379e+01
3.859584e+00,2.291106e+00,6.017481e+01
2.673577e+00,3.866556e+00,-1.804627e+01
1.984918e+00,4.349461e+00,1.795616e+01
1.434675e+00,4.025134e+00,8.278213e+01
1.079606e+00,5.863323e+00,-2.453993e+01
5.436397e+00,4.226048e+00,2.805211e+01
5.371771e+00,3.624916e+00,5.777057e+00
1.095506e+00,1.416701e+00,-2.633220e+01
4.097663e+00,4.879705e+00,4.623814e+01
4.216899e+00,2.487059e+00,-3.383509e+01
2.396613e+00,2.006592e+00,-3.609790e+01
1.705524e+00,5.958865e+00,5.186324e+01
2.021709e+00,1.917877e+00,4.117532e+00
2.002097e+00,5.490246e+00,1.839422e+01
4.721452e+00,2.048358e+00,-3.191808e+00
5.995395e+00,3.134986e+00,1.764767e+00
3.364372e+00,3.731284e+00,1.374155e+01
1.565346e+00,4.657161e+00,2.561424e+01
4.514698e+00,1.484687e+00,3.218189e+01
5.332878e+00,2.284157e+00,6.590047e+01
5.256154e+00,4.844743e+00,9.587051e+01
2.133627e+00,1.614168e+00,1.773664e+01
3.607111e+00,3.643241e+00,6.561809e+00
4.270123e+00,5.873505e+00,1.989630e+01
1.035606e+00,5.335777e+00,2.777500e+01
1.978993e+00,2.351148e+00,-3.300912e+01
2.981030e+00,3.942843e+00,5.954070e+01
2.179864e+00,3.103051e+00,2.859823e+01
3.560945e+00,1.652543e+00,-3.984658e+00
4.140443e+00,1.101988e+00,5.382221e+01
5.837289e+00,5.159761e+00,1.572415e+01
5.747569e+00,2.675249e+00,1.618609e+01
3.240564e+00,5.954700e+00,-1.102761e+01
5.612029e+00,5.530631e+00,3.717384e+01
4.351124e+00,1.581432e+00,-1.487403e+01
3.926021e+00,3.177598e+00,7.758895e+01
1.655833e+00,5.239134e+00,-5.805696e-01
1.994924e+00,4.249664e+00,-3.618774e+00
2.840315e+00,3.516123e+00,3.776026e+01
2.514153e+00,5.999560e+00,6.844341e+01
4.424694e+00,1.380518e+00,-1.580738e+01
5.251046e+00,4.099657e+00,3.656545e+01
5.873211e+00,4.464442e+00,7.319279e+01
4.162055e+00,2.966392e+00,-1.305609e+01
2.328377e+00,5.833130e+00,5.316578e+01
1.975256e+00,1.752300e+00,-4.598647e+00
4.756684e+00,1.805598e+00,1.284454e+01
3.656745e+00,3.905877e+00,6.104356e+01
2.840128e+00,1.982806e+00,5.142690e+00
4.649352e+00,1.324714e+00,5.839138e+01
3.802729e+00,2.382547e+00,2.211815e+01
4.082385e+00,1.246237e+00,7.557749e-01
5.511274e+00,3.550137e+00,3.335785e+01
3.721149e+00,5.657691e+00,2.457368e+01
5.987963e+00,3.797014e+00,1.127966e+01
4.367118e+00,4.486779e+00,4.635376e+01
5.221737e+00,5.377003e+00,2.604127e+01
1.991083e+00,2.111643e+00,-1.314478e+01
2.344455e+00,4.925778e+00,2.703610e+01
5.250358e+00,4.084307e+00,-5.585769e-01
1.379621e+00,5.978962e+00,7.031017e+01
4.068023e+00,1.612848e+00,-2.378954e+01
5.591010e+00,5.084663e+00,7.251272e+01
5.812096e+00,4.692499e+00,2.597107e+01
1.969609e+00,5.606368e+00,3.571290e+01
5.398056e+00,1.433306e+00,6.348628e+00
3.311549e+00,1.479308e+00,-1.343710e+00
2.226240e+00,1.116287e+00,4.138555e+01
3.750406e+00,5.150873e+00,3.749608e+01
1.078633e+00,5.328065e+00,-1.643471e+00
3.129051e+00,1.189697e+00,7.214702e+01
2.320643e+00,4.598478e+00,4.879108e+01
3.612309e+00,4.283360e+00,5.947143e+01
5.916356e+00,2.617580e+00,3.882249e+01
3.025432e+00,2.547119e+00,-2.017503e+01
2.203774e+00,5.316466e+00,6.236261e+01
1.802896e+00,2.238652e+00,1.256673e+01
5.409107e+00,3.725624e+00,1.166164e+02
5.827893e+00,3.822028e+00,8.596164e+01
1.487386e+00,4.420662e+00,2.872472e+01
1.751712e+00,1.478368e+00,-1.039835e+01
5.032136e+00,5.388920e+00,4.952414e+01
4.738047e+00,4.488877e+00,3.480621e+01
1.707948e+00,1.518112e+00,8.926130e+00
2.863524e+00,3.909878e+00,-2.519743e+01
4.754074e+00,2.802360e+00,4.583846e+01
1.160869e+00,3.253408e+00,-3.965899e+01
3.178316e+00,2.545551e+00,4.565741e+01
3.998740e+00,5.224401e+00,2.477030e+01
5.773627e+00,3.041611e+00,1.433552e+01
1.001033e+00,1.830579e+00,8.943870e+00
1.219799e+00,5.442880e+00,2.120549e+01
1.556574e+00,5.171681e+00,9.544822e+00
3.650481e+00,1.746386e+00,-8.236207e+00
5.267312e+00,2.453384e+00,2.734115e+01
5.702172e+00,5.131829e+00,3.862194e+01
2.455251e+00,2.899291e+00,5.825788e-02
2.214288e+00,3.738169e+00,4.481804e+01
2.715194e+00,4.133743e+00,3.186305e+01
1.799430e+00,3.025921e+00,3.463278e+01
3.347366e+00,3.204133e+00,1.215254e+00
4.938092e+00,3.532341e+00,3.584355e+01
3.725210e+00,4.999735e+00,3.409125e+01
3.867543e+00,3.365842e+00,-4.728065e+00
3.327232e+00,4.645869e+00,4.020657e+01
5.938309e+00,1.150573e+00,5.081355e+01
1.070649e+00,4.358593e+00,4.467520e+00
5.225610e+00,4.353862e+00,2.057703e+01
1.299633e+00,2.661080e+00,2.455927e+01
2.020776e+00,2.576570e+00,2.008479e+01
3.829026e+00,4.780732e+00,7.756654e+01
4.389603e+00,1.553767e+00,2.334758e+01
1.163769e+00,4.052411e+00,4.571397e+01
4.945883e+00,1.277237e+00,4.461295e+01
3.905202e+00,1.459365e+00,1.861710e+01
4.938529e+00,4.508119e+00,6.291411e+01
1.518389e+00,5.249538e+00,7.364297e+01
3.864747e+00,4.344342e+00,4.789036e+01
4.367925e+00,3.624101e+00,8.175105e+01
3.607793e+00,1.073407e+00,4.009334e+01
2.049029e+00,5.405837e+00,2.011180e+01
5.270779e+00,1.413715e+00,8.137740e+01
3.363049e+00,2.767937e+00,5.699690e+01
4.672956e+00,5.782139e+00,3.182743e+01
3.167406e+00,1.471949e+00,-3.386596e+01
