2.085948e+00,2.513127e+00,3.392257e+00
8.539609e-01,2.610844e+00,-2.869816e-01
4.041613e+00,2.945454e+00,1.976240e+00
4.628826e+00,3.699515e+00,4.280082e+00
3.116648e-01,4.252803e+00,4.041352e+00
3.086100e+00,3.013336e+00,4.441733e+00
3.369250e+00,4.933400e+00,2.335530e+00
2.797975e+00,1.022196e+00,1.627569e+00
3.458666e+00,3.747929e+00,1.529700e+00
4.065392e+00,2.060512e+00,1.535484e+00
3.556649e+00,4.973682e+00,3.440920e+00
1.932020e+00,1.759624e+00,7.004924e-01
4.456456e+00,1.770333e-02,-8.268615e-01
1.138591e+00,4.693672e+00,2.687208e+00
3.452015e+00,2.348190e+00,2.143236e+00
1.400835e+00,4.107534e-01,4.991027e+00
1.283771e+00,4.547427e-01,2.270050e+00
2.026304e+00,3.079580e-01,2.979771e+00
4.943318e+00,3.225333e+00,2.267888e-02
6.343131e-01,1.610809e+00,1.828548e+00
2.380433e+00,2.411901e+00,4.853890e+00
1.357214e+00,2.505491e+00,1.019013e+00
6.866414e-01,2.847706e-01,4.727699e-01
1.880251e+00,1.084175e+00,5.232429e+00
4.702524e+00,8.385324e-01,5.044855e+00
1.083783e+00,2.711732e+00,9.004823e-01
2.952897e+00,2.756205e+00,2.307440e+00
1.528118e+00,3.818756e+00,2.850182e+00
1.894543e+00,7.711694e-01,2.752209e+00
4.027824e+00,5.141652e-01,1.983972e+00
3.269275e+00,2.158271e+00,4.711975e+00
1.125055e+00,1.383033e+00,3.936598e+00
4.791697e+00,1.834669e+00,3.141048e+00
4.588870e+00,3.667443e+00,4.796602e+00
1.541839e+00,4.367359e+00,-7.120869e-01
9.913417e-01,3.633796e+00,3.096430e+00
4.969499e+00,2.983728e+00,-3.162958e-01
1.128993e+00,4.250193e+00,2.170744e+00
3.621398e+00,2.642905e+00,4.316943e+00
2.438002e+00,3.160224e+00,1.327988e+00
1.641377e+00,3.990243e+00,6.164975e+00
2.026540e+00,1.333631e+00,3.694581e+00
4.231696e-01,3.372839e-02,1.880128e+00
4.408857e+00,2.099595e-01,-9.438834e-02
3.701530e+00,1.738312e+00,1.387312e+00
1.753896e+00,7.446587e-01,-1.186748e+00
2.944134e+00,9.839130e-01,5.704955e+00
3.317742e+00,4.558337e+00,-7.108373e-01
1.756371e+00,4.765459e+00,1.988756e+00
3.313889e+00,6.405839e-01,-1.659253e-02
4.241387e+00,2.785170e+00,-6.367777e-01
7.995016e-01,1.027348e+00,-1.632238e+00
2.500475e-01,1.810265e+00,-5.343180e-01
4.407486e+00,4.849601e+00,3.382346e+00
6.075656e-01,3.933748e+00,1.670807e+00
1.415640e+00,2.475637e+00,4.650491e+00
3.726890e+00,1.749934e+00,2.273941e+00
4.624558e+00,3.386460e+00,8.988486e-01
3.900293e+00,3.323392e+00,2.022089e+00
4.825138e+00,1.163179e+00,2.342056e+00
1.584662e+00,1.247622e+00,-9.488199e-01
2.316506e+00,6.716531e-01,3.742408e+00
1.580797e+00,4.721363e+00,1.338421e+00
9.204573e-01,4.315451e+00,-1.230586e+00
3.376316e+00,2.342956e+00,2.353866e+00
2.879808e+00,4.136881e+00,2.460555e+00
1.196505e+00,7.152930e-01,1.399047e+00
1.392656e+00,4.925843e+00,3.097273e+00
4.672463e+00,1.369357e+00,2.065345e+00
1.919010e+00,1.661850e+00,8.016707e-01
9.716851e-01,4.317494e+00,4.816316e+00
4.988232e+00,3.321027e+00,1.584437e-01
4.447396e-01,4.751037e+00,4.337494e+00
9.175864e-01,4.394529e+00,1.445365e+00
1.423247e-01,3.115340e+00,2.108562e+00
1.446449e+00,4.665271e+00,-6.046896e-02
3.623414e+00,4.454063e+00,2.888678e+00
3.413106e+00,2.753452e+00,4.771972e+00
3.288993e+00,3.527976e+00,-8.091406e-01
4.918597e+00,1.424027e+00,-4.239218e-01
2.125081e+00,2.119881e+00,-9.436872e-01
3.256016e+00,3.841014e-01,3.344280e+00
1.449758e+00,7.478770e-01,-2.380784e+00
7.318527e-02,1.263309e+00,1.256726e+00
1.575612e+00,4.901674e+00,1.281196e+00
4.877713e+00,3.058609e+00,2.238832e+00
2.663485e+00,3.647364e+00,1.540090e-01
1.789567e+00,2.883783e+00,-3.530049e-01
2.041311e+00,5.626906e-02,1.352147e+00
8.833395e-01,3.244554e+00,1.422243e+00
8.028404e-01,2.199433e+00,2.842610e+00
2.172989e+00,4.797182e+00,6.003943e-01
2.534445e+00,1.042163e+00,1.632278e+00
4.375524e+00,4.327764e+00,4.231408e+00
9.901442e-01,4.798120e+00,-1.264027e+00
5.545009e-01,1.629524e+00,3.831917e-01
4.358291e+00,4.420316e+00,9.556604e-01
4.352867e+00,1.996730e-01,1.746474e+00
4.020139e+00,3.224379e+00,1.782782e+00
4.196963e-01,3.166663e+00,1.855715e+00
1.577920e+00,1.909393e+00,1.821666e+00
1.254176e+00,2.156174e+00,4.623218e+00
3.115587e+00,2.685815e+00,1.520274e+00
1.336541e+00,1.355563e+00,-1.251882e+00
2.995195e+00,2.412025e-01,3.952331e+00
4.498815e+00,3.685760e+00,1.657498e+00
4.245861e+00,3.891361e+00,1.252883e+00
7.295760e-01,2.808303e-02,1.725772e+00
3.117925e+00,1.995916e+00,1.665530e+00
3.916403e+00,3.201031e+00,3.222175e+00
1.383468e+00,4.244197e-01,-2.638521e+00
3.668707e+00,4.023231e+00,4.014947e+00
4.551580e+00,3.800417e+00,4.288244e+00
4.078593e+00,1.011948e+00,5.482079e-01
2.877069e+00,1.594005e+00,5.997968e-01
4.853721e+00,1.727025e+00,1.907877e+00
3.637776e+00,2.877015e+00,3.587893e+00
1.100318e+00,1.139625e+00,3.160446e+00
3.596633e-01,3.706802e+00,3.393731e+00
2.489396e+00,3.232244e+00,1.307455e+00
3.585107e+00,4.811266e+00,3.484340e+00
2.082330e+00,2.898766e+00,2.963175e+00
3.838593e+00,2.978597e+00,-2.044645e+00
9.286165e-02,4.406719e-01,2.403192e+00
1.880996e+00,1.254217e+00,3.995861e+00
4.095481e+00,1.571844e+00,1.483758e+00
2.986178e+00,2.488050e-01,-1.116763e+00
3.102240e+00,3.519454e+00,3.121311e-01
2.653441e+00,4.580645e+00,2.526899e+00
8.671863e-01,3.047217e+00,2.186890e+00
2.903056e+00,4.020098e+00,1.562382e+00
3.304433e+00,3.398998e+00,9.543884e-01
3.041448e+00,1.713959e+00,2.874310e+00
1.096347e+00,2.118181e+00,3.758754e+00
3.527345e+00,1.738068e+00,9.786024e-01
1.190278e+00,2.329399e+00,-2.110517e+00
3.878284e+00,4.677019e+00,2.980673e-01
1.407546e+00,2.067531e+00,4.456125e+00
1.410889e+00,1.964829e+00,5.459062e+00
4.985540e+00,4.992452e+00,6.443276e-01
4.597112e+00,2.584055e+00,2.938104e+00
4.482457e+00,2.313893e+00,3.653090e+00
9.913137e-01,3.536151e-01,4.811884e-01
2.838206e+00,1.732208e+00,2.169383e+00
2.494698e+00,4.965500e+00,1.445631e+00
4.564727e+00,1.084384e+00,3.081632e+00
4.932713e+00,3.916398e+00,2.248608e+00
1.241017e+00,4.348863e-01,1.107898e+00
2.673852e+00,3.355802e+00,1.332619e+00
1.131036e+00,2.050653e+00,2.938853e+00
4.795152e+00,3.503947e+00,1.435428e+00
1.695281e+00,2.553109e+00,2.219417e+00
7.155435e-01,1.094592e+00,3.366027e+00
1.136860e-03,1.873906e+00,4.930900e+00
3.551855e+00,1.048169e+00,2.917309e+00
3.980200e+00,2.948122e+00,2.522509e+00
2.263134e+00,3.599748e+00,5.637591e+00
9.680431e-01,4.822056e+00,5.224553e+00
2.252431e+00,4.569720e+00,-4.525983e-01
3.960192e+00,1.632722e+00,2.251070e+00
1.124079e+00,1.324555e+00,4.430118e+00
1.641001e+00,1.671800e+00,2.077487e+00
3.875335e+00,1.091482e+00,-6.580140e-01
4.735412e+00,5.256430e-01,-2.124506e+00
4.268713e+00,6.341876e-01,1.312831e+00
3.060068e+00,2.943065e+00,1.375537e+00
1.834773e+00,1.873318e+00,-1.648498e+00
1.539829e-01,2.808416e+00,3.581557e-01
2.930537e+00,4.064470e-01,4.265909e-01
6.104643e-01,4.456112e+00,3.567288e+00
1.086655e-02,1.636039e+00,1.382821e+00
4.097368e+00,3.109117e+00,1.089984e+00
4.851178e+00,8.260146e-01,2.990377e+00
2.293810e+00,3.816533e-01,2.310949e+00
1.833959e+00,2.972640e+00,3.480383e+00
5.571733e-01,7.168972e-01,2.338052e+00
1.230001e+00,3.592347e+00,3.665600e+00
3.520294e+00,7.201808e-01,1.420912e+00
6.462340e-01,2.707236e-01,-2.191137e+00
3.079848e+00,5.970163e-01,3.431776e+00
1.891855e-01,4.701580e+00,1.594995e+00
4.214744e+00,2.936973e-02,1.952109e+00
2.534346e-01,4.213214e-01,2.211416e+00
2.867242e+00,2.101208e+00,-3.890647e-01
2.470882e-01,8.030763e-01,1.941392e+00
4.963982e+00,1.408367e+00,8.383421e-01
1.108566e+00,1.981772e+00,6.070550e-01
3.478738e+00,3.282298e-01,2.052656e+00
3.634866e+00,1.206250e+00,4.961714e+00
3.527901e+00,1.865468e+00,2.726217e+00
3.802811e+00,3.974500e+00,2.607201e+00
2.186462e+00,5.490778e-01,3.383599e+00
5.487097e-01,4.492473e+00,1.596769e+00
1.803524e+00,4.167231e+00,2.755904e+00
4.162526e+00,4.705473e+00,2.414024e+00
6.382288e-02,4.089924e+00,3.808529e+00
2.549662e+00,8.898416e-01,-1.025092e-01
2.162112e+00,2.524382e+00,3.107036e+00
3.818781e+00,8.365812e-01,3.516799e+00
2.110592e+00,3.170992e+00,-7.652955e-01
