4.872874e+00,7.702306e-01,4.018221e+00,-1.048563e+01
6.844361e-01,1.031980e+00,2.634113e+00,2.234864e+01
2.220410e+00,3.289148e+00,2.646025e+00,-2.903855e+01
5.845375e+00,5.940717e+00,4.541483e+00,4.059891e+01
2.303434e+00,5.114574e+00,3.868815e+00,4.045779e+01
7.874827e-01,4.495570e+00,3.750665e+00,2.314181e+01
2.784618e+00,3.827376e+00,8.450526e-01,9.464125e+00
1.009365e+00,4.671872e+00,5.399511e+00,-4.801664e+01
4.784170e+00,5.922961e+00,3.298720e-01,1.924270e+00
4.927199e+00,3.163413e+00,2.203502e+00,9.504246e+00
2.258613e+00,2.916267e+00,3.559560e+00,2.012700e+01
1.046072e-02,3.709617e+00,4.700271e+00,-2.620354e+00
2.120053e-01,8.723134e-01,2.979208e+00,3.086928e+01
3.565674e+00,1.760683e+00,3.199356e-02,-1.943364e+01
4.416822e+00,6.636624e-02,1.986844e+00,2.463322e+01
4.799866e+00,1.948147e+00,5.180699e+00,1.862385e+01
1.037050e+00,3.991714e+00,2.881528e+00,-1.047050e+01
1.716961e+00,1.932149e+00,5.910313e-01,-1.170280e-01
4.210262e+00,5.737929e+00,1.665524e+00,4.946500e+01
4.386959e+00,2.817456e+00,5.554984e+00,3.627252e+01
2.115081e+00,7.115822e-01,2.212856e+00,2.610548e+01
5.057614e+00,1.104787e+00,5.042175e-01,7.169943e+01
1.950988e-01,3.840865e+00,2.884657e+00,1.644507e+01
4.676072e+00,3.779477e+00,3.598789e+00,7.404583e+01
4.746196e+00,3.908123e+00,3.884428e+00,1.434186e+01
2.763777e+00,4.105107e+00,1.712511e+00,4.379263e+01
5.388476e+00,4.180910e+00,4.909057e+00,3.940476e+01
4.351206e+00,1.083781e+00,7.977836e-02,8.011038e+01
2.046507e+00,5.145054e-01,7.735889e-01,-3.825496e+01
5.367695e+00,1.280632e+00,4.428597e+00,4.681018e+01
2.009331e+00,1.660990e+00,4.916628e+00,-8.756088e+00
1.944804e+00,3.629459e+00,5.053043e+00,1.278412e+01
1.162981e+00,3.149423e-01,5.619401e+00,-1.129748e+01
3.374069e+00,3.983151e+00,5.899377e+00,2.072821e+01
3.381848e-01,3.247282e+00,3.485406e+00,3.496924e+01
1.539277e-01,4.796619e+00,3.978910e+00,-3.065826e+00
5.270719e+00,1.220696e+00,3.775123e+00,4.711346e+01
6.975231e-01,1.527961e+00,4.254330e+00,-1.520357e+01
1.923192e+00,3.243168e-01,2.663143e+00,1.546788e+01
2.383832e+00,2.283471e+00,4.562620e+00,2.668752e+01
3.036830e+00,1.276742e+00,2.047054e+00,5.018761e+01
2.052806e+00,2.717752e+00,5.639938e+00,-1.980186e+01
3.692233e-01,4.492605e+00,5.136293e+00,3.495871e+01
4.213896e+00,3.774749e+00,6.296433e-01,3.753458e+01
3.272289e+00,1.915130e+00,5.416912e+00,3.909426e+01
3.582256e-01,3.014928e+00,2.424381e+00,-2.798990e+00
1.331497e+00,4.689823e+00,4.920121e+00,-1.238252e+01
5.666542e+00,4.062094e+00,2.862350e+00,1.117379e+02
2.013478e+00,5.646927e+00,4.940798e-01,-8.243292e-01
5.361174e-01,4.978895e+00,1.036589e+00,-4.194815e+00
5.024684e+00,2.244920e+00,5.178561e+00,6.152373e+01
3.269222e+00,2.908053e+00,1.150519e+00,4.196343e+01
4.819311e+00,3.849668e+00,2.129832e+00,5.880522e+01
2.469675e+00,4.200726e+00,2.615473e+00,-5.102317e+00
5.336270e+00,1.118299e+00,2.466379e+00,5.339839e+01
4.335554e+00,5.645348e+00,2.869718e+00,7.402172e+01
6.838571e-01,4.829984e-01,5.967841e+00,3.330941e+01
4.833752e+00,3.967262e+00,2.802497e+00,-1.665189e+01
7.764149e-01,1.427392e+00,7.256695e-01,-4.955797e+01
5.327894e-01,5.312763e-01,2.408505e+00,-7.253755e+00
4.907612e+00,1.748904e+00,3.990542e+00,4.801444e+01
5.876971e+00,4.828996e+00,4.901069e+00,8.509362e+01
3.381888e+00,1.919680e+00,3.745634e+00,-2.725907e+01
1.427849e+00,5.676881e+00,1.492576e+00,1.512109e+01
5.224672e+00,5.818867e+00,3.376041e+00,3.274140e+01
3.696918e+00,3.913621e+00,4.852902e+00,6.271057e+01
2.520693e+00,4.978255e+00,1.032518e+00,-5.322454e+01
1.369150e+00,1.051108e+00,4.930063e+00,1.307228e+01
5.220191e+00,4.551548e+00,1.369542e-01,7.451369e+01
1.570424e+00,1.986075e+00,2.469083e+00,3.682286e+01
4.134459e+00,5.645367e-01,1.319466e+00,2.675735e+01
3.944962e+00,3.661725e+00,3.772432e-01,8.075993e-01
3.972821e+00,1.532329e+00,1.467272e-01,4.276162e+01
1.969487e+00,5.220560e+00,5.842576e+00,5.271579e+01
5.835917e-01,4.994998e+00,2.618505e+00,1.155776e+01
5.856487e+00,1.150357e+00,3.640804e+00,2.680906e+01
5.763241e+00,5.362605e+00,2.645702e+00,8.962734e+01
2.843848e+00,4.531003e+00,2.655148e+00,5.158812e+01
4.242025e+00,5.731604e+00,2.610607e+00,2.820675e+01
4.141848e+00,9.441316e-01,3.190656e+00,9.846265e+01
3.563663e+00,2.414399e+00,3.970522e+00,2.619270e+01
5.161601e+00,2.745129e+00,2.159612e+00,5.073231e+01
5.501842e+00,1.800863e+00,5.566035e+00,7.129928e+01
3.928460e+00,1.349281e+00,2.345015e+00,6.187252e+01
1.362828e+00,1.241994e+00,5.729272e+00,-1.988725e+01
3.170538e+00,1.751905e+00,5.347400e+00,2.012010e+01
1.207078e+00,2.236701e+00,1.605468e+00,2.110967e+01
1.965749e+00,4.217045e-02,1.675044e+00,3.051476e+01
5.007696e-01,2.229251e+00,2.327733e+00,-2.449832e+01
3.898154e+00,3.804280e+00,4.626523e+00,5.243658e+01
7.296714e-01,4.822371e+00,4.812169e+00,-4.754196e+00
8.098103e-02,3.241182e+00,5.479154e+00,4.027469e+00
5.150162e+00,3.394784e+00,4.048204e-01,7.294684e+01
3.995783e+00,2.316879e+00,1.772674e+00,5.458477e-01
1.492903e+00,3.453826e+00,3.919259e+00,6.481656e+01
2.160350e+00,5.070313e+00,4.186716e+00,2.105313e+01
5.402619e+00,2.787801e+00,4.207778e+00,5.883039e+01
4.891374e+00,4.470185e+00,4.679774e+00,6.325929e+01
3.804703e+00,1.539715e+00,1.551749e+00,9.817316e+00
3.291761e+00,4.599673e+00,2.135867e+00,5.172682e+01
4.076074e+00,5.741912e+00,4.075690e+00,4.458539e+01
1.931404e+00,4.188567e+00,9.603759e-01,-2.363104e+01
5.154823e+00,2.587463e+00,1.718805e-01,5.629097e+01
1.621491e+00,8.409058e-01,2.152635e-01,-7.682234e+01
1.350287e+00,4.717678e+00,4.169562e+00,7.006425e+01
4.152360e+00,3.974804e-01,1.842420e+00,1.566505e+01
2.686851e+00,6.130974e-01,9.020942e-01,3.140145e+01
4.660941e+00,5.823051e+00,2.058367e+00,8.850294e+01
1.375200e-01,4.279191e+00,1.775056e+00,3.605566e+00
3.955244e+00,3.057450e+00,2.116612e+00,-1.126792e+00
2.684226e+00,3.444636e+00,5.470917e+00,2.079981e+01
6.330777e-01,2.577097e+00,2.060543e+00,2.446567e+01
8.944798e-01,5.138565e+00,9.420630e-01,-1.484574e+01
2.367002e+00,1.476418e+00,4.130815e+00,1.008000e+01
5.197611e+00,9.257153e-02,4.184511e+00,6.269267e+01
2.054504e+00,4.141326e+00,3.085991e+00,3.153570e+01
5.601313e+00,1.370210e-01,4.546789e+00,5.591970e+01
9.998890e-01,8.743246e-01,5.179581e+00,5.570908e+01
2.241365e+00,2.491376e+00,2.429798e-01,-4.365498e+00
5.906304e+00,5.359686e+00,2.052446e+00,6.962377e+01
5.403110e+00,4.236255e+00,5.949287e+00,8.155214e+01
4.265474e+00,3.224366e-01,2.369158e+00,7.050575e+01
1.332097e+00,2.926195e+00,2.868721e+00,-4.041475e+00
1.671526e+00,2.672816e-01,5.499672e+00,9.834050e+00
2.450661e+00,4.684914e+00,2.196991e+00,-2.609208e+00
3.121009e+00,2.222652e+00,1.246042e+00,2.604786e+01
1.565524e+00,4.421793e+00,4.678761e+00,-1.868068e+01
1.490625e+00,5.954222e+00,4.075302e+00,7.758324e+00
1.723505e+00,5.901638e+00,5.237448e+00,2.391278e+01
3.048659e+00,3.795323e-01,4.934157e+00,3.309671e+01
1.455492e+00,4.636286e+00,1.778128e+00,1.939463e+01
4.705300e-01,4.266355e+00,2.332173e+00,2.134459e+01
2.706245e+00,1.614595e+00,4.868771e+00,2.366665e+01
3.329015e+00,5.583924e+00,1.000088e+00,5.911428e+01
4.877472e+00,3.943076e+00,1.201804e+00,9.646464e+01
2.504464e+00,5.309935e+00,4.659916e+00,5.699685e+01
4.789653e+00,2.164337e+00,5.911547e+00,6.275334e+01
1.931903e+00,4.948276e+00,4.724838e+00,3.329146e+01
4.590850e+00,3.968284e-01,4.261925e+00,8.912309e+01
7.663017e-01,2.880429e+00,5.527976e+00,1.037280e+01
2.807966e+00,1.863073e+00,1.538618e+00,3.466013e+01
4.271116e+00,1.602778e+00,4.262845e+00,3.027323e+01
4.288018e-01,5.589479e+00,3.120240e+00,6.381050e+01
7.841667e-01,2.525481e+00,3.778891e+00,3.501337e+01
1.024606e-01,2.118672e+00,2.628075e+00,-1.190612e+01
1.858372e-01,8.025282e-01,2.661501e+00,2.401224e+01
4.747576e+00,5.018069e+00,7.727328e-01,9.511053e+01
5.233813e+00,5.145683e+00,5.468102e+00,1.040379e+02
5.585032e+00,7.847523e-01,2.901753e+00,4.953114e+01
7.141983e-01,5.000219e+00,3.229895e+00,1.527441e+01
1.665451e+00,3.751640e+00,1.793756e-01,6.152412e+00
1.931727e+00,2.002317e+00,3.533060e+00,2.969359e+01
9.160668e-01,1.621809e+00,8.376739e-01,-4.077665e+01
4.521115e+00,2.043952e+00,9.625324e-01,-4.807086e+00
2.875111e-01,1.546421e+00,3.835328e+00,-1.005785e+01
2.843004e+00,3.838097e+00,3.045072e+00,8.608827e+00
3.889197e+00,3.696659e+00,5.264800e+00,5.564516e+00
4.893081e+00,3.842455e+00,6.747233e-01,8.873121e+01
5.147052e+00,5.808054e+00,1.449298e+00,5.515537e+01
4.774804e+00,1.655964e+00,4.422067e+00,1.451365e+01
5.120007e+00,1.402814e+00,2.766380e+00,6.660215e+01
3.761489e+00,5.212202e+00,3.004091e+00,5.598811e+01
8.898753e-01,2.333877e-01,9.430924e-02,-2.057214e+01
3.078314e-02,4.647495e+00,2.511121e+00,1.230060e+01
1.390081e+00,5.205623e+00,3.280647e+00,2.539562e+01
5.459823e+00,3.688215e+00,2.573214e+00,7.648469e+01
1.078213e+00,2.550768e+00,3.867487e+00,2.604684e+01
4.191212e+00,5.880557e+00,4.317305e+00,3.198481e+01
4.819817e+00,3.055383e+00,4.795141e+00,4.927719e+01
7.869626e-01,5.616396e+00,4.694446e-01,-4.206891e+01
2.654056e+00,2.997225e-01,1.881658e+00,4.985060e+01
5.023536e-01,2.454203e+00,2.690654e+00,5.158276e+01
1.838598e+00,5.779405e+00,4.232706e+00,1.187569e+00
2.728684e+00,1.459955e+00,9.442046e-01,2.274266e+01
6.669214e-01,3.467231e+00,2.151354e+00,3.235800e+00
2.394000e+00,3.626205e+00,5.211444e+00,5.949537e+01
1.721394e+00,4.769963e+00,4.794843e+00,1.929826e+01
6.752533e-01,2.833833e+00,4.276982e+00,1.408066e+00
5.298278e+00,4.892184e+00,1.278908e+00,1.445504e+01
3.032355e+00,1.419570e+00,1.474921e+00,2.450291e+01
5.662604e+00,5.846162e+00,4.996630e+00,8.708604e+01
5.704797e+00,1.551200e+00,5.038504e+00,9.675395e+01
5.685507e+00,5.863805e+00,1.071900e+00,5.091177e+01
5.684062e+00,3.841707e+00,2.939902e+00,6.237157e+01
2.639308e+00,1.909020e+00,4.642944e-01,3.321770e+01
6.982917e-01,5.861001e+00,3.569311e+00,3.367494e+01
4.427711e+00,5.524140e-01,9.889360e-01,4.044923e+01
4.891648e+00,1.724388e+00,5.716079e+00,7.152104e+01
1.538677e+00,2.652020e+00,4.424921e+00,-2.470346e+00
4.236232e+00,1.421645e+00,1.607289e+00,5.169256e+01
2.761394e+00,5.689901e+00,1.038841e+00,4.903102e+01
2.084516e+00,3.163327e+00,5.059899e+00,6.534298e+01
1.694025e+00,4.767733e+00,4.728294e+00,1.803468e+01
5.734638e+00,5.729915e+00,3.118264e+00,1.277132e+02
3.725410e+00,2.837737e-01,4.131860e+00,-1.045795e+01
1.210649e+00,1.292881e+00,1.323521e+00,1.983944e+01
2.240644e+00,8.129351e-01,1.123789e+00,-4.815819e+00
3.963422e+00,6.149639e-01,4.292225e+00,-1.954230e+00
3.339870e+00,3.600293e+00,2.732396e+00,-4.069313e+01
1.864328e+00,2.608863e+00,5.394205e+00,-3.745021e+01
