1.191242e+00,3.452556e+00,4.263712e+00,9.218132e-01
1.574138e+00,4.574410e+00,2.479673e+00,-4.578984e-01
1.670673e+00,1.810444e+00,2.566480e+00,2.385167e-01
3.093147e+00,2.890903e+00,1.417064e+00,5.517104e-01
3.869578e+00,4.894176e+00,2.831995e+00,1.682103e+00
2.903727e+00,2.822591e+00,3.877235e+00,1.361634e+00
1.643253e+00,2.224412e+00,1.972641e+00,1.443716e-01
1.952706e+00,3.970000e+00,2.426823e+00,1.888920e-01
1.231124e+00,2.287828e+00,1.882785e+00,5.347238e-01
2.125545e+00,2.744564e+00,1.057519e+00,8.084275e-01
3.138029e+00,2.304712e+00,1.502298e+00,8.124270e-01
4.061404e+00,3.579392e+00,2.405105e+00,1.407362e+00
1.257414e+00,2.333345e+00,4.346244e+00,-1.059062e-01
1.534652e+00,2.202661e+00,3.519189e+00,1.524541e-01
3.257619e+00,3.680498e+00,2.586299e+00,1.023022e+00
2.890779e+00,4.006049e+00,1.317095e+00,-1.413347e+00
1.732808e+00,3.553678e+00,3.484390e+00,1.390857e+00
4.363613e+00,1.220046e+00,3.241178e+00,6.298549e-02
2.566520e+00,3.067811e+00,4.595003e+00,1.348103e+00
4.440170e+00,3.751787e+00,3.943371e+00,7.969644e-01
2.933321e+00,4.919127e+00,1.353069e+00,-1.866067e-01
4.434952e+00,1.958592e+00,2.953588e+00,4.813121e-02
1.389016e+00,4.013101e+00,1.882154e+00,2.403156e-01
2.601294e+00,1.845078e+00,2.686569e+00,1.012342e+00
3.905671e+00,4.286211e+00,3.847333e+00,2.200993e-01
1.578730e+00,3.508568e+00,2.368911e+00,2.200230e-01
2.963986e+00,2.448215e+00,3.165325e+00,3.010937e+00
2.959397e+00,2.126423e+00,3.741906e+00,8.538781e-01
3.331877e+00,3.170576e+00,3.543180e+00,2.031047e+00
1.225485e+00,4.341194e+00,1.503595e+00,-1.348078e+00
2.956293e+00,4.138692e+00,4.176507e+00,-1.156567e+00
2.100099e+00,1.838913e+00,1.607338e+00,-8.760138e-01
3.408652e+00,1.833711e+00,3.906247e+00,2.635049e-02
1.976180e+00,2.603991e+00,1.517389e+00,1.629740e+00
3.885652e+00,3.342578e+00,4.885013e+00,1.118041e+00
4.420568e+00,1.443181e+00,4.469465e+00,-6.504424e-01
3.745518e+00,3.482635e+00,4.453285e+00,-5.823144e-01
1.628427e+00,4.948040e+00,2.354052e+00,-2.061019e-01
2.140666e+00,1.999849e+00,1.433493e+00,-1.194099e-01
1.338308e+00,4.471809e+00,4.394390e+00,-1.906046e+00
1.487317e+00,4.705878e+00,2.802241e+00,-2.493562e-01
4.382451e+00,2.259671e+00,3.779535e+00,1.429738e+00
3.189437e+00,1.660358e+00,4.123074e+00,-4.522206e-01
3.854761e+00,1.656310e+00,3.485562e+00,-3.456402e-01
3.038082e+00,4.151341e+00,1.892236e+00,-3.605725e-01
2.791154e+00,2.366423e+00,2.606378e+00,2.206224e+00
4.384719e+00,2.350508e+00,2.231393e+00,1.638530e+00
2.656619e+00,3.238825e+00,2.629883e+00,1.972492e+00
4.274577e+00,3.331947e+00,3.560435e+00,1.811068e+00
1.576260e+00,2.209031e+00,1.351036e+00,7.476499e-01
3.057710e+00,2.083325e+00,3.454648e+00,1.260196e+00
3.286126e+00,1.080981e+00,4.695964e+00,-8.530998e-01
3.127884e+00,3.980045e+00,3.613775e+00,-1.059203e-01
1.165701e+00,3.557154e+00,3.400792e+00,1.605328e+00
4.126752e+00,1.085896e+00,4.609449e+00,-8.584749e-01
1.997017e+00,2.680656e+00,1.575899e+00,2.612261e-01
4.244801e+00,1.060823e+00,1.743894e+00,-1.522228e-01
1.839087e+00,4.468209e+00,4.842168e+00,-3.961140e-01
1.780421e+00,4.099510e+00,1.403460e+00,-9.668613e-02
1.461069e+00,3.653516e+00,3.760665e+00,1.183712e+00
4.482273e+00,3.383591e+00,3.014986e+00,2.244387e+00
1.211949e+00,1.182105e+00,3.388045e+00,2.908098e-01
3.047344e+00,2.210236e+00,2.883263e+00,1.894657e+00
4.876165e+00,4.500935e+00,1.762102e+00,-4.511298e-01
4.374858e+00,4.288146e+00,4.649385e+00,-1.675343e+00
4.588893e+00,4.903540e+00,3.567660e+00,7.430622e-01
1.763552e+00,4.310536e+00,2.289464e+00,4.871233e-01
1.921723e+00,2.330321e+00,2.201703e+00,1.527340e-01
2.839016e+00,3.445873e+00,4.198724e+00,1.295540e+00
3.159875e+00,1.260423e+00,1.867161e+00,-1.199821e+00
2.654828e+00,3.866502e+00,1.230413e+00,-2.740900e-02
2.711100e+00,1.645469e+00,4.216773e+00,-1.663865e-01
4.890291e+00,4.906816e+00,1.916952e+00,-2.545826e-01
3.397353e+00,2.001876e+00,2.248981e+00,7.575244e-01
2.008852e+00,4.629013e+00,2.643300e+00,-3.195953e-02
3.020187e+00,3.996591e+00,4.777044e+00,1.518871e-01
4.562638e+00,3.059691e+00,4.730002e+00,1.118873e+00
1.641406e+00,3.975244e+00,4.121701e+00,-5.382767e-01
3.910315e+00,2.373553e+00,2.228873e+00,1.489889e+00
2.811628e+00,3.347404e+00,1.842526e+00,1.058025e+00
4.611864e+00,2.268578e+00,2.631507e+00,1.868647e+00
4.292254e+00,2.311860e+00,3.795673e+00,1.137995e+00
1.424771e+00,3.018053e+00,1.151593e+00,6.247420e-01
1.665462e+00,2.777363e+00,4.885317e+00,4.900114e-01
1.431524e+00,3.860331e+00,4.820564e+00,5.655391e-01
3.313486e+00,4.058939e+00,3.644259e+00,-7.370963e-01
4.497765e+00,2.974474e+00,4.548595e+00,5.813694e-01
3.553639e+00,3.232237e+00,2.697134e+00,2.562232e+00
2.646822e+00,3.298636e+00,2.000043e+00,9.623853e-01
4.377404e+00,1.183365e+00,1.792053e+00,-1.989485e-01
4.116342e+00,4.432844e+00,2.735912e+00,3.376887e-01
4.546632e+00,2.879186e+00,4.950885e+00,1.383059e+00
2.219162e+00,2.468918e+00,2.132505e+00,8.930982e-01
2.076165e+00,2.079824e+00,2.211435e+00,6.996044e-01
3.042229e+00,4.223277e+00,2.807942e+00,9.859583e-01
4.569552e+00,2.833787e+00,1.598712e+00,6.165793e-01
4.678101e+00,3.165218e+00,1.473154e+00,1.004649e+00
3.742502e+00,1.056335e+00,3.216600e+00,1.267752e+00
3.322122e+00,4.402795e+00,4.239329e+00,-1.078144e+00
2.537926e+00,1.593682e+00,1.479033e+00,-7.190824e-01
4.226402e+00,3.587875e+00,1.700300e+00,5.379943e-01
3.291153e+00,1.665223e+00,1.453473e+00,2.211503e-01
4.354116e+00,3.506108e+00,4.636621e+00,3.480708e-01
2.757913e+00,1.559284e+00,2.850331e+00,1.085672e+00
3.392024e+00,1.960233e+00,2.593744e+00,8.133895e-01
1.748317e+00,3.467780e+00,4.616659e+00,6.522197e-01
1.815211e+00,1.758383e+00,4.266230e+00,-6.665209e-01
2.774154e+00,3.452980e+00,1.762722e+00,8.404591e-01
1.065544e+00,4.408097e+00,1.964034e+00,-5.191730e-01
1.083268e+00,4.843364e+00,1.782784e+00,-5.280212e-01
2.451777e+00,3.779500e+00,2.807915e+00,1.815268e+00
4.447131e+00,1.164202e+00,4.748462e+00,-6.792532e-01
1.679643e+00,2.819085e+00,3.283309e+00,2.949504e+00
3.730421e+00,4.288447e+00,2.584811e+00,-9.605091e-03
3.905466e+00,3.746201e+00,1.347276e+00,-3.388538e-01
4.658257e+00,3.220619e+00,2.283065e+00,1.573648e+00
4.917256e+00,4.855309e+00,4.418876e+00,-8.279514e-01
4.009874e+00,3.141611e+00,1.292560e+00,7.672626e-01
4.854682e+00,2.530672e+00,1.094744e+00,4.322432e-01
2.640640e+00,4.757316e+00,3.004723e+00,9.435526e-01
3.107675e+00,3.146089e+00,1.930803e+00,1.231908e+00
1.821524e+00,3.066251e+00,4.428555e+00,8.959181e-01
2.041169e+00,3.906429e+00,4.767997e+00,-4.420111e-01
4.252978e+00,4.246390e+00,3.876258e+00,-2.206053e-01
3.005414e+00,1.622537e+00,1.508893e+00,-8.951836e-01
1.200564e+00,3.409823e+00,4.684897e+00,1.476984e+00
1.017616e+00,3.939088e+00,3.719099e+00,2.029793e-01
4.576065e+00,4.359700e+00,2.444865e+00,-5.254181e-02
2.637954e+00,3.374390e+00,2.465844e+00,2.498567e+00
2.392956e+00,1.453867e+00,2.184171e+00,2.848725e-01
2.688603e+00,1.274831e+00,4.633775e+00,-8.706722e-01
3.856090e+00,1.279343e+00,4.349592e+00,-8.339198e-01
1.355878e+00,3.386961e+00,2.003395e+00,1.570797e+00
4.596457e+00,2.725964e+00,3.997785e+00,1.723256e-01
2.357274e+00,3.701459e+00,4.432918e+00,-2.133067e-01
3.260884e+00,2.327228e+00,1.311537e+00,5.026737e-01
3.144684e+00,2.309151e+00,3.868205e+00,8.930066e-01
1.796970e+00,2.682881e+00,4.099747e+00,1.479994e+00
2.145057e+00,2.600367e+00,4.694224e+00,5.021038e-01
3.667928e+00,3.513181e+00,3.386970e+00,1.997895e+00
2.358248e+00,3.804065e+00,1.155255e+00,4.182611e-01
2.330812e+00,1.761954e+00,4.158051e+00,-2.185135e-01
1.996453e+00,4.915160e+00,1.656680e+00,-6.431776e-01
1.320770e+00,1.189275e+00,2.136052e+00,2.210368e-01
4.780332e+00,3.390016e+00,2.962392e+00,2.148560e+00
3.083836e+00,3.162415e+00,2.558921e+00,2.694232e+00
2.930437e+00,1.577345e+00,2.289526e+00,4.769287e-01
4.118359e+00,4.791316e+00,2.744730e+00,9.770425e-01
2.596479e+00,2.484534e+00,4.330904e+00,9.251088e-01
2.054562e+00,1.250309e+00,1.864425e+00,-4.446865e-01
2.978778e+00,1.046016e+00,4.351916e+00,-2.148906e-01
2.311245e+00,2.131394e+00,4.500153e+00,6.369074e-01
1.804247e+00,2.221015e+00,2.864681e+00,1.322877e+00
2.591136e+00,2.178068e+00,3.739365e+00,1.320848e-01
2.522864e+00,4.021512e+00,4.005131e+00,-2.427683e-01
4.466117e+00,4.579538e+00,2.968321e+00,9.044776e-01
2.785370e+00,1.854357e+00,1.764439e+00,5.879334e-01
4.006130e+00,4.792842e+00,2.010461e+00,4.474244e-02
1.508460e+00,1.002461e+00,3.362288e+00,7.237032e-02
3.225194e+00,2.544846e+00,3.758161e+00,-2.411801e-01
4.418157e+00,4.855165e+00,2.180843e+00,-3.073222e-01
1.160932e+00,1.786497e+00,3.988882e+00,-9.334768e-01
2.742487e+00,1.948392e+00,2.633501e+00,1.255575e+00
2.202551e+00,2.905623e+00,2.457020e+00,2.266034e+00
4.110464e+00,3.217182e+00,4.600768e+00,7.182634e-01
4.135003e+00,1.365837e+00,3.550548e+00,1.699630e-01
3.569906e+00,3.204726e+00,4.739913e+00,1.706334e+00
3.762383e+00,3.384789e+00,3.484799e+00,1.598454e+00
2.469644e+00,3.415808e+00,1.396138e+00,-5.681223e-01
2.837293e+00,2.773187e+00,3.798540e+00,1.881346e+00
4.085817e+00,3.693859e+00,3.039642e+00,1.455471e+00
3.429922e+00,3.836042e+00,1.015317e+00,7.261421e-01
1.390949e+00,3.837095e+00,2.176360e+00,1.327780e+00
1.349697e+00,2.303306e+00,2.439209e+00,4.368879e-01
1.069290e+00,3.215161e+00,4.206980e+00,8.839232e-02
2.419218e+00,1.257321e+00,1.059683e+00,-5.913129e-01
2.297693e+00,4.909733e+00,3.321090e+00,6.808758e-01
3.504184e+00,4.850803e+00,2.897166e+00,7.779549e-01
1.859340e+00,4.706731e+00,1.603093e+00,-1.512641e+00
4.075602e+00,1.402280e+00,1.142868e+00,-9.272586e-01
3.756585e+00,2.250836e+00,3.235404e+00,1.841402e+00
4.766829e+00,4.308166e+00,1.872522e+00,-1.305684e+00
4.408525e+00,2.000108e+00,2.040720e+00,2.821198e-01
2.975492e+00,4.353131e+00,1.390789e+00,-1.439916e+00
4.108561e+00,4.657232e+00,3.926992e+00,-6.018176e-01
1.495409e+00,1.939620e+00,1.466136e+00,-5.290182e-01
2.533663e+00,4.199257e+00,3.421865e+00,1.231553e+00
4.855760e+00,4.312521e+00,3.407316e+00,6.505060e-01
2.900804e+00,3.697571e+00,1.355815e+00,2.675523e-01
4.060152e+00,3.089885e+00,2.790583e+00,2.199465e+00
1.813757e+00,2.799696e+00,1.792582e+00,8.653898e-01
4.647752e+00,3.138563e+00,4.028272e+00,2.004298e+00
4.322274e+00,1.412315e+00,2.780796e+00,-7.688244e-03
3.755960e+00,3.542259e+00,2.007994e+00,1.359006e+00
1.730781e+00,2.581660e+00,2.176996e+00,2.467011e+00
1.874226e+00,4.836224e+00,1.371483e+00,-9.932424e-02
1.616620e+00,4.059289e+00,3.649698e+00,-2.602276e-01
1.748929e+00,1.489228e+00,1.453463e+00,-9.868043e-01
4.648802e+00,2.165254e+00,1.928586e+00,5.917582e-01
4.187208e+00,4.995489e+00,2.845495e+00,1.076841e+00
