4.936465e+00,4.334989e+00,3.860617e+00,1.572968e-01
3.441875e+00,4.404912e+00,2.354658e+00,1.143050e+00
3.348838e+00,4.696258e+00,2.755794e+00,2.698066e-01
3.255578e+00,1.083909e+00,3.245273e+00,5.655823e-01
2.966125e+00,4.479309e+00,4.173156e+00,4.304490e-01
4.834322e-01,4.209188e+00,3.013660e+00,1.498605e+00
3.423233e+00,2.024462e+00,1.008607e+00,-9.546986e-02
3.067300e+00,3.520808e+00,2.277185e+00,6.176087e-01
5.059805e-01,1.642949e+00,2.285367e+00,2.808161e-01
3.102844e+00,3.588873e+00,8.043666e-01,5.975579e-01
2.641804e-01,4.908439e+00,5.369997e-01,5.249392e-01
1.528538e+00,4.545399e+00,1.052935e+00,-3.223708e-01
3.569702e-02,4.712097e-01,1.138177e+00,1.551393e+00
3.290086e+00,8.024097e-01,1.800215e+00,1.417237e+00
2.982686e-01,4.600367e+00,2.898161e-01,7.687074e-01
6.520173e-01,1.417132e+00,2.572533e+00,-2.485172e-01
2.990994e+00,1.942467e+00,1.185513e+00,-6.012029e-01
1.698744e-01,2.015578e+00,2.351355e+00,-8.379295e-01
4.087433e-01,2.395381e+00,4.902557e+00,-9.788682e-01
3.990521e+00,5.839843e-01,4.304693e+00,1.538302e+00
1.860446e+00,1.555327e+00,7.906815e-01,1.805667e-01
4.260323e+00,8.374118e-01,4.952231e+00,1.253943e+00
2.735884e+00,2.114764e-01,4.133853e+00,6.115995e-01
6.334766e-01,3.799406e+00,4.535482e+00,1.150421e+00
6.758575e-01,1.356581e+00,3.969499e+00,7.992385e-01
3.217264e+00,6.921192e-01,4.491245e+00,1.344524e+00
1.584200e+00,2.215913e+00,3.467582e+00,-3.783036e-01
4.179116e+00,3.058296e+00,3.638403e+00,2.233325e-01
2.641202e+00,2.769187e+00,2.308532e+00,-9.273193e-01
2.709576e+00,2.445738e+00,6.485314e-01,-4.563938e-01
2.529379e+00,3.541347e+00,4.985062e+00,5.434878e-01
4.805236e+00,2.558796e+00,1.944197e+00,-1.298589e+00
9.038706e-01,1.495095e+00,2.358291e+00,3.104556e-01
7.769377e-01,1.420060e+00,1.188813e+00,7.362385e-01
2.353912e+00,4.909585e+00,4.837769e+00,-5.039918e-01
2.646519e+00,1.809674e+00,3.503318e+00,-1.131732e-01
1.262656e+00,2.707105e+00,2.341242e+00,-3.822660e-01
3.220961e+00,4.146513e+00,4.181641e+00,1.023042e+00
3.600896e+00,4.783804e+00,4.756551e+00,8.801008e-02
1.030004e+00,3.596283e+00,1.926739e+00,7.552475e-01
1.747962e+00,2.264216e+00,2.754029e+00,-9.824533e-01
2.621919e+00,4.761238e+00,3.429106e+00,3.201469e-01
7.832958e-01,1.238665e+00,3.202652e+00,1.294291e+00
1.929860e+00,1.548925e+00,4.659735e-01,-2.325115e-01
2.007958e+00,2.183952e+00,1.159849e-01,-6.855118e-01
3.852139e+00,3.935971e+00,2.761948e+00,1.053711e+00
1.647947e-01,4.460925e+00,8.493623e-02,7.122114e-01
1.474875e+00,1.155149e+00,2.619719e-01,9.186967e-01
2.201061e+00,4.375341e+00,3.971221e+00,4.612357e-01
3.558442e-01,1.613216e+00,7.585318e-01,4.045230e-01
1.693261e+00,3.713861e-01,1.772798e+00,9.110896e-01
9.167214e-01,2.356129e+00,4.305378e+00,-4.158573e-01
4.772828e-01,4.984788e+00,3.085076e+00,-4.040015e-01
2.567605e+00,3.565997e+00,5.633353e-01,7.576072e-01
5.402895e-01,2.100341e-02,3.492485e+00,3.213867e-01
2.105037e+00,2.604915e+00,4.170631e+00,-1.260497e+00
1.827823e+00,2.620298e+00,4.270384e+00,-9.220872e-01
4.075875e+00,1.168357e+00,2.982842e+00,1.223117e+00
4.563615e+00,2.804298e+00,6.058018e-01,-3.008331e-01
6.731627e-01,2.139183e+00,3.491314e+00,-3.922966e-01
4.316319e+00,1.390021e+00,5.350027e-01,8.586886e-01
1.878201e+00,3.921767e-01,4.794546e+00,4.256961e-01
3.752054e+00,2.858751e+00,2.722330e+00,-2.036681e-01
3.762095e+00,4.782148e+00,4.679811e+00,4.522525e-02
1.851053e+00,3.014479e+00,1.460317e+00,-1.652275e-01
4.355665e+00,2.327186e+00,1.966746e+00,-5.162332e-01
4.132756e-01,4.410707e-02,1.451241e+00,6.024016e-01
1.748384e+00,4.698926e+00,4.649288e+00,3.825607e-02
4.289013e+00,4.441441e+00,1.736638e+00,7.459919e-01
2.218564e+00,4.219915e+00,2.309761e+00,4.124102e-01
3.192231e+00,3.285561e+00,1.723795e+00,1.965260e-01
1.014676e+00,1.566443e+00,8.059966e-01,6.459149e-01
4.800474e+00,2.330643e+00,3.283647e+00,-2.107088e-01
4.708549e+00,4.139448e+00,7.552010e-01,1.297023e+00
4.018908e+00,4.241363e+00,2.701686e+00,3.237317e-01
1.242541e+00,6.598123e-01,2.158512e+00,9.039027e-01
1.215085e+00,3.090607e+00,2.748151e-01,2.196843e-01
3.087526e+00,1.780758e+00,8.629722e-01,-1.098586e-01
3.015526e+00,6.104428e-01,2.162379e+00,6.356702e-01
9.806342e-01,3.096003e+00,1.109082e+00,2.958163e-01
1.116285e-01,5.591174e-01,4.417099e-01,1.396449e+00
1.262888e+00,3.082883e+00,4.536178e+00,6.664241e-01
7.379488e-01,3.713724e+00,4.937734e+00,1.226799e+00
4.249997e+00,1.556641e+00,4.745102e-02,4.613322e-01
3.289705e+00,2.393369e-01,2.541727e+00,6.825788e-01
1.302785e+00,3.723547e+00,4.271681e+00,7.321338e-01
9.091126e-01,3.499160e-01,1.588627e+00,9.443296e-01
2.266351e+00,2.582552e+00,1.750428e-01,-9.199166e-01
3.586382e+00,4.415045e+00,2.240593e+00,9.910670e-01
8.840377e-01,2.937624e+00,4.691299e+00,-2.226865e-01
4.746363e+00,8.582358e-01,1.146495e+00,1.121518e+00
4.174352e+00,2.500164e+00,1.988325e+00,-1.327965e+00
1.736819e+00,4.044755e+00,2.791355e+00,5.593582e-01
3.579079e+00,4.892822e+00,2.544731e+00,-1.746715e-01
2.683385e-01,3.325558e+00,2.570985e-01,5.009803e-01
6.169564e-01,2.208717e+00,3.546071e+00,-3.210739e-01
1.201277e+00,1.606937e+00,4.972688e+00,3.388462e-02
4.892717e+00,3.528847e+00,3.780896e+00,1.666021e-01
1.208911e+00,9.741032e-01,3.885054e+00,1.335035e+00
1.166003e+00,7.803510e-01,1.142816e+00,1.025518e+00
1.218496e-01,3.354268e+00,9.294804e-02,6.975509e-01
3.561086e+00,1.248848e+00,5.298634e-01,1.024437e+00
2.118125e+00,9.028299e-01,1.289198e+00,9.403336e-01
4.674413e+00,3.873020e+00,7.435360e-02,9.523091e-01
2.830168e+00,1.980411e+00,3.033234e+00,-5.225676e-01
4.554641e+00,2.740228e+00,7.401649e-01,-6.872542e-01
3.005134e+00,1.485935e+00,4.465280e+00,3.880109e-02
2.299954e+00,2.902317e-01,2.792851e+00,7.486267e-01
7.348150e-01,1.698032e+00,4.024753e+00,1.156206e+00
8.001901e-01,1.627136e+00,3.891347e+00,4.158190e-02
3.372151e+00,1.298416e+00,1.630576e+00,4.642854e-01
4.050667e+00,1.505823e-01,1.576964e+00,9.044922e-01
3.842329e-01,4.759992e+00,4.241819e+00,-7.263417e-01
1.591310e+00,3.029382e+00,3.177692e+00,1.002646e-01
1.220888e-01,4.481840e+00,1.066671e+00,8.643615e-01
3.187701e+00,3.061196e+00,3.379219e+00,2.455404e-01
1.549772e+00,4.449879e+00,1.315571e+00,8.286871e-01
3.502760e+00,2.829966e+00,2.675882e+00,-7.821343e-01
1.025432e+00,3.272525e+00,1.095687e+00,5.766324e-01
2.201592e+00,1.061682e+00,2.748674e+00,1.018544e+00
3.350021e+00,1.666281e+00,2.159667e+00,5.671851e-01
3.775712e+00,2.810615e+00,1.360701e+00,-2.808655e-01
3.894769e+00,3.738695e+00,1.852038e+00,7.883773e-01
3.454013e+00,6.606625e-01,2.417667e+00,9.500539e-01
4.186819e+00,2.366577e+00,1.081097e+00,-1.025485e+00
4.863144e+00,3.889101e+00,2.667607e+00,5.626301e-01
7.422725e-01,3.408669e+00,1.860430e+00,1.201639e+00
1.615551e+00,4.896683e+00,9.508050e-02,-3.944962e-01
1.393786e+00,6.722886e-01,9.078834e-01,1.433350e+00
2.250731e+00,3.230138e+00,1.742982e-01,3.303937e-02
2.778673e+00,3.983477e+00,4.723803e+00,5.854657e-01
5.407408e-01,2.176417e+00,2.575490e+00,-7.694492e-01
2.389528e+00,1.996841e+00,2.552445e+00,-8.490784e-01
1.038024e+00,3.040440e+00,5.692440e-01,3.925918e-01
3.944063e+00,3.844233e+00,3.169273e+00,1.171084e+00
1.320164e+00,2.372799e+00,4.189992e+00,-7.623901e-01
2.455317e+00,4.943154e+00,1.395997e+00,-5.900245e-01
2.593470e+00,1.088462e+00,4.157610e+00,5.127036e-01
5.160006e-01,1.029884e+00,2.934079e+00,9.301815e-01
1.077311e+00,4.026639e+00,3.563586e+00,1.115443e+00
8.715430e-01,3.251201e+00,1.497755e+00,1.320353e+00
4.095195e+00,4.192961e+00,4.602518e+00,1.146985e+00
1.875334e+00,2.734588e-01,2.180576e+00,1.814444e-01
2.798388e+00,3.648962e+00,1.492286e+00,3.629411e-01
7.959615e-01,1.815577e+00,1.276917e+00,2.213558e-01
4.260167e+00,1.777498e+00,1.583429e+00,3.033763e-01
2.388540e+00,4.775498e+00,3.538202e+00,1.734906e-01
3.078228e+00,3.557125e+00,2.021628e+00,1.206019e+00
2.946728e+00,1.528540e+00,8.365311e-01,-1.569471e-01
4.258356e-02,3.864294e+00,2.378969e+00,8.986389e-01
2.694910e+00,4.799934e+00,2.070823e+00,-4.762791e-01
2.886502e+00,3.603309e+00,2.217286e+00,3.534330e-01
2.197193e+00,1.945900e+00,6.241473e-01,-9.532303e-01
2.439055e+00,4.673369e+00,4.538582e+00,2.539970e-01
2.277483e+00,3.496326e+00,4.479497e+00,7.423883e-01
7.675408e-01,1.107577e+00,3.839164e-01,9.092534e-01
4.007285e+00,3.844388e+00,4.935122e-01,1.388722e+00
2.970007e+00,1.002267e+00,2.690206e+00,1.022704e+00
3.930389e+00,3.406975e+00,2.080641e-01,5.118466e-01
6.063801e-01,3.341293e+00,3.220466e+00,6.922197e-01
3.812926e-01,9.818055e-01,2.424433e+00,8.055391e-01
1.089792e+00,3.187246e+00,5.981125e-02,7.233800e-01
4.525624e+00,3.165011e+00,3.178782e+00,3.666232e-02
4.858528e+00,7.723611e-01,9.289804e-02,7.703479e-01
4.954376e+00,1.741336e+00,3.436012e+00,-2.459776e-01
3.971606e+00,2.725746e+00,1.337710e+00,-3.636303e-01
2.992630e+00,4.622704e+00,4.695801e+00,4.022049e-01
3.276639e-02,1.869531e-01,1.097279e+00,5.048078e-01
3.444892e+00,3.824480e+00,1.394638e+00,1.697754e+00
4.179306e+00,3.505477e+00,5.326136e-01,1.003386e+00
4.860778e+00,2.390279e+00,4.272911e+00,-1.133123e+00
6.997538e-01,2.534325e+00,3.278569e+00,-5.741108e-01
1.980691e+00,6.973493e-01,3.651072e+00,6.949005e-01
1.191038e+00,6.282088e-01,7.569610e-01,7.541820e-01
1.797620e+00,2.662102e+00,1.033953e+00,-7.285391e-01
2.070544e+00,4.846605e+00,2.566687e+00,-3.653087e-01
1.721870e+00,4.618767e+00,3.797910e+00,7.234673e-01
2.057597e+00,9.498308e-01,2.373536e+00,7.857370e-01
3.580431e+00,9.126416e-01,2.964403e-02,1.743870e+00
3.089043e+00,3.659474e+00,2.386379e+00,7.605090e-01
2.299997e-01,4.984447e+00,3.816183e+00,-1.437828e-01
1.101950e+00,6.169680e-01,3.719517e+00,1.706089e+00
5.982651e-01,9.229202e-01,2.808780e+00,1.072581e+00
9.440455e-01,4.722045e+00,1.746979e+00,-3.275585e-01
2.775147e+00,2.142166e+00,4.698277e+00,-1.319685e+00
2.758718e+00,3.684095e-01,4.967152e+00,7.864554e-01
3.572710e+00,4.930801e+00,1.172282e+00,1.489837e-01
1.230841e+00,4.167018e-01,1.987068e+00,9.398029e-01
1.924455e+00,4.547505e+00,4.206737e+00,5.603122e-01
1.946309e+00,9.257684e-01,3.778004e+00,8.235408e-01
2.381734e+00,4.990723e+00,4.893566e+00,-4.188357e-01
4.057453e+00,9.256769e-01,4.938239e+00,7.543932e-01
4.013759e+00,2.974339e-01,3.208309e+00,8.786600e-01
2.895644e+00,3.858963e+00,7.435574e-01,6.257300e-01
1.620070e+00,1.035811e+00,3.582697e+00,1.026251e+00
2.322956e+00,2.338953e+00,1.368925e+00,-5.157151e-01
3.251295e+00,1.385220e-01,1.694741e+00,2.047660e-01
1.570161e+00,1.850243e+00,2.805740e+00,-6.722364e-01
4.409325e+00,3.221719e+00,1.792745e+00,-6.682036e-03
3.248339e+00,3.167310e+00,1.672191e+00,1.084665e-01
