2.124114e+00,2.109810e+00,1.709155e+00,-5.843904e-01
1.765041e+00,3.419619e+00,3.511950e+00,-1.631770e+00
2.651033e+00,3.437827e+00,4.583827e+00,-3.992517e+00
3.181816e+00,4.142836e+00,2.917021e+00,-1.736667e+00
2.561188e+00,3.983667e+00,4.094933e+00,-1.996639e+00
4.434035e+00,1.669267e+00,4.657874e+00,-3.988241e-01
4.625983e+00,1.824143e+00,2.868994e+00,-5.797343e-01
4.703539e+00,2.441492e+00,3.754496e+00,-2.045325e+00
4.056741e+00,1.406442e+00,1.071171e+00,-4.621058e-01
4.016007e+00,1.285635e+00,3.549660e+00,-2.463507e+00
3.270021e+00,4.398041e+00,1.992495e+00,-2.497459e+00
3.982317e+00,4.938231e+00,1.956735e+00,-2.401123e+00
4.252301e+00,1.394661e+00,3.838609e+00,-1.068552e+00
1.795154e+00,4.428806e+00,1.755476e+00,-5.185197e-01
4.240697e+00,4.610373e+00,3.651938e+00,-9.513428e-01
2.798658e+00,2.250363e+00,4.784969e+00,-1.693415e+00
3.260371e+00,1.448440e+00,2.922867e+00,-1.922918e+00
4.002502e+00,1.974842e+00,3.616714e+00,-2.513053e+00
2.817324e+00,1.341679e+00,2.153768e+00,-1.455327e+00
1.728782e+00,3.690780e+00,2.972765e+00,-1.024950e-01
1.246886e+00,2.798856e+00,1.957168e+00,-9.405102e-01
4.522418e+00,4.844013e+00,4.451706e+00,4.216764e-02
2.303895e+00,2.446358e+00,4.303466e+00,-2.467270e+00
4.779448e+00,3.720060e+00,3.469897e+00,-1.295435e+00
3.329789e+00,1.444508e+00,4.252315e+00,6.025432e-01
4.235618e+00,1.626360e+00,3.724819e+00,-8.982901e-01
1.023536e+00,3.315885e+00,2.437509e+00,1.902021e+00
1.250890e+00,3.621860e+00,2.325912e+00,2.822362e-01
1.390216e+00,1.565531e+00,2.607065e+00,-4.056181e-01
1.902719e+00,3.748668e+00,1.549307e+00,-2.342701e-01
2.991895e+00,1.383376e+00,2.396893e+00,-5.702564e-01
4.639293e+00,3.062244e+00,1.713625e+00,1.558969e-01
3.068870e+00,4.062402e+00,1.013490e+00,-4.000749e+00
4.425191e+00,3.001763e+00,2.036202e+00,-2.160800e+00
3.335179e+00,1.290804e+00,3.005650e+00,-2.263056e+00
2.874015e+00,3.767964e+00,4.092987e+00,-2.807771e+00
3.966453e+00,2.228308e+00,2.284224e+00,-2.193424e+00
3.308503e+00,4.725798e+00,4.452435e+00,-1.409106e+00
1.237938e+00,1.438308e+00,1.630947e+00,1.695255e+00
1.517098e+00,3.816973e+00,3.352377e+00,-1.206905e+00
2.940976e+00,1.579550e+00,2.454346e+00,-1.299199e+00
3.130503e+00,2.892049e+00,3.949984e+00,-2.682288e+00
2.198399e+00,2.002662e+00,2.775278e+00,-3.368519e+00
2.059050e+00,1.257842e+00,2.258620e+00,-1.478444e+00
2.361078e+00,4.609825e+00,4.687584e+00,-8.712135e-01
4.445257e+00,1.724997e+00,4.479614e+00,-1.426538e+00
3.596574e+00,3.171442e+00,4.486075e+00,-2.292199e+00
2.718402e+00,4.128001e+00,2.106862e+00,-1.141536e+00
4.777373e+00,3.500189e+00,2.373008e+00,-1.226857e+00
4.305961e+00,3.000328e+00,1.578193e+00,-1.795180e+00
2.781740e+00,2.133308e+00,2.499742e+00,-1.657584e+00
1.438819e+00,1.579667e+00,2.151331e+00,1.345861e+00
3.859831e+00,1.502329e+00,3.738546e+00,-1.388127e+00
1.684342e+00,1.693900e+00,3.675377e+00,1.458563e+00
4.771743e+00,4.038425e+00,3.782083e+00,1.896632e-01
2.447323e+00,1.987533e+00,4.828788e+00,-2.834948e+00
3.579641e+00,1.481115e+00,1.282611e+00,-1.189593e+00
2.389857e+00,3.258258e+00,1.763637e+00,-2.955634e+00
1.717391e+00,1.178235e+00,2.423446e+00,8.749718e-01
4.371292e+00,1.380594e+00,3.192909e+00,8.070259e-02
3.404512e+00,1.043866e+00,2.160640e+00,-1.395401e+00
2.481923e+00,1.023069e+00,3.024875e+00,-3.871034e-01
3.381991e+00,1.726153e+00,2.156298e+00,-3.143538e+00
2.618827e+00,3.348009e+00,3.613549e+00,-3.711300e+00
1.673713e+00,3.027547e+00,2.609692e+00,-2.502712e+00
4.072273e+00,1.713469e+00,4.035547e+00,2.323647e-01
1.215222e+00,3.468515e+00,1.863005e+00,7.044009e-01
4.628229e+00,2.894669e+00,2.297005e+00,-1.326093e+00
2.361828e+00,2.087254e+00,4.507496e+00,-1.519352e+00
4.332012e+00,4.089747e+00,1.277303e+00,-5.320401e-01
2.728303e+00,4.450298e+00,3.726672e+00,-4.473894e+00
1.617144e+00,4.017674e+00,3.844802e+00,-1.254393e+00
2.091671e+00,3.529194e+00,2.259073e+00,-1.684337e+00
4.211660e+00,1.393233e+00,4.109050e+00,7.357557e-01
4.553341e+00,2.829473e+00,1.401344e+00,-5.930510e-02
1.799179e+00,4.992959e+00,4.435751e+00,-3.638109e-01
3.976757e+00,3.434398e+00,3.181424e+00,-1.001762e+00
4.741798e+00,3.782217e+00,2.805802e+00,4.422401e-01
3.613100e+00,2.329829e+00,3.392660e+00,-2.655274e+00
1.805439e+00,3.368011e+00,3.209064e+00,-2.770787e+00
1.777506e+00,2.192261e+00,3.040411e+00,-1.988162e+00
3.347215e+00,4.050592e+00,2.644847e+00,-1.341951e+00
2.704964e+00,3.190419e+00,3.742426e+00,-3.468143e+00
4.319565e+00,3.407477e+00,4.266011e+00,-2.574079e+00
4.423418e+00,4.594020e+00,2.800226e+00,-1.912013e+00
4.653503e+00,1.492305e+00,3.258279e+00,1.713423e+00
1.560621e+00,2.208419e+00,2.904535e+00,1.298090e+00
4.920223e+00,2.293550e+00,3.240223e+00,2.392535e-01
2.721863e+00,1.801560e+00,2.341109e+00,-3.910877e-01
1.195841e+00,2.928590e+00,2.287408e+00,-3.645656e+00
4.479459e+00,4.061947e+00,1.569580e+00,3.582015e-01
1.126766e+00,4.018825e+00,3.992311e+00,1.449682e+00
2.742890e+00,4.576712e+00,4.449394e+00,-2.073829e+00
4.309477e+00,3.686276e+00,4.367261e+00,-1.240959e+00
1.298078e+00,3.585641e+00,4.923699e+00,-2.048791e+00
1.940280e+00,4.288185e+00,1.275529e+00,-1.118949e+00
3.682315e+00,2.799497e+00,3.875140e+00,-2.644486e+00
1.412122e+00,2.034617e+00,1.713115e+00,-1.177999e+00
4.486872e+00,4.651245e+00,4.225949e+00,-6.881612e-01
4.988844e+00,1.050396e+00,2.717477e+00,6.564676e-01
3.065335e+00,1.808334e+00,3.310563e+00,-1.686260e+00
1.320846e+00,1.284957e+00,3.990525e+00,-1.829376e-01
4.774915e+00,3.296818e+00,3.890678e+00,-3.820309e-01
1.208207e+00,2.102096e+00,3.739124e+00,4.507261e-02
1.976783e+00,3.466720e+00,4.238873e+00,-2.338786e+00
1.230164e+00,4.748577e+00,2.394955e+00,-5.481318e-01
4.203538e+00,1.534420e+00,1.910679e+00,-1.025309e-01
2.531895e+00,2.998338e+00,1.088082e+00,-6.897194e-01
2.736636e+00,1.956184e+00,3.882530e+00,-1.142328e+00
4.505300e+00,4.378715e+00,2.506478e+00,-1.918520e+00
1.429620e+00,1.086716e+00,4.361278e+00,1.512425e-01
3.175464e+00,4.100852e+00,1.820028e+00,-4.246085e+00
3.531087e+00,3.418514e+00,2.551109e+00,-3.663001e+00
1.605763e+00,2.255454e+00,4.038332e+00,-2.005857e-02
4.778232e+00,3.731758e+00,2.981658e+00,-1.770077e+00
4.627507e+00,1.082209e+00,2.265687e+00,-3.252924e-01
4.729908e+00,2.465859e+00,4.455393e+00,4.077908e-01
4.156162e+00,3.512738e+00,3.856330e+00,-1.872102e+00
4.114061e+00,2.217033e+00,2.609313e+00,-2.912898e+00
4.969720e+00,4.761023e+00,1.439277e+00,2.830011e-01
2.990638e+00,2.698500e+00,1.827336e+00,-3.576795e+00
1.311392e+00,1.096426e+00,3.924742e+00,5.706108e-01
3.830578e+00,3.053108e+00,4.826483e+00,-2.330618e+00
4.616530e+00,1.960710e+00,4.054619e+00,-1.680758e+00
2.358068e+00,1.051970e+00,3.587005e+00,-1.208457e-01
4.774163e+00,4.077711e+00,1.960396e+00,-2.911845e+00
1.480149e+00,2.090865e+00,3.512903e+00,6.145279e-01
2.575096e+00,3.917023e+00,3.702780e+00,-2.056786e-01
2.790250e+00,2.172744e+00,3.835654e+00,-2.031514e+00
4.900205e+00,3.620208e+00,3.565087e+00,-1.496516e+00
1.789838e+00,1.010820e+00,3.406680e+00,2.278040e-01
3.278816e+00,3.386335e+00,4.209927e+00,-4.828337e+00
3.537108e+00,3.447378e+00,1.188658e+00,-1.315504e+00
4.520949e+00,2.428827e+00,4.859317e+00,-9.243901e-01
3.154641e+00,4.398522e+00,1.593669e+00,-5.711237e-01
2.273325e+00,2.914626e+00,3.958079e+00,-2.667440e+00
2.001167e+00,1.684721e+00,2.136928e+00,1.529158e-01
3.468766e+00,4.243940e+00,1.651593e+00,-2.529085e+00
1.193931e+00,3.917906e+00,1.479273e+00,4.592257e-01
4.723434e+00,2.484249e+00,2.203419e+00,2.409494e-01
1.653264e+00,3.946718e+00,4.767927e+00,2.104668e+00
3.035716e+00,4.132437e+00,1.708785e+00,-2.367959e+00
4.144633e+00,4.295599e+00,1.772420e+00,-3.190871e-01
3.244412e+00,1.047741e+00,1.551681e+00,-3.397829e+00
3.693080e+00,3.624728e+00,2.897005e+00,-1.931822e+00
1.600695e+00,2.934089e+00,3.783801e+00,-3.964967e-01
1.900309e+00,3.999351e+00,1.332560e+00,1.705712e+00
4.759182e+00,2.426326e+00,3.967820e+00,-1.135699e+00
3.530594e+00,2.754877e+00,1.431149e+00,-1.907481e+00
1.517893e+00,4.436344e+00,1.691316e+00,-1.388002e+00
1.222154e+00,1.530717e+00,2.540688e+00,2.417319e-01
3.453239e+00,3.749398e+00,4.633141e+00,-1.008993e+00
1.628826e+00,2.980363e+00,2.628254e+00,-2.451326e+00
2.427589e+00,2.066472e+00,1.243819e+00,-7.182865e-01
1.712935e+00,1.732029e+00,1.488667e+00,-1.350775e+00
2.369730e+00,3.503509e+00,3.713919e+00,-2.463616e+00
3.715551e+00,2.819853e+00,3.539421e+00,-3.306600e+00
3.175576e+00,2.094402e+00,4.442233e+00,-6.363556e-01
2.446834e+00,2.357873e+00,4.423964e+00,-2.272167e+00
4.874960e+00,1.682281e+00,2.828011e+00,-5.168459e-01
4.997463e+00,1.899604e+00,1.816967e+00,4.057953e-01
4.169722e+00,1.271669e+00,3.995284e+00,-8.009815e-01
3.172933e+00,2.815745e+00,3.209372e+00,-1.375120e+00
4.244297e+00,2.031536e+00,4.322489e+00,-2.690432e+00
4.319813e+00,4.229328e+00,2.239428e+00,-1.661037e+00
4.382794e+00,3.759362e+00,2.546340e+00,-1.509297e+00
4.566505e+00,1.533332e+00,3.808685e+00,-1.143716e+00
1.232662e+00,1.012422e+00,2.880290e+00,2.182378e+00
1.770677e+00,4.523297e+00,1.862563e+00,7.612708e-01
3.390009e+00,2.393157e+00,4.237773e+00,-2.858364e+00
1.358616e+00,4.446085e+00,2.699819e+00,2.446114e+00
1.774732e+00,1.124451e+00,2.897341e+00,-7.567416e-01
4.626454e+00,1.215546e+00,3.425404e+00,1.960728e-01
4.019425e+00,1.499549e+00,2.589051e+00,-5.646620e-01
2.423751e+00,2.503473e+00,2.615753e+00,-1.443299e+00
4.550994e+00,4.943779e+00,4.058828e+00,4.017288e-01
4.597128e+00,1.063598e+00,2.466296e+00,-7.038491e-01
3.996896e+00,1.222300e+00,1.657767e+00,-1.199124e-01
4.736217e+00,1.172741e+00,3.649060e+00,5.781915e-01
2.757503e+00,1.752166e+00,2.971145e+00,-1.723963e+00
1.377196e+00,1.151579e+00,2.540317e+00,1.214771e+00
3.718702e+00,1.623696e+00,1.650189e+00,-1.389619e+00
2.661636e+00,1.948056e+00,3.662002e+00,-2.523248e+00
4.157787e+00,1.994434e+00,3.049698e+00,-3.842104e-01
2.112126e+00,3.642028e+00,4.570849e+00,-4.126880e+00
4.494587e+00,2.438592e+00,3.926899e+00,1.540047e-01
4.867139e+00,2.715082e+00,2.685712e+00,-1.045488e+00
3.264204e+00,4.429263e+00,1.040773e+00,-2.350846e+00
4.063632e+00,2.484217e+00,2.420141e+00,-3.127837e-02
3.560895e+00,4.955271e+00,3.861985e+00,-2.787797e+00
2.438294e+00,4.578331e+00,4.395327e+00,-5.337440e-01
2.709079e+00,1.299018e+00,2.591697e+00,-6.948700e-01
1.733944e+00,3.660092e+00,4.322031e+00,4.132714e-01
4.887635e+00,4.869899e+00,2.902634e+00,7.778225e-01
3.056138e+00,1.205007e+00,1.784599e+00,9.838373e-02
4.680617e+00,3.518827e+00,1.439652e+00,-2.247866e-01
4.578361e+00,3.499738e+00,1.792184e+00,-9.677174e-01
3.406518e+00,3.029122e+00,2.659438e+00,-3.156097e+00
2.459097e+00,4.402183e+00,1.051039e+00,-4.935620e-02
1.511144e+00,4.785278e+00,1.009778e+00,-5.163193e-01
