3.383271e+00,4.863757e+00,1.350067e+00,4.071203e-01
1.388098e+00,2.986680e+00,3.458935e+00,-4.039527e-01
4.436823e+00,3.153587e+00,4.086074e+00,2.151650e-01
1.002877e+00,1.123647e+00,2.134397e+00,-3.420390e-01
4.259082e+00,2.188271e+00,2.136731e+00,-1.921080e-01
2.862829e+00,1.239574e+00,2.610876e+00,9.487841e-02
2.372976e+00,3.552148e+00,1.039943e+00,1.265025e+00
2.735360e+00,3.611912e+00,3.290132e+00,1.074351e+00
2.073000e+00,3.283982e+00,3.274324e+00,1.142689e+00
4.754421e+00,3.254458e+00,1.204939e+00,-6.796572e-02
1.072613e+00,1.015810e+00,4.484246e+00,5.868658e-01
1.112581e+00,2.670103e+00,4.671834e+00,-8.402365e-01
2.632981e+00,2.491485e+00,3.506917e+00,5.963287e-02
1.005853e+00,4.148919e+00,3.314862e+00,2.208686e+00
2.692902e+00,1.974714e+00,1.866545e+00,-1.018650e+00
4.221282e+00,4.137498e+00,1.934532e+00,7.537715e-01
1.464146e+00,3.324387e+00,2.652807e+00,-2.720316e-01
1.341660e+00,1.791716e+00,1.259872e+00,1.594987e+00
2.832655e+00,1.264461e+00,3.492074e+00,6.865646e-01
3.087984e+00,1.235458e+00,2.383398e+00,-3.264790e-01
3.126033e+00,4.808989e+00,4.018615e+00,8.797612e-01
1.070313e+00,2.515521e+00,1.065709e+00,7.177226e-02
3.998484e+00,3.661112e+00,4.302647e+00,8.531802e-01
3.365724e+00,1.945383e+00,4.420209e+00,6.427372e-02
4.351117e+00,3.119443e+00,2.565647e+00,-1.369052e-01
1.940783e+00,4.499671e+00,4.225275e+00,9.033558e-03
1.454874e+00,2.296890e+00,4.972767e+00,-1.681077e+00
2.568164e+00,1.322423e+00,3.611891e+00,5.380587e-01
1.434999e+00,4.460602e+00,3.413486e+00,2.062759e+00
2.908885e+00,3.674832e+00,4.059736e+00,1.630392e+00
4.157812e+00,2.702104e+00,3.331816e+00,5.682389e-01
2.667810e+00,3.890332e+00,1.932474e+00,5.481655e-01
2.099843e+00,1.631908e+00,2.815270e+00,-7.148919e-01
4.906565e+00,4.611816e+00,4.500424e+00,1.775431e+00
4.726767e+00,2.198936e+00,1.818159e+00,-1.558301e+00
2.060258e+00,3.530664e+00,1.034177e+00,3.184487e-01
4.639689e+00,2.584101e+00,1.930467e+00,3.916056e-01
3.039910e+00,3.801790e+00,4.589407e+00,6.267336e-02
3.461691e+00,4.475767e+00,4.736367e+00,1.191973e+00
3.796324e+00,3.479775e+00,3.702960e+00,1.485406e+00
3.428932e+00,2.660756e+00,1.365744e+00,-1.977767e-01
3.959958e+00,1.407323e+00,3.164325e+00,1.024432e+00
1.947842e+00,2.057298e+00,3.206469e+00,1.133819e+00
1.320886e+00,1.289743e+00,2.989310e+00,1.497375e+00
4.927585e+00,4.377733e+00,4.487541e+00,1.124022e+00
3.352594e+00,4.491776e+00,4.404320e+00,3.158883e-01
1.594441e+00,2.041923e+00,4.844216e+00,6.655577e-01
1.986100e+00,1.496205e+00,4.578457e+00,1.002410e+00
4.096472e+00,1.718834e+00,2.960287e+00,-7.297572e-02
3.466126e+00,1.117962e+00,2.544588e+00,1.171172e+00
2.884687e+00,2.863029e+00,3.488961e+00,-4.025022e-01
3.518336e+00,2.977989e+00,1.475055e+00,5.313540e-01
2.885241e+00,2.625667e+00,4.858224e+00,-3.119761e-01
4.194164e+00,4.502558e+00,3.671139e+00,-4.456958e-02
4.038695e+00,4.830681e+00,3.344355e+00,7.117548e-01
2.439911e+00,3.810695e+00,3.389070e+00,8.932656e-01
4.142847e+00,3.717656e+00,3.103936e+00,2.338413e+00
2.400151e+00,3.673544e+00,4.634140e+00,7.360973e-01
1.107062e+00,2.022838e+00,3.420267e+00,-4.703150e-01
3.034126e+00,2.257245e+00,3.740740e+00,1.518505e+00
1.481919e+00,3.986389e+00,4.776366e+00,8.317459e-01
3.799215e+00,2.267349e+00,3.660410e+00,8.909902e-01
3.778607e+00,2.106913e+00,2.389569e+00,-2.413543e-01
4.406733e+00,4.213561e+00,2.355776e+00,1.713594e+00
1.335972e+00,4.792101e+00,4.176889e+00,4.004208e-01
3.243767e+00,2.541120e+00,2.435459e+00,-8.828472e-01
3.199148e+00,1.042481e+00,2.787372e+00,3.358548e-01
2.409654e+00,2.985481e+00,2.288955e+00,-3.974091e-01
4.569109e+00,1.827128e+00,2.136793e+00,-2.674132e-01
3.429203e+00,3.104568e+00,1.863845e+00,4.586614e-01
2.126237e+00,4.449089e+00,3.807839e+00,7.329400e-01
1.808920e+00,4.686413e+00,1.907315e+00,-7.237639e-01
3.472021e+00,2.974867e+00,2.585190e+00,7.879189e-01
2.947125e+00,3.327294e+00,2.390741e+00,1.246836e+00
3.022824e+00,3.268827e+00,4.912214e+00,5.710182e-01
3.824437e+00,3.916462e+00,2.122557e+00,1.366209e+00
2.536517e+00,3.540800e+00,4.342430e+00,1.159555e+00
1.559058e+00,1.560299e+00,3.676806e+00,8.752162e-01
2.506769e+00,2.588937e+00,3.330617e+00,4.002031e-01
3.475359e+00,1.070846e+00,4.321886e+00,1.969740e+00
3.755374e+00,4.951287e+00,2.768921e+00,1.217019e+00
4.801275e+00,3.162877e+00,1.892392e+00,-2.725492e-01
4.399540e+00,3.491482e+00,1.050089e+00,1.109608e+00
1.118161e+00,1.165661e+00,4.646289e+00,1.380654e+00
1.864907e+00,3.730873e+00,1.893569e+00,1.568915e-01
3.861889e+00,4.010772e+00,1.257333e+00,2.522395e+00
1.165688e+00,3.008030e+00,1.538522e+00,-1.069982e-01
1.414649e+00,2.820966e+00,2.229081e+00,1.097278e-01
3.185750e+00,3.274064e+00,4.489071e+00,1.241652e+00
4.623004e+00,4.968513e+00,1.848017e+00,-1.230697e+00
4.592783e+00,1.658329e+00,1.008664e+00,8.958645e-01
4.161904e+00,3.460470e+00,3.197881e+00,5.783005e-01
4.012696e+00,1.331870e+00,3.497151e+00,3.702804e-01
3.377329e+00,3.122412e+00,4.877992e+00,-2.596532e-01
1.750528e+00,3.599577e+00,3.228968e+00,1.095567e+00
2.939887e+00,2.815879e+00,2.181195e+00,-1.656378e+00
2.588884e+00,2.545794e+00,4.146847e+00,8.533582e-01
3.096978e+00,1.154130e+00,2.241626e+00,1.092875e+00
1.356552e+00,4.629624e+00,4.437503e+00,1.673926e+00
3.737504e+00,4.999917e+00,3.436866e+00,1.360178e+00
4.963715e+00,4.231384e+00,4.351926e+00,7.909360e-01
2.538752e+00,2.821103e+00,4.425939e+00,2.133969e-01
3.147912e+00,3.817975e+00,2.953818e+00,8.172221e-01
1.535299e+00,4.656081e+00,4.212490e+00,6.687645e-01
2.341050e+00,1.359966e+00,1.795617e+00,5.054260e-01
1.694487e+00,3.043342e+00,4.362360e+00,9.273964e-01
3.755876e+00,3.977506e+00,3.285899e+00,6.027215e-01
1.579234e+00,3.020916e+00,3.041032e+00,1.490427e+00
4.989283e+00,2.346888e+00,3.950918e+00,1.149973e-01
2.266169e+00,3.626919e+00,4.496640e+00,1.350946e+00
3.681185e+00,2.813894e+00,1.070258e+00,8.807065e-02
3.249379e+00,3.242423e+00,3.253941e+00,4.861616e-01
4.394521e+00,4.431820e+00,3.149547e+00,4.592416e-01
4.732278e+00,2.925506e+00,4.774895e+00,6.790741e-01
4.941166e+00,4.073947e+00,3.596917e+00,1.177846e+00
1.498581e+00,4.139716e+00,1.764033e+00,3.880570e-01
1.620203e+00,1.592090e+00,1.644245e+00,1.559962e+00
4.282808e+00,3.997263e+00,3.107433e+00,1.343506e+00
1.080093e+00,2.075583e+00,2.868303e+00,3.948524e-01
2.484049e+00,2.643658e+00,3.940012e+00,6.298444e-01
2.120739e+00,2.248371e+00,1.787274e+00,3.345485e-01
2.361239e+00,4.776160e+00,1.846781e+00,5.979520e-01
2.642034e+00,3.345500e+00,2.267324e+00,8.830917e-01
2.512542e+00,4.041599e+00,2.279546e+00,6.231466e-01
3.248705e+00,4.275338e+00,1.389534e+00,8.792171e-01
1.696548e+00,2.896661e+00,3.850182e+00,6.365035e-01
3.822921e+00,3.689649e+00,3.389386e+00,2.029737e+00
2.729392e+00,1.879121e+00,2.100779e+00,-8.338303e-01
4.141215e+00,2.898663e+00,4.739249e+00,-5.454045e-01
1.445935e+00,3.715171e+00,3.516970e+00,8.858099e-01
2.413064e+00,4.787289e+00,4.807955e+00,9.134497e-02
3.806970e+00,1.760131e+00,1.490876e+00,4.335417e-01
3.485590e+00,4.918210e+00,4.681874e+00,9.656011e-01
2.699610e+00,1.140753e+00,2.070503e+00,1.144569e+00
4.207407e+00,1.891441e+00,3.901205e+00,3.457866e-01
2.899101e+00,4.765283e+00,1.278879e+00,-9.495086e-02
1.501180e+00,2.080073e+00,4.396250e+00,-8.690585e-01
4.330484e+00,1.442123e+00,3.215094e+00,1.700213e+00
2.626992e+00,2.829119e+00,1.584288e+00,-2.664779e-01
1.131125e+00,4.208566e+00,1.626988e+00,2.147371e+00
4.375226e+00,3.103756e+00,4.227179e+00,4.302748e-02
4.256997e+00,1.146906e+00,4.764919e+00,8.675161e-01
4.904272e+00,2.222470e+00,2.166699e+00,-6.994319e-01
4.879026e+00,3.286219e+00,1.802836e+00,2.228198e-01
3.850410e+00,1.236283e+00,4.792784e+00,1.394420e+00
3.786548e+00,3.850017e+00,4.112544e+00,1.068624e+00
3.383619e+00,3.361406e+00,4.597390e+00,1.807278e-01
3.009703e+00,4.965204e+00,4.893960e+00,8.234394e-01
1.179499e+00,2.693492e+00,4.334703e+00,4.967519e-01
4.085749e+00,4.902058e+00,1.009219e+00,1.033790e+00
2.600898e+00,3.755564e+00,2.103746e+00,5.271947e-01
3.057684e+00,4.030847e+00,3.577668e+00,1.151989e+00
2.546650e+00,3.843427e+00,4.705731e+00,5.918319e-01
1.055768e+00,1.437643e+00,4.266016e+00,2.648782e-01
1.453588e+00,3.162879e+00,4.357932e+00,1.814763e+00
3.535960e+00,2.887452e+00,2.388660e+00,7.523074e-01
4.314494e+00,3.418813e+00,3.817238e+00,2.209816e+00
3.134465e+00,2.979263e+00,2.203775e+00,-7.668173e-01
4.068668e+00,2.247588e+00,2.038604e+00,-1.407566e-01
3.229956e+00,1.160758e+00,1.951382e+00,9.834418e-01
3.831987e+00,3.102806e+00,3.086832e+00,6.039435e-01
1.515553e+00,3.079935e+00,2.373511e+00,4.795695e-01
3.581469e+00,3.474047e+00,1.039911e+00,1.262237e+00
3.220240e+00,3.399120e+00,3.324122e+00,-1.149291e-01
3.690695e+00,2.394012e+00,4.198752e+00,7.511409e-01
1.554779e+00,4.096372e+00,2.547812e+00,-3.373263e-01
3.634600e+00,4.766822e+00,1.245077e+00,9.598749e-01
1.670252e+00,1.856812e+00,4.169472e+00,1.910370e-01
2.686757e+00,4.402745e+00,3.230280e+00,2.365973e-01
3.645465e+00,1.111653e+00,2.483880e+00,7.129288e-01
1.637617e+00,3.422171e+00,4.346823e+00,2.511025e+00
4.842091e+00,4.626355e+00,2.080587e+00,6.719310e-01
3.057703e+00,4.942989e+00,1.112078e+00,-2.745217e-02
2.958712e+00,4.134811e+00,2.720941e+00,3.063099e-01
1.786767e+00,4.739262e+00,2.218197e+00,9.489649e-02
1.175770e+00,2.476119e+00,3.669936e+00,1.009135e+00
4.186072e+00,1.765374e+00,4.612431e+00,2.318615e-01
3.871937e+00,3.843634e+00,1.332044e+00,1.743694e+00
3.417400e+00,4.735609e+00,4.655656e+00,7.545245e-01
3.274551e+00,2.909650e+00,4.755269e+00,-1.293482e-01
2.908696e+00,4.227836e+00,1.897594e+00,-1.178525e+00
1.034901e+00,1.344780e+00,1.872034e+00,3.259487e-01
2.276968e+00,4.026651e+00,3.182952e+00,8.744125e-01
3.806696e+00,4.762599e+00,1.139988e+00,1.456945e+00
1.823897e+00,4.068484e+00,3.813942e+00,-4.080572e-02
2.922721e+00,2.548199e+00,1.127973e+00,-1.057749e-01
2.177733e+00,2.089710e+00,4.944388e+00,-1.231274e+00
1.343432e+00,4.817297e+00,2.442197e+00,3.440358e-01
3.555175e+00,4.475544e+00,3.437878e+00,4.646160e-01
4.735178e+00,1.817353e+00,4.309507e+00,8.850177e-01
4.238736e+00,2.046563e+00,4.619160e+00,4.853080e-01
1.358827e+00,4.562300e+00,2.880026e+00,8.574162e-01
2.783823e+00,2.832817e+00,2.514924e+00,-1.152538e+00
4.247599e+00,2.559595e+00,4.069543e+00,1.969520e+00
4.818367e+00,3.231613e+00,4.722740e+00,6.776776e-01
3.175134e+00,3.976049e+00,1.588254e+00,5.350271e-01
1.370887e+00,2.030990e+00,1.459083e+00,6.215527e-02
3.976272e+00,1.021192e+00,4.981875e+00,1.546264e+00
4.122847e+00,2.674572e+00,3.283959e+00,-9.947089e-01
3.921991e+00,1.213394e+00,2.978549e+00,2.278721e-01
