1.489220e+00,2.319795e+00,1.589447e+01
2.811960e+00,4.816770e+00,1.489524e+01
1.303045e+00,4.072888e+00,9.513319e+00
3.707982e+00,2.610930e+00,2.645673e+01
4.566145e+00,1.236458e+00,4.034242e+01
3.019067e+00,4.671895e+00,3.785247e+01
1.020107e+00,4.070412e+00,3.078367e+01
2.478389e+00,4.745004e+00,6.244577e+01
2.730848e+00,1.055317e+00,4.196475e+01
3.878321e+00,4.846092e+00,4.351623e+01
2.696062e+00,4.547265e+00,-1.639549e+01
2.858912e+00,1.581523e+00,7.281137e+00
4.226400e+00,3.724663e+00,2.872521e+01
2.119360e+00,1.393574e+00,2.422252e+00
2.453946e+00,4.152076e+00,1.425468e+01
1.495755e+00,3.050581e+00,2.721880e+00
4.378891e+00,3.683268e+00,3.038549e+01
2.837793e+00,3.385015e+00,2.325524e+01
4.220883e+00,2.656700e+00,5.590304e+00
4.437600e+00,3.517470e+00,3.239953e+01
2.073204e+00,2.726373e+00,3.915863e+01
2.710716e+00,1.389365e+00,3.502395e+00
4.752577e+00,1.090657e+00,2.836366e+01
3.953283e+00,1.456481e+00,-3.897415e+00
3.094173e+00,2.226698e+00,6.530782e+00
4.093889e+00,4.408209e+00,3.325863e+01
3.335903e+00,1.860517e+00,-1.566949e+01
3.698280e+00,2.015772e+00,2.301225e+01
3.995093e+00,1.094053e+00,1.103570e+01
4.317178e+00,4.029594e+00,-6.776651e+00
2.816212e+00,4.357093e+00,3.550110e+01
3.326308e+00,1.858428e+00,-1.059854e+01
3.238241e+00,2.826136e+00,1.021099e+01
3.407238e+00,1.666005e+00,2.726804e+01
2.052753e+00,2.872592e+00,1.783207e+01
2.209157e+00,2.512591e+00,7.783214e+00
4.217223e+00,2.317236e+00,2.666596e+00
1.350660e+00,2.733352e+00,2.948943e+01
2.233756e+00,1.128890e+00,1.687215e+01
2.484544e+00,1.212772e+00,-1.809346e+01
2.066152e+00,4.064302e+00,4.244125e+00
1.757607e+00,3.386830e+00,1.219382e+01
3.650036e+00,4.464717e+00,-1.537402e+00
4.948203e+00,2.608271e+00,8.542329e+00
3.117817e+00,1.456149e+00,1.786499e+00
1.241313e+00,1.481197e+00,3.213246e+00
1.703712e+00,2.973403e+00,2.791298e+01
4.185086e+00,2.484734e+00,7.332487e+00
1.911340e+00,4.900901e+00,3.310220e+01
2.053037e+00,3.811020e+00,4.911291e+00
3.178511e+00,3.674241e+00,2.303464e+01
2.379456e+00,1.463789e+00,8.599128e+00
4.496889e+00,3.487519e+00,1.649410e+01
4.228520e+00,3.257884e+00,1.051648e+01
1.435621e+00,4.899220e+00,9.465579e+00
1.260990e+00,3.337332e+00,3.842144e+01
4.881277e+00,3.584052e+00,1.370469e+01
2.413990e+00,3.109424e+00,1.170381e+01
1.184322e+00,1.272944e+00,1.451181e+01
3.826528e+00,4.945246e+00,2.070533e+01
3.148371e+00,1.475859e+00,1.382632e+01
2.415009e+00,3.132919e+00,1.966868e+01
1.114522e+00,3.564212e+00,2.257030e+01
3.342788e+00,2.026784e+00,3.434516e+01
1.393932e+00,4.445921e+00,2.482575e+01
1.580956e+00,2.723626e+00,3.433434e+01
1.142451e+00,2.179393e+00,2.329024e+01
4.940076e+00,1.185559e+00,3.997610e+01
3.235971e+00,4.739678e+00,3.206074e+01
1.028732e+00,3.260719e+00,9.782796e+00
1.144390e+00,4.522988e+00,1.823695e+01
1.105921e+00,3.716126e+00,2.011468e+01
3.544197e+00,2.814805e+00,2.346933e+01
2.044170e+00,4.590867e+00,9.793034e+00
1.613079e+00,3.086276e+00,2.291523e+01
1.819919e+00,2.414938e+00,7.334882e+00
4.206169e+00,2.142931e+00,2.918363e+01
3.683985e+00,4.537032e+00,6.011750e+01
3.247322e+00,4.689494e+00,4.356969e+01
1.730167e+00,3.198211e+00,2.264367e+01
4.326201e+00,1.280966e+00,3.185027e+01
3.790168e+00,4.862106e+00,3.893392e+01
4.774401e+00,4.430894e+00,8.604897e-01
4.452012e+00,3.504518e+00,2.236271e+01
4.089524e+00,4.631811e+00,2.248952e+01
2.006189e+00,2.105357e+00,-4.638937e+00
1.984941e+00,2.030874e+00,2.171712e+01
2.231931e+00,3.952291e+00,3.222476e+01
3.095764e+00,3.921562e+00,1.854202e+01
2.667670e+00,2.793712e+00,-6.766984e+00
1.789137e+00,1.684146e+00,-2.606312e+01
4.389854e+00,2.452669e+00,3.706567e+01
3.994183e+00,4.608218e+00,3.510764e+01
3.083433e+00,3.943908e+00,3.172088e+01
3.293988e+00,1.542956e+00,2.025501e+01
3.825209e+00,2.979429e+00,-2.686842e+00
3.354562e+00,3.985378e+00,1.169067e+01
4.393634e+00,4.017795e+00,9.920885e-01
4.102035e+00,4.534903e+00,4.877567e+01
2.812410e+00,2.833804e+00,2.300324e+01
3.874840e+00,4.860324e+00,2.480271e+01
2.614139e+00,1.646010e+00,2.055837e+00
3.683048e+00,3.217785e+00,2.786985e+01
4.897021e+00,4.765434e+00,3.112078e+01
1.701582e+00,2.859420e+00,2.718401e+01
2.132323e+00,3.965823e+00,2.879894e+00
1.561421e+00,1.307951e+00,1.404792e+01
1.622101e+00,1.878955e+00,7.278938e+00
2.275724e+00,1.563532e+00,1.668363e+01
3.737784e+00,4.616770e+00,2.154697e+01
4.504380e+00,1.758443e+00,2.341841e+01
2.914550e+00,4.323833e+00,3.493252e+01
1.837585e+00,3.529696e+00,8.788451e+00
1.133593e+00,4.805601e+00,2.322682e+01
4.339779e+00,3.318217e+00,1.997131e+01
2.596109e+00,1.966880e+00,1.538100e+01
3.069750e+00,4.914637e+00,5.268687e+01
3.072062e+00,1.201335e+00,1.130552e+01
2.058050e+00,3.811553e+00,3.304221e+01
3.689753e+00,2.407846e+00,-1.351646e+01
3.504284e+00,4.800011e+00,8.308606e+01
4.259466e+00,1.539382e+00,1.658835e+01
3.450666e+00,1.953569e+00,-9.390106e+00
2.529033e+00,2.555410e+00,2.963405e+01
1.855088e+00,4.387333e+00,-4.691428e+00
4.236130e+00,2.610164e+00,3.066659e+01
1.551135e+00,2.226919e+00,2.453198e+01
1.208805e+00,3.983581e+00,1.020761e+01
3.875872e+00,1.548484e+00,3.986625e+01
2.586142e+00,1.491460e+00,-1.578715e+00
1.633756e+00,1.176040e+00,7.361420e+00
3.160104e+00,2.212785e+00,2.269540e+01
3.717138e+00,1.179755e+00,-7.991859e+00
1.144561e+00,4.540105e+00,1.723529e+01
2.774517e+00,1.316459e+00,3.528881e+01
4.561438e+00,1.896798e+00,8.198828e+00
1.949184e+00,3.440756e+00,1.211368e+01
1.141839e+00,2.051384e+00,7.801210e+00
3.710313e+00,2.967986e+00,-4.704970e+00
2.689033e+00,1.943688e+00,2.560753e+01
1.805262e+00,3.940599e+00,4.212474e+01
1.023631e+00,1.673581e+00,-4.864899e+00
1.486921e+00,3.104584e+00,-1.243468e+01
3.304003e+00,4.486549e+00,3.898328e+01
3.567906e+00,3.526352e+00,8.452707e+00
2.993472e+00,3.795770e+00,3.885974e+01
3.169217e+00,2.616212e+00,-1.668983e+01
1.835593e+00,2.623585e+00,7.013345e+00
2.863960e+00,2.161370e+00,1.012786e+01
1.901491e+00,1.333578e+00,-8.271787e+00
4.844740e+00,3.845630e+00,2.670494e+00
1.188597e+00,3.463243e+00,3.660528e+01
2.770264e+00,2.024771e+00,7.603632e+00
1.823546e+00,3.515313e+00,5.156286e+00
2.569694e+00,1.381080e+00,2.008739e+01
3.545337e+00,4.669608e+00,2.902336e+01
4.133271e+00,1.952146e+00,2.160479e+01
4.827663e+00,2.038559e+00,2.065778e+01
2.010826e+00,4.025848e+00,2.358730e+01
1.113152e+00,3.742342e+00,2.999313e+01
3.409359e+00,2.815045e+00,1.673270e+01
1.631411e+00,3.392378e+00,2.429718e+01
3.152482e+00,3.622503e+00,2.154853e+01
1.180948e+00,2.708171e+00,2.094527e+00
2.067656e+00,1.614237e+00,2.231243e+01
3.328882e+00,2.328728e+00,1.871880e+01
1.030820e+00,3.976937e+00,9.079331e-01
4.967329e+00,4.913906e+00,3.614567e+01
4.557811e+00,2.910837e+00,1.583006e+01
3.590027e+00,2.906215e+00,3.301554e+01
4.378656e+00,3.258835e+00,9.294915e-02
4.553713e+00,3.592899e+00,5.783599e+01
1.150676e+00,1.374735e+00,1.559984e+01
3.052449e+00,2.528634e+00,9.117533e+00
2.291035e+00,3.849168e+00,8.154982e+00
1.764274e+00,2.065088e+00,1.315882e+01
4.964781e+00,2.656746e+00,2.069785e+01
4.590099e+00,1.524802e+00,2.031936e+01
3.246517e+00,2.159955e+00,8.194713e-01
4.157535e+00,3.058264e+00,2.147531e+01
3.902156e+00,2.504550e+00,2.362154e+01
3.655345e+00,4.456330e+00,6.442078e-01
2.184393e+00,2.336846e+00,4.067564e+01
1.960905e+00,4.106401e+00,1.388551e+01
3.707808e+00,4.201347e+00,3.046834e+01
2.565779e+00,2.101124e+00,5.891254e+01
1.849190e+00,3.343843e+00,1.556052e+01
1.898066e+00,3.494683e+00,1.254654e+01
2.722558e+00,2.454266e+00,1.234591e+01
3.506993e+00,1.135542e+00,-1.148009e+00
4.439508e+00,2.562574e+00,3.066503e+01
3.839906e+00,4.591726e+00,3.178454e+01
3.482438e+00,4.540946e+00,3.211997e+01
2.195724e+00,2.939121e+00,1.482859e+01
3.349546e+00,3.806311e+00,3.341374e+01
4.498922e+00,1.723256e+00,1.003144e+01
2.226179e+00,4.520821e+00,1.101181e+01
1.923749e+00,2.317869e+00,-1.320190e+01
3.386984e+00,4.045819e+00,6.497889e+01
4.974931e+00,1.821980e+00,8.137573e+00
