3.523835e+00,2.674013e+00,2.798925e+01
2.037047e+00,1.071108e+00,3.265936e+01
3.605241e+00,4.015416e+00,9.337616e+01
3.418040e+00,3.623878e+00,7.742768e+01
1.035174e+00,4.525910e+00,4.910781e+00
4.292503e+00,5.344245e+00,9.173428e+01
5.374840e+00,4.841281e+00,4.843184e+01
3.070800e+00,4.670255e+00,-2.094267e+01
3.747962e+00,1.021420e+00,5.214102e+00
1.684899e+00,2.531276e+00,4.557940e+01
2.636374e+00,2.646908e+00,-8.231199e+00
2.521814e+00,4.839476e+00,8.035372e+01
4.502461e+00,5.712203e+00,6.197601e+01
1.620395e+00,1.899405e+00,-2.217597e+01
4.268038e+00,5.157199e+00,9.382255e+01
3.793614e+00,1.557979e+00,-1.520938e+01
4.453677e+00,4.533831e+00,6.544596e+01
2.650455e+00,4.475501e+00,5.238872e+01
4.901956e+00,4.099471e+00,5.630980e+01
5.313597e+00,1.523087e+00,5.591315e+01
5.867496e+00,2.883037e+00,7.610074e+01
5.267687e+00,2.621378e+00,5.301758e+01
5.688392e+00,1.360656e+00,5.815210e+01
4.047789e+00,5.830848e+00,4.028813e+01
3.616757e+00,3.416544e+00,8.695704e+01
3.682657e+00,3.402940e+00,1.515008e+01
5.886500e+00,3.128049e+00,4.839008e+01
4.784250e+00,5.316998e+00,1.182570e+02
4.548314e+00,2.269904e+00,-9.976468e+00
2.390929e+00,1.544215e+00,-6.398947e+01
4.377034e+00,1.375236e+00,1.196477e+01
1.028423e+00,5.554243e+00,5.778089e+00
5.346796e+00,1.405761e+00,5.704794e+01
5.638783e+00,2.221958e+00,7.354366e+01
3.777675e+00,2.862169e+00,4.586139e+01
2.673084e+00,5.086617e+00,1.248714e+01
5.520468e+00,5.628782e+00,5.206101e+01
1.656359e+00,1.953261e+00,8.628401e+00
4.786013e+00,4.831924e+00,3.732997e+01
1.157350e+00,5.707542e+00,4.488211e+01
5.860127e+00,4.355248e+00,4.495002e+01
5.916963e+00,5.311869e+00,6.201441e+01
3.904539e+00,2.083080e+00,1.612080e+01
4.425573e+00,1.058241e+00,5.341301e+01
2.207196e+00,2.718592e+00,-5.339700e+01
5.541878e+00,3.333364e+00,-2.905517e+01
5.508570e+00,4.241407e+00,4.000060e+01
4.893940e+00,3.742015e+00,5.576101e+01
1.069278e+00,3.471442e+00,7.834254e+01
1.118606e+00,5.193959e+00,2.693754e+01
2.405627e+00,2.112198e+00,7.509337e+00
3.919372e+00,4.264733e+00,1.914293e+01
4.541538e+00,4.705159e+00,1.701658e+01
4.614469e+00,2.818798e+00,-6.064007e-02
1.583275e+00,3.286269e+00,-8.820755e+01
3.926369e+00,3.880019e+00,6.001174e+01
5.536256e+00,4.869491e+00,4.390895e+01
5.131051e+00,2.093106e+00,2.155312e+01
2.066902e+00,4.962559e+00,-1.735402e+01
3.656615e+00,2.172359e+00,-2.168732e+01
2.600561e+00,2.611705e+00,-1.599795e+01
4.602594e+00,2.710341e+00,9.641874e+01
2.579623e+00,1.702022e+00,-1.092082e+01
5.079136e+00,1.801495e+00,5.552445e+00
5.803355e+00,5.306556e+00,6.738412e+01
1.273862e+00,5.521908e+00,2.848580e+01
4.677798e+00,2.658884e+00,7.513658e+01
5.173794e+00,5.845457e+00,4.438468e+01
3.275717e+00,3.724068e+00,5.670501e+01
2.282350e+00,4.745505e+00,1.720824e+01
5.151572e+00,1.042982e+00,-1.116512e+00
1.324991e+00,3.461298e+00,7.994628e+00
3.903748e+00,5.025979e+00,4.091463e+01
2.215487e+00,5.107692e+00,8.441240e+01
5.146904e+00,2.672996e+00,2.099030e+01
2.211835e+00,3.966056e+00,3.569331e+01
2.563480e+00,3.083965e+00,3.446638e+01
3.848031e+00,3.501920e+00,8.632107e+00
2.354482e+00,1.113969e+00,1.372296e+01
1.814234e+00,4.944382e+00,1.224259e+01
5.085586e+00,4.942165e+00,3.548553e+01
2.150816e+00,1.979913e+00,-4.673406e+00
3.302871e+00,4.028635e+00,3.200391e+01
2.952070e+00,3.176174e+00,2.530727e+01
5.516162e+00,5.291797e+00,-7.052237e+00
2.714055e+00,3.393258e+00,7.012133e+01
4.002218e+00,1.779123e+00,-9.930885e+00
4.179119e+00,3.803317e+00,8.244029e+00
1.779866e+00,3.400672e+00,-1.325807e+01
2.465324e+00,4.278919e+00,4.328917e+01
3.835587e+00,2.417278e+00,5.768296e+01
4.188363e+00,4.732749e+00,1.680902e+01
4.054675e+00,3.452589e+00,2.524276e+01
1.144020e+00,5.317300e+00,2.789758e+01
3.794572e+00,1.731488e+00,8.668118e+00
3.059088e+00,3.221064e+00,3.611931e+00
3.026677e+00,2.982917e+00,1.159888e+01
3.938775e+00,1.057719e+00,-2.808606e+01
3.498652e+00,4.137585e+00,1.565975e+01
4.020803e+00,5.847231e+00,-5.528240e-01
1.098687e+00,5.841750e+00,7.839207e+01
5.307791e+00,3.610493e+00,2.082355e+01
3.680203e+00,4.363377e+00,2.062765e+01
3.409847e+00,3.203067e+00,3.641531e+01
2.743663e+00,2.680104e+00,5.876565e+01
2.310333e+00,2.454208e+00,6.195833e+01
3.627565e+00,4.247381e+00,7.723564e+01
5.400742e+00,4.646751e+00,5.373634e+01
3.310645e+00,3.860236e+00,-1.890332e+01
2.520726e+00,5.033084e+00,2.211587e+01
3.744695e+00,4.186616e+00,5.494783e+01
3.178467e+00,2.934726e+00,6.410013e+01
1.107786e+00,2.033285e+00,-4.646545e+01
4.371880e+00,1.517670e+00,2.693954e+01
3.386157e+00,1.594973e+00,-2.289879e+00
5.860778e+00,3.755366e+00,3.023812e+01
5.518173e+00,2.571711e+00,3.351582e+01
5.455516e+00,3.363341e+00,1.027075e+02
2.637496e+00,3.429080e+00,3.874777e+01
5.416030e+00,5.561749e+00,3.503747e+01
2.231174e+00,5.638260e+00,5.628469e+01
3.942164e+00,4.132270e+00,2.187272e+01
2.986098e+00,3.487378e+00,-1.813715e+00
1.909435e+00,3.986685e+00,-3.817219e+00
5.394829e+00,4.681229e+00,1.165861e+02
2.384086e+00,2.447140e+00,-4.726467e+01
2.953062e+00,5.295062e+00,5.716958e+01
5.249681e+00,1.729867e+00,-6.711937e+00
3.016834e+00,4.383176e+00,7.259639e+01
4.170328e+00,5.331448e+00,6.227674e+01
3.976150e+00,3.397846e+00,2.290198e+01
5.088269e+00,2.628453e+00,3.395252e+01
1.542908e+00,3.283778e+00,-1.286655e+01
3.948788e+00,2.372854e+00,1.583195e+01
4.646720e+00,1.387245e+00,3.792197e+01
4.931832e+00,4.783636e+00,1.029247e+02
5.416284e+00,3.072947e+00,1.569708e+01
4.807211e+00,4.512831e+00,5.932930e+01
4.989438e+00,5.445660e+00,6.246875e+01
4.167156e+00,1.043605e+00,1.056140e+02
5.317557e+00,4.449142e+00,5.911354e+01
1.573851e+00,4.108021e+00,3.460905e+01
2.050480e+00,1.733170e+00,3.209361e+01
4.249217e+00,4.849730e+00,1.044844e+02
2.960646e+00,5.482323e+00,3.689060e+01
4.479771e+00,5.251723e+00,3.953318e+01
3.600448e+00,4.478798e+00,6.019275e+00
4.662047e+00,3.313349e+00,1.039516e+02
4.450635e+00,1.032306e+00,1.909580e+01
5.163240e+00,1.972319e+00,4.131904e+01
1.950859e+00,2.012494e+00,-4.077750e+01
5.470137e+00,4.118325e+00,7.540994e+01
2.306001e+00,2.082835e+00,2.555360e+01
4.291726e+00,3.553046e+00,-9.207351e+00
4.996796e+00,3.039273e+00,4.114568e-01
4.136622e+00,2.855788e+00,-5.021722e-01
2.221662e+00,4.335890e+00,2.656690e+00
5.026584e+00,2.065324e+00,7.144853e+01
2.473243e+00,4.524628e+00,8.253371e+01
3.391814e+00,3.009755e+00,7.887861e+01
5.027826e+00,3.768215e+00,7.246659e+01
1.902080e+00,1.027095e+00,-6.254432e+00
3.172234e+00,3.467925e+00,3.636607e+01
3.285599e+00,5.292049e+00,5.928925e+01
1.507527e+00,1.739704e+00,9.294981e+01
2.409916e+00,4.520649e+00,2.645071e+01
2.757328e+00,4.555389e+00,-7.703905e-01
4.165433e+00,3.934486e+00,9.019803e+00
3.181166e+00,4.602179e+00,1.555832e+01
3.564241e+00,5.024034e+00,-3.310147e+01
4.882209e+00,4.174329e+00,4.509020e+01
4.203407e+00,2.464722e+00,6.722886e+01
2.403907e+00,4.310285e+00,3.483464e+00
5.939221e+00,3.996102e+00,1.053143e+01
1.298365e+00,1.207888e+00,-2.280592e+01
1.409466e+00,4.594897e+00,2.046229e+01
4.116424e+00,1.615461e+00,4.426219e+01
1.596619e+00,4.406006e+00,6.778909e+01
1.758938e+00,5.664893e+00,-2.340733e+01
4.156011e+00,5.788825e+00,6.930373e+01
3.254214e+00,3.927458e+00,-6.461888e+00
2.463855e+00,2.884801e+00,-3.121491e+01
5.339452e+00,1.456976e+00,1.904274e+01
2.779203e+00,4.912951e+00,7.697861e+01
5.564204e+00,4.951832e+00,1.075162e+02
3.993836e+00,3.416379e+00,3.858089e+01
1.112623e+00,4.654811e+00,-4.920586e+01
1.816381e+00,5.317608e+00,1.833295e+01
4.623756e+00,4.569665e+00,3.212132e+01
2.078600e+00,5.849901e+00,5.411623e+01
2.173581e+00,5.931403e+00,3.545880e+01
1.915903e+00,5.207393e+00,5.329358e+01
1.707599e+00,1.463709e+00,2.359813e+01
4.082633e+00,1.046302e+00,-1.458159e+01
5.040069e+00,3.575381e+00,-3.620479e+01
2.600955e+00,4.710889e+00,-1.921442e+01
3.783507e+00,2.684757e+00,2.554550e+01
2.951759e+00,2.753026e+00,3.800255e+01
5.502195e+00,5.544163e+00,5.668170e+01
5.576165e+00,3.522224e+00,1.005636e+01
