5.446033e+00,5.816844e+00,8.213898e+01
1.720604e+00,4.119205e+00,1.509447e+01
5.367637e+00,2.114162e+00,-5.697631e+00
1.372749e+00,2.515152e+00,4.926128e+01
4.883657e+00,2.893279e+00,1.091164e+01
5.047553e+00,4.694840e+00,6.361551e+01
1.579953e+00,2.907795e+00,1.438651e+01
5.889771e+00,3.980343e+00,3.455304e+01
3.206660e+00,4.453031e+00,2.339578e+01
5.366162e+00,4.042623e+00,3.962507e+01
3.467781e+00,4.214607e+00,1.951073e+01
2.838215e+00,2.131899e+00,2.297169e+01
4.288439e+00,2.776747e+00,3.434192e+01
3.903767e+00,5.842509e+00,4.646819e+01
5.739262e+00,1.243005e+00,4.561755e+01
4.111366e+00,5.876136e+00,3.929531e+01
5.559957e+00,4.181863e+00,1.883999e+01
2.052723e+00,2.616500e+00,3.433467e+01
1.561810e+00,3.125156e+00,8.497515e+00
3.903020e+00,4.955883e+00,6.990714e-01
3.236977e+00,2.490226e+00,2.268925e+01
5.296310e+00,4.228497e+00,1.583149e+01
1.165401e+00,1.224041e+00,7.552868e+00
4.563464e+00,3.448124e+00,9.823205e+00
5.293303e+00,5.539124e+00,5.313245e+01
3.047620e+00,3.873809e+00,3.806372e+01
2.141558e+00,1.710839e+00,-9.518522e+00
4.267240e+00,2.726418e+00,4.164944e+00
1.568339e+00,1.376304e+00,-2.643565e+01
1.179389e+00,3.509065e+00,-1.045481e+01
1.541132e+00,2.550109e+00,-1.321494e+01
3.455725e+00,3.693302e+00,1.243769e+00
4.777428e+00,2.150201e+00,8.416944e+00
1.340622e+00,4.022254e+00,-1.173544e+01
4.917048e+00,5.434644e+00,1.321822e+01
3.305110e+00,1.454912e+00,3.492372e+01
1.348385e+00,5.024605e+00,2.072447e+01
4.029133e+00,2.220938e+00,3.325139e+01
4.399464e+00,1.583001e+00,4.686263e+01
2.508157e+00,1.642213e+00,1.087373e+01
2.341699e+00,3.166486e+00,3.738616e+01
2.127754e+00,5.918675e+00,4.712411e+01
5.958728e+00,3.880920e+00,3.584479e+01
5.290623e+00,3.666986e+00,-1.796329e+01
5.357139e+00,5.418477e+00,6.112169e+00
3.511163e+00,4.397388e+00,8.488257e+00
5.358917e+00,2.823968e+00,3.236576e+01
2.341973e+00,4.761534e+00,3.220350e+01
1.638895e+00,3.453329e+00,-1.158125e-01
2.391970e+00,1.972790e+00,2.633846e+01
1.895873e+00,1.962268e+00,5.833017e-01
5.025289e+00,4.360759e+00,4.617308e+00
4.331349e+00,4.075227e+00,9.809037e+00
5.165160e+00,5.229239e+00,6.186079e+01
2.430611e+00,5.662907e+00,-1.236856e+00
3.990910e+00,1.749713e+00,-3.289108e+00
1.294119e+00,4.100747e+00,2.147164e+01
2.632644e+00,4.066685e+00,2.457957e+01
1.295354e+00,3.381416e+00,-1.538941e+01
2.195723e+00,5.895800e+00,3.819197e+01
5.359857e+00,1.930993e+00,3.549395e+01
5.431856e+00,1.813861e+00,-1.745737e+01
1.764479e+00,4.785190e+00,-2.899121e+01
4.960497e+00,1.742516e+00,2.681154e+01
2.011034e+00,3.663939e+00,4.743199e+01
1.997529e+00,1.705767e+00,-4.047853e+00
4.042300e+00,5.793145e+00,1.171426e+01
5.463252e+00,1.497681e+00,3.726650e+01
1.960429e+00,5.034289e+00,-2.782444e-01
2.320597e+00,3.501914e+00,-1.419585e+01
3.840018e+00,2.457039e+00,9.636536e+00
1.176766e+00,4.667992e+00,2.571371e+01
5.701419e+00,4.783675e+00,2.503115e+01
5.284885e+00,3.870080e+00,2.685852e+01
4.434965e+00,2.548648e+00,3.849879e+01
5.422064e+00,4.828537e+00,3.383054e+01
5.566841e+00,2.940426e+00,7.030691e+01
1.596009e+00,1.736803e+00,-2.863543e+01
3.443668e+00,3.401996e+00,1.867477e+01
5.880052e+00,5.587504e+00,6.523946e+01
4.295230e+00,2.637499e+00,-1.690609e+01
3.624606e+00,5.175945e+00,5.054396e+00
2.982699e+00,4.503934e+00,-6.811963e+00
2.932361e+00,4.451327e+00,2.842306e+01
5.635765e+00,2.583379e+00,1.753633e+01
5.279329e+00,3.843939e+00,5.218542e+00
4.377544e+00,3.635343e+00,-9.338327e-01
3.261167e+00,2.348121e+00,3.411315e+01
5.091782e+00,3.895062e+00,4.516018e+01
4.842596e+00,5.048718e+00,4.117079e+01
1.014478e+00,5.093985e+00,2.208198e+01
5.072386e+00,5.614483e+00,8.479959e+00
4.757941e+00,2.147225e+00,1.726606e+01
1.881244e+00,3.374089e+00,-2.864340e+01
2.851353e+00,4.512778e+00,1.614884e+01
2.111932e+00,1.555975e+00,-2.646868e+00
5.147932e+00,3.454550e+00,1.027354e+01
3.902817e+00,2.772405e+00,7.063055e+01
5.277108e+00,1.116526e+00,3.706420e+01
5.721725e+00,1.469685e+00,2.860040e+01
2.831642e+00,1.287186e+00,4.087367e+01
5.752224e+00,4.642131e+00,2.721691e+00
4.921240e+00,1.093494e+00,1.024806e+01
1.276010e+00,3.692687e+00,9.076517e+00
2.412892e+00,4.453314e+00,3.231637e+01
3.331032e+00,1.379988e+00,4.415324e+01
5.254779e+00,5.686436e+00,4.499308e+01
3.398792e+00,2.624947e+00,7.069629e-01
4.143041e+00,2.513500e+00,1.244570e+01
5.608903e+00,3.826618e+00,5.032399e+01
1.686227e+00,3.098625e+00,-1.842297e+01
4.902745e+00,1.029598e+00,2.739894e+01
4.514508e+00,3.625040e+00,1.070614e+01
3.563665e+00,2.335295e+00,8.551361e+01
5.246406e+00,3.635898e+00,5.146288e+01
5.208994e+00,4.586651e+00,8.002943e+00
4.005006e+00,1.713352e+00,9.087301e-01
4.271063e+00,2.670295e+00,-1.308002e+01
5.863515e+00,5.188104e+00,7.351689e+01
1.541159e+00,3.405338e+00,1.057373e+01
2.309620e+00,1.555550e+00,6.798782e+00
5.299519e+00,4.227927e+00,7.273266e+01
5.977192e+00,5.020441e+00,-1.452693e+01
4.455451e+00,1.425640e+00,-1.271638e+00
4.780461e+00,1.231616e+00,4.287331e+01
3.798212e+00,1.349803e+00,5.467620e+01
3.793908e+00,3.590824e+00,2.475756e+01
3.134428e+00,1.943655e+00,3.698093e+01
5.417708e+00,4.089634e+00,4.615630e+01
4.972530e+00,1.294003e+00,3.959306e+00
4.374124e+00,2.171815e+00,4.097443e+01
5.487644e+00,5.652321e+00,2.011707e+01
1.527121e+00,1.529042e+00,-3.622377e+00
3.295660e+00,5.179277e+00,4.249844e+01
4.480908e+00,4.031808e+00,1.299300e+01
4.889524e+00,3.904185e+00,4.928412e+01
4.342883e+00,5.591623e+00,-1.128908e+01
1.988587e+00,2.601497e+00,-3.121079e+01
3.101577e+00,4.120239e+00,6.185053e+00
4.368074e+00,3.468070e+00,3.500160e+01
4.846538e+00,5.159235e+00,-3.805952e-01
4.741334e+00,3.200695e+00,5.404316e+01
5.204334e+00,1.620106e+00,5.012623e+01
2.580107e+00,5.767144e+00,5.768767e+01
2.122474e+00,4.860165e+00,1.919868e+01
1.954961e+00,3.513346e+00,-1.784395e+01
4.535581e+00,5.219517e+00,7.583982e+00
3.141125e+00,4.192738e+00,2.440464e+01
3.345459e+00,5.465918e+00,5.923250e+01
5.711823e+00,4.983361e+00,4.319157e+01
1.783484e+00,3.229163e+00,-1.125585e+01
4.181590e+00,5.566443e+00,3.882112e+01
4.904124e+00,2.559989e+00,3.061434e+00
2.227473e+00,2.866047e+00,9.956428e+00
5.431540e+00,2.953021e+00,2.701144e+01
3.918230e+00,1.171289e+00,1.402778e+01
5.385996e+00,3.371875e+00,1.587434e+01
5.679589e+00,4.602086e+00,4.099568e+01
5.722805e+00,1.340080e+00,2.134239e+01
2.019691e+00,5.244841e+00,-1.069740e+01
5.802035e+00,5.252706e+00,7.465342e+01
4.479512e+00,3.284085e+00,4.170921e+01
2.141561e+00,3.072973e+00,4.969090e+01
2.923045e+00,2.533000e+00,2.660289e+01
3.146429e+00,5.653468e+00,1.031355e+00
1.861737e+00,5.185280e+00,1.305960e+01
2.885676e+00,3.861748e+00,2.753845e+01
3.864123e+00,3.767483e+00,5.322290e+01
1.347998e+00,2.202624e+00,6.617532e+01
2.482480e+00,3.001499e+00,2.393930e+01
4.017202e+00,2.299244e+00,4.447734e+01
5.027489e+00,2.105440e+00,4.046549e+01
5.099781e+00,3.800571e+00,2.990352e+01
2.438075e+00,2.337455e+00,1.702857e+01
1.587868e+00,2.951884e+00,1.331230e+01
2.265626e+00,3.334677e+00,4.851865e+01
2.395160e+00,4.908114e+00,2.160075e+01
4.954488e+00,3.019301e+00,8.349163e+00
5.209938e+00,5.844630e+00,5.350923e+01
2.925810e+00,5.442141e+00,7.412150e+01
3.379100e+00,4.559796e+00,-7.422663e+00
1.477333e+00,2.240110e+00,3.701661e+01
5.289409e+00,1.126293e+00,6.904023e+01
3.450744e+00,3.643072e+00,5.823711e+01
3.001636e+00,3.920950e+00,2.153777e+01
5.358549e+00,5.081916e+00,4.612081e+01
2.181021e+00,1.691153e+00,9.364627e+00
3.752017e+00,1.673667e+00,1.636907e+01
5.843458e+00,4.935045e+00,3.634466e+01
5.827767e+00,5.015528e+00,2.555502e+01
2.175303e+00,5.977046e+00,4.384530e+01
3.551103e+00,1.713153e+00,-2.545392e+01
5.995713e+00,3.136851e+00,8.510001e+01
4.725394e+00,4.731882e+00,3.285780e+01
1.951274e+00,5.971678e+00,2.255926e+01
3.964154e+00,5.803459e+00,1.391525e+01
1.141363e+00,4.993297e+00,2.777503e+01
3.291959e+00,5.424261e+00,4.534900e+01
5.386831e+00,3.385623e+00,5.491752e+01
1.754341e+00,3.551207e+00,1.654556e+01
