4.146363e+00,1.565909e+00,3.150015e+00,-4.206023e-02
4.466000e+00,2.096129e+00,2.034041e+00,1.441579e+00
1.288101e+00,2.007892e+00,3.387187e+00,3.859032e+00
4.892372e+00,4.421353e+00,3.405014e+00,-2.130388e+00
3.032698e+00,3.980947e+00,1.616936e+00,2.806983e+00
3.652852e+00,2.706404e+00,4.280591e+00,-2.014081e+00
2.717686e+00,6.496019e-01,8.237982e-01,2.656714e+00
2.719882e+00,3.527477e-01,6.185844e-01,2.334988e+00
1.448700e+00,4.830954e-01,1.974546e+00,6.387255e+00
3.312234e+00,4.657195e+00,2.229004e+00,-7.172799e-01
1.697815e+00,1.018594e+00,5.180854e-01,6.195807e+00
3.759559e+00,2.238073e+00,4.750930e+00,-1.187630e+00
2.100961e+00,3.707680e+00,3.988754e+00,-1.205715e+00
2.065953e-01,1.688227e+00,3.599658e+00,3.835691e+00
3.232852e+00,1.228531e+00,3.513920e+00,-9.286151e-01
2.093307e+00,4.578521e+00,4.268922e+00,-2.496628e-01
4.178446e+00,3.662831e-01,3.403840e+00,-8.122269e-01
3.800885e+00,4.144851e+00,3.571670e+00,-2.661283e+00
1.557417e+00,4.849697e+00,3.167560e+00,-1.166028e+00
1.506586e+00,2.898123e+00,2.249041e+00,4.606594e+00
3.776501e+00,2.343574e+00,3.385595e+00,4.671684e-01
6.566546e-01,2.481479e+00,1.152255e+00,3.278672e+00
1.073586e+00,4.666334e+00,4.207595e+00,1.744365e-01
4.894034e+00,2.211486e+00,3.040584e+00,2.817075e-01
1.458206e+00,3.618738e+00,1.917601e+00,3.035226e+00
2.367698e+00,4.351454e+00,3.437604e+00,8.149777e-01
4.120851e+00,1.258703e+00,6.101321e-01,1.293218e+00
1.514618e+00,1.851980e-01,3.183060e+00,3.834189e+00
2.094258e+00,1.027592e+00,3.196126e+00,1.487034e+00
5.251541e-01,4.332668e+00,8.026612e-01,1.803353e+00
3.170489e+00,3.613231e+00,2.037981e+00,1.259643e-02
2.135526e+00,1.758359e+00,2.423951e-01,4.886434e+00
4.000309e+00,4.393933e+00,1.018915e+00,-2.922763e+00
9.531715e-01,1.215181e+00,2.964008e+00,3.627355e+00
8.265393e-01,3.874242e+00,3.845537e+00,9.054339e-01
2.908947e-02,2.851949e+00,4.476634e+00,1.798185e+00
4.919251e+00,3.084006e+00,1.868293e+00,4.288060e-01
1.074522e+00,3.991678e+00,1.449319e+00,2.111437e+00
3.707834e+00,1.060208e+00,4.770786e+00,-2.017471e-01
4.661967e+00,7.754494e-01,2.448587e+00,2.172428e+00
9.984862e-01,3.120022e+00,3.019655e-01,4.248212e+00
6.633278e-02,1.829946e+00,2.320981e+00,2.419129e+00
3.095999e+00,4.703950e-03,4.477654e+00,-9.531689e-01
2.287754e+00,4.267358e+00,1.570332e+00,2.759567e+00
2.720706e+00,4.029972e+00,1.432503e+00,5.637366e-01
3.103954e+00,2.159943e+00,4.625515e-01,4.690929e+00
3.418829e+00,5.259730e-01,9.611560e-01,1.671668e+00
3.018609e+00,4.481227e+00,3.336540e+00,-2.039187e+00
1.774745e+00,1.454650e+00,2.394989e+00,5.476338e+00
2.292570e+00,2.747336e-02,3.771998e+00,1.149701e+00
3.300900e+00,4.265057e-01,7.907514e-01,2.728652e+00
3.090558e+00,3.016843e+00,4.960757e+00,-9.238859e-01
4.140774e+00,5.578198e-01,2.545261e+00,2.407175e+00
1.017224e+00,3.137652e+00,3.580160e+00,4.531746e-01
1.450236e+00,6.598510e-01,2.800018e+00,2.986846e+00
3.957335e+00,8.088950e-01,2.361530e-01,1.733402e+00
3.524132e+00,3.394897e+00,4.236090e-02,-4.997518e-01
2.592029e+00,3.460938e+00,8.079559e-01,2.177050e+00
1.616666e-01,4.644009e+00,2.472220e-01,-3.346554e-01
3.141700e+00,4.265166e-01,2.572828e+00,3.552665e+00
1.447040e-01,3.518307e+00,1.259299e+00,2.814033e+00
2.897625e+00,8.057671e-01,1.728382e-01,2.322527e+00
3.173557e-01,1.289503e+00,1.830615e+00,6.594483e+00
2.472833e+00,3.735994e+00,4.956372e+00,6.027692e-02
3.028977e+00,3.875704e+00,3.473216e-01,1.409746e+00
2.198764e+00,3.790572e+00,3.320568e+00,1.701349e-01
3.775212e+00,8.032901e-01,7.334897e-01,2.732320e+00
3.770601e+00,2.254804e-01,4.812958e+00,-2.158109e+00
4.552339e+00,1.188398e+00,2.137977e+00,1.715573e+00
4.052363e+00,1.330231e+00,2.032738e+00,7.255944e-01
9.998762e-01,7.724830e-01,4.035833e+00,2.281632e+00
1.452467e+00,3.813928e+00,1.609380e+00,1.557374e+00
2.034152e-02,1.770325e+00,3.141688e+00,2.683221e-01
1.969926e+00,3.353449e+00,3.197599e+00,1.591587e+00
2.065524e+00,2.842645e+00,1.634010e-02,4.874464e-01
4.899983e+00,3.633392e+00,2.432637e+00,-1.886680e+00
2.792979e+00,4.391796e-01,2.095179e-01,1.618554e+00
2.535117e+00,3.989110e+00,4.069391e+00,-5.944710e-01
3.076472e+00,4.655628e+00,4.352377e+00,-1.994903e+00
4.846803e+00,3.185042e-01,4.514278e+00,-3.364686e+00
1.105156e-01,2.064933e-01,3.722796e-01,1.696373e+00
3.565912e+00,2.604108e+00,3.681057e+00,-1.476782e+00
1.987146e+00,4.779789e+00,2.137601e+00,4.779927e-01
4.671827e+00,4.735964e+00,1.391213e+00,-6.216459e-01
2.447761e+00,2.132333e+00,4.633613e-02,1.654212e+00
1.975485e+00,2.710686e-01,2.203536e+00,2.840901e+00
3.270999e+00,2.832014e+00,3.859314e+00,-3.894764e-01
4.563573e+00,2.245939e+00,1.848020e+00,2.780120e+00
2.581158e+00,3.002159e+00,1.643546e+00,1.875166e+00
1.155913e+00,1.784146e+00,1.082355e+00,4.853951e+00
3.513106e-02,4.615057e+00,1.999923e+00,1.491814e-01
1.800034e+00,3.908562e+00,3.275096e+00,-3.130298e-01
1.756119e+00,4.630159e+00,3.339083e+00,-1.288899e+00
3.616690e+00,4.555556e+00,3.297071e+00,-2.310215e+00
2.739941e+00,2.524164e-02,1.786627e+00,2.612418e+00
2.168604e+00,3.477768e+00,3.244471e+00,1.221019e+00
9.490680e-01,4.943904e+00,2.939293e+00,1.039205e+00
4.509081e+00,1.406620e+00,3.859180e+00,-1.158583e+00
4.505668e+00,3.562994e+00,4.625912e+00,-5.324986e+00
1.271885e+00,3.645959e+00,4.502672e+00,-1.134044e+00
4.454569e-01,4.379177e+00,4.371758e+00,-2.925997e+00
2.110278e+00,4.603897e+00,1.273620e+00,3.400412e+00
2.410272e-01,1.535183e-02,3.075441e+00,3.091674e+00
1.209572e+00,4.906425e+00,4.102005e+00,-2.428787e+00
4.265162e+00,2.041506e+00,2.539413e+00,1.304622e+00
2.436282e+00,4.934449e+00,3.047025e+00,2.869281e-01
2.616910e+00,3.770961e+00,4.211879e-01,-4.897751e-01
1.891935e+00,2.214733e+00,2.849573e+00,2.362427e+00
3.557108e+00,4.105883e+00,3.453212e+00,-7.336368e-01
3.104115e+00,6.255847e-01,1.454390e-01,1.941575e-01
2.261820e+00,1.812864e-01,1.361845e+00,2.914173e+00
2.178284e+00,2.565081e+00,1.439941e+00,4.339225e+00
1.619321e-01,3.018272e+00,1.155176e+00,2.872334e+00
2.286679e-01,4.741918e+00,3.393183e+00,3.135178e-02
3.514920e+00,1.659106e+00,2.074486e+00,2.127474e+00
4.518256e+00,9.941093e-01,4.609780e+00,-1.920103e+00
1.328749e+00,2.969908e+00,3.721083e+00,2.201922e+00
2.093446e+00,3.489914e+00,4.189726e+00,1.894606e-01
3.436496e+00,3.276056e+00,3.183281e+00,-8.963735e-01
4.674686e+00,9.130913e-01,1.093852e+00,2.513356e+00
1.323612e-01,2.089745e-01,2.802479e+00,2.520072e+00
3.321157e+00,2.339446e+00,2.795045e+00,3.819433e+00
2.113645e+00,1.081666e+00,1.674163e+00,5.784466e+00
2.785848e+00,1.561237e+00,1.084656e+00,4.613160e+00
2.634602e+00,1.973416e+00,4.189221e+00,6.684325e-02
3.352324e+00,3.095910e+00,1.899888e+00,1.603099e+00
1.114947e-01,6.070525e-01,1.254454e+00,3.492459e+00
4.357961e+00,1.870788e+00,3.096656e+00,2.157220e+00
1.785677e+00,1.592745e+00,1.534797e+00,7.300057e+00
3.044530e+00,4.583223e+00,4.392197e+00,-1.891563e+00
1.336989e+00,2.840140e+00,3.899832e+00,2.840617e-01
1.888189e+00,3.928744e+00,2.425820e+00,3.047443e+00
1.527695e+00,3.247317e+00,1.035666e+00,4.871727e+00
7.853975e-01,4.380656e+00,1.423869e+00,8.756648e-01
9.323501e-01,3.598892e+00,3.395753e-01,7.276073e-01
3.020228e+00,1.767204e+00,4.888718e+00,1.200597e+00
2.666154e-01,7.209868e-01,2.501648e-01,1.908523e+00
3.416634e-01,3.341848e+00,8.011751e-01,2.704324e+00
1.921000e+00,4.126598e+00,3.475172e+00,1.988979e+00
1.121537e+00,3.963359e-01,1.883813e+00,3.768262e+00
2.324982e+00,4.745178e-01,3.363130e+00,1.149222e+00
2.255462e+00,4.718513e+00,1.910051e+00,2.600316e+00
2.390902e+00,3.232694e+00,3.753633e+00,2.851726e-01
4.131627e+00,4.379844e+00,3.791471e-02,-4.247366e+00
4.727786e+00,4.174798e+00,4.753456e+00,-3.080914e+00
1.644570e+00,3.929274e+00,6.843028e-01,1.597589e+00
1.855868e+00,3.065116e+00,3.135739e+00,2.692869e+00
1.630824e+00,9.902934e-01,1.533814e+00,3.725425e+00
1.305494e+00,3.412009e+00,5.197179e-01,3.472832e+00
3.742003e+00,5.942156e-01,1.850556e+00,1.399736e+00
3.583401e+00,2.129716e+00,3.343373e+00,1.450597e-01
3.491614e+00,2.340155e+00,4.680425e+00,-1.903584e+00
2.598470e+00,4.842221e+00,1.817910e+00,-4.982510e-01
2.072630e+00,3.517988e+00,1.193236e+00,3.735176e+00
3.889862e+00,3.744122e+00,3.394790e+00,-2.155626e+00
2.830904e+00,3.903688e+00,2.860996e-01,2.473932e+00
3.818214e+00,1.450218e+00,2.741076e+00,1.661147e+00
3.743798e+00,4.685704e+00,9.226526e-01,-6.120765e-01
3.723559e+00,2.550222e+00,1.653690e+00,3.353345e+00
3.966298e+00,1.391571e+00,1.937807e+00,2.176879e+00
2.048536e+00,2.001425e+00,3.150191e+00,1.469068e+00
2.118129e+00,2.213686e+00,1.191501e+00,3.491786e+00
3.915973e+00,3.670421e+00,3.805723e+00,-3.348428e+00
4.402327e+00,3.442211e+00,2.863050e+00,-4.527671e-01
1.563689e+00,1.116002e+00,4.911494e+00,1.236289e+00
2.546486e+00,2.084855e+00,1.829068e+00,4.008351e+00
5.982133e-01,4.889820e+00,1.808237e+00,1.828892e+00
2.137786e+00,1.171378e+00,2.938794e+00,5.328641e-01
2.082112e+00,4.292895e+00,3.755537e+00,-3.340707e-01
3.770957e+00,2.863147e+00,6.779103e-01,1.845347e+00
6.483902e-02,2.849349e+00,3.028641e+00,7.854890e-01
1.280394e+00,4.914602e+00,3.310484e-01,-3.429124e-01
3.694829e+00,3.293609e+00,1.447533e+00,2.464806e+00
3.062044e+00,3.767789e+00,1.002084e+00,5.336632e-01
1.310112e+00,2.868537e+00,1.895208e+00,2.791516e+00
3.465412e+00,1.524772e-01,9.559701e-01,5.312386e-01
6.183613e-01,2.105058e+00,3.232499e+00,3.921637e+00
3.101284e+00,3.206667e+00,2.911160e+00,1.036258e+00
3.170139e+00,6.719087e-01,2.172650e+00,2.034766e+00
2.844328e-01,3.158787e-01,2.412636e+00,3.590786e+00
1.312779e-01,2.572668e+00,3.485582e+00,-1.295712e+00
2.848253e+00,1.162581e+00,1.058307e+00,2.787401e+00
5.930336e-02,4.417493e+00,1.154315e+00,2.093961e+00
4.769557e+00,1.857057e-01,2.295298e+00,3.526889e-01
4.373423e+00,3.995396e+00,1.102086e+00,-6.734788e-01
4.055338e+00,4.633768e+00,3.005041e+00,-2.875696e+00
7.856878e-01,3.106823e+00,1.981065e+00,4.016023e+00
4.088610e+00,1.054313e+00,2.507984e+00,6.145086e-01
1.559152e+00,3.616645e+00,1.940629e+00,1.042495e+00
3.006717e+00,2.661411e+00,2.866116e+00,2.294267e+00
1.711861e+00,3.593760e+00,9.506938e-01,1.981302e+00
4.286829e+00,3.815559e+00,1.178428e+00,-1.581776e+00
1.315311e+00,3.809265e+00,3.227638e+00,5.496296e-01
3.547808e+00,1.709981e+00,3.628901e+00,1.328053e-01
4.503104e+00,2.860865e+00,3.864027e+00,-2.626032e+00
2.891286e-01,7.380063e-01,5.178618e-01,2.159385e+00
2.424888e+00,4.435023e-01,2.840180e+00,6.238953e-01
3.675639e+00,4.191865e+00,1.351306e+00,1.015858e+00
4.572055e+00,1.698938e-01,2.261096e+00,1.560088e+00
2.747678e-01,9.141377e-01,2.224988e+00,3.808602e+00
