4.095835e+00,4.275834e+00,-1.530477e+00
1.416372e+00,4.610315e+00,-9.449439e-01
3.226079e+00,2.699574e+00,1.274580e+00
3.482723e+00,1.064182e+00,-2.563733e-01
4.757214e+00,4.376997e+00,-6.279643e-01
2.625455e+00,3.534425e+00,1.890214e+00
2.809622e+00,4.211163e+00,1.369797e+00
1.882559e+00,4.198419e+00,9.873046e-02
1.503036e+00,2.785857e+00,-1.483252e-01
4.578476e+00,1.477569e+00,-1.125257e+00
1.312886e+00,3.963694e+00,-1.278730e+00
1.224560e+00,1.953294e+00,-8.591319e-01
1.842327e+00,1.935377e+00,4.942604e-01
3.773408e+00,3.115178e+00,-3.050009e-01
4.100920e+00,1.482273e+00,-1.353971e+00
1.626608e+00,4.925825e+00,-3.424205e-01
1.902996e+00,3.829500e+00,2.562491e-01
4.748447e+00,3.222297e+00,-8.063547e-02
3.676225e+00,3.376523e+00,-2.065739e-01
2.351328e+00,2.026688e+00,1.782688e+00
3.238090e+00,4.604464e+00,6.110664e-01
3.602379e+00,4.238725e+00,-4.769839e-01
4.248071e+00,2.300805e+00,-7.111487e-01
2.213104e+00,4.447666e+00,1.045018e+00
3.499622e+00,3.670273e+00,6.659590e-02
3.212834e+00,4.394137e+00,6.579997e-01
1.965174e+00,4.139185e+00,2.316307e-01
3.190676e+00,3.102265e+00,1.374702e+00
2.085834e+00,1.148685e+00,6.298075e-01
1.967185e+00,4.474246e+00,3.783697e-01
2.937711e+00,1.727946e+00,1.581746e+00
1.853573e+00,3.275153e+00,5.346343e-01
2.718584e+00,1.670081e+00,1.725686e+00
1.567707e+00,4.602598e+00,-8.533201e-01
1.014821e+00,2.485489e+00,-7.220505e-01
4.124068e+00,1.500569e+00,-1.181670e+00
3.061440e+00,4.676600e+00,1.072778e+00
1.582106e+00,1.941188e+00,-1.997158e-01
1.207102e+00,2.972862e+00,-6.881764e-01
4.352251e+00,4.144763e+00,-1.418640e+00
2.090894e+00,3.244712e+00,1.222637e+00
1.065150e+00,4.619041e+00,-1.380142e+00
2.448120e+00,1.500714e+00,1.489519e+00
4.780649e+00,3.907973e+00,-5.400449e-01
2.869649e+00,2.315412e+00,2.149017e+00
1.811398e+00,1.664489e+00,7.150280e-02
4.746256e+00,4.528025e+00,-8.051945e-01
3.759917e+00,3.925340e+00,-1.012513e+00
4.204519e+00,4.425331e+00,-1.527903e+00
2.446108e+00,4.912461e+00,1.667201e+00
2.165064e+00,4.957502e+00,1.185447e+00
4.684648e+00,2.476769e+00,1.184245e-01
1.886525e+00,2.196158e+00,8.576689e-01
3.073524e+00,3.185507e+00,1.800668e+00
4.255536e+00,4.309768e+00,-1.495979e+00
3.373974e+00,1.848861e+00,6.944184e-01
3.352654e+00,3.834115e+00,4.121732e-01
3.311695e+00,4.315635e+00,2.924267e-01
4.638564e+00,4.791719e+00,-7.244854e-01
1.769366e+00,4.074295e+00,-3.081504e-01
2.209664e+00,3.161026e+00,1.770753e+00
2.066289e+00,1.750075e+00,8.196718e-01
4.033250e+00,1.407457e+00,-1.217939e+00
2.679540e+00,2.801536e+00,2.403959e+00
3.986049e+00,3.184928e+00,-7.980954e-01
2.781752e+00,3.478629e+00,1.756994e+00
2.227039e+00,1.343782e+00,9.838500e-01
2.148581e+00,1.523085e+00,8.729406e-01
3.610186e+00,2.360052e+00,2.488343e-01
4.190181e+00,1.421200e+00,-1.430713e+00
4.299378e+00,3.089383e+00,-8.428377e-01
4.747583e+00,4.271056e+00,-7.785365e-01
4.994054e+00,2.876233e+00,6.747011e-01
4.102326e+00,1.476136e+00,-1.398377e+00
1.331709e+00,3.871066e+00,-1.160295e+00
4.088147e+00,1.464776e+00,-1.368805e+00
4.151205e+00,1.916899e+00,-8.495925e-01
4.139202e+00,3.216738e+00,-1.091304e+00
4.325715e+00,1.666272e+00,-1.266343e+00
3.011052e+00,3.611524e+00,1.380715e+00
3.704756e+00,3.055132e+00,-1.020463e-01
3.556667e+00,1.678731e+00,-1.055493e-01
1.478905e+00,1.395021e+00,-1.069264e+00
4.503547e+00,1.100023e+00,-1.475612e+00
1.623443e+00,1.302578e+00,-5.060574e-01
1.424926e+00,3.995944e+00,-1.093464e+00
4.918562e+00,2.629463e+00,7.047283e-01
1.574098e+00,4.011334e+00,-8.711978e-01
4.356905e+00,4.240364e+00,-1.516480e+00
4.321693e+00,1.157959e+00,-1.503487e+00
1.226205e+00,3.596742e+00,-1.090398e+00
4.580409e+00,3.049730e+00,-4.057928e-01
1.247901e+00,2.085270e+00,-8.060848e-01
2.209699e+00,4.013147e+00,1.049049e+00
3.485651e+00,2.698888e+00,7.128340e-01
2.854937e+00,3.412730e+00,1.865021e+00
4.957113e+00,2.022167e+00,5.876000e-01
3.744657e+00,1.228830e+00,-7.882980e-01
1.552357e+00,2.799289e+00,8.371555e-02
1.975670e+00,1.703989e+00,7.297729e-01
4.942990e+00,4.469270e+00,-1.774628e-01
1.895144e+00,2.296484e+00,9.279753e-01
4.857570e+00,1.254595e+00,-5.304075e-01
2.118523e+00,3.079712e+00,1.503262e+00
3.316406e+00,2.323476e+00,1.178367e+00
1.380552e+00,1.358321e+00,-1.066354e+00
1.262050e+00,2.448106e+00,-5.094433e-01
4.427015e+00,1.108677e+00,-1.435137e+00
1.720734e+00,1.228362e+00,-5.146307e-01
2.829636e+00,2.941341e+00,2.236531e+00
4.951501e+00,4.315236e+00,-1.531577e-01
3.361257e+00,3.950233e+00,2.220621e-01
4.866619e+00,2.972784e+00,4.394079e-01
4.949179e+00,4.954939e+00,3.237147e-01
2.131807e+00,2.499022e+00,1.676867e+00
1.922428e+00,1.720833e+00,4.516813e-01
4.104223e+00,2.612609e+00,-6.278965e-01
3.874294e+00,4.900226e+00,-7.566879e-01
4.941256e+00,2.564254e+00,7.518310e-01
4.829544e+00,3.150679e+00,4.472242e-02
3.380271e+00,1.195302e+00,7.743138e-02
3.389655e+00,4.237491e+00,2.422335e-01
1.334918e+00,2.594299e+00,-3.565191e-01
1.232067e+00,4.901862e+00,-1.016652e+00
2.228238e+00,4.981819e+00,1.430122e+00
2.149250e+00,2.254841e+00,1.575943e+00
4.106122e+00,1.552035e+00,-1.318271e+00
3.419319e+00,4.457529e+00,4.371271e-02
1.223219e+00,3.845536e+00,-1.361683e+00
1.652781e+00,3.687565e+00,-4.235546e-01
2.413213e+00,1.810765e+00,1.724786e+00
2.099015e+00,2.742082e+00,1.502784e+00
1.347471e+00,1.921316e+00,-7.315843e-01
1.655143e+00,2.456954e+00,3.129735e-01
4.611952e+00,3.291839e+00,-5.582558e-01
1.906898e+00,3.470807e+00,4.280213e-01
4.032703e+00,1.948698e+00,-9.302241e-01
2.289027e+00,4.619431e+00,1.407569e+00
4.181742e+00,1.563481e+00,-1.320821e+00
2.921264e+00,2.626701e+00,2.097774e+00
2.696008e+00,3.690989e+00,1.787090e+00
2.618660e+00,4.599695e+00,1.575595e+00
2.805661e+00,4.545552e+00,1.519957e+00
4.191560e+00,1.123507e+00,-1.432432e+00
2.499805e+00,1.589448e+00,1.625487e+00
4.727146e+00,4.078190e+00,-7.974293e-01
2.992299e+00,4.532084e+00,1.279323e+00
4.792657e+00,4.997732e+00,-2.349385e-01
4.773593e+00,1.013701e+00,-6.616464e-01
1.930780e+00,4.706777e+00,3.725135e-01
4.470513e+00,1.169883e+00,-1.481838e+00
4.194655e+00,1.630531e+00,-1.206211e+00
2.407356e+00,3.641681e+00,1.574241e+00
4.517915e+00,3.776804e+00,-1.094573e+00
4.634353e+00,2.042842e+00,-3.089388e-01
2.435626e+00,2.550642e+00,2.195463e+00
1.648102e+00,2.163684e+00,8.298429e-02
2.523781e+00,3.207629e+00,2.137336e+00
3.858769e+00,3.177137e+00,-4.858742e-01
3.988287e+00,2.278505e+00,-5.530217e-01
2.505592e+00,1.427304e+00,1.432375e+00
1.865696e+00,1.369889e+00,1.543870e-01
2.606880e+00,2.957712e+00,2.334779e+00
3.878155e+00,2.321751e+00,-4.680394e-01
2.715389e+00,2.722027e+00,2.452977e+00
3.564158e+00,3.610668e+00,-2.138347e-01
3.140039e+00,1.791654e+00,1.093154e+00
4.112210e+00,4.638630e+00,-1.316868e+00
4.416292e+00,1.536722e+00,-1.219551e+00
1.101709e+00,4.403167e+00,-1.434693e+00
4.365390e+00,1.285244e+00,-1.482842e+00
3.070106e+00,3.395279e+00,1.469491e+00
4.202236e+00,1.725317e+00,-1.183238e+00
3.399689e+00,2.167409e+00,8.222423e-01
1.643546e+00,1.742360e+00,-3.781408e-01
3.402786e+00,3.545331e+00,3.840438e-01
3.072308e+00,2.184407e+00,1.687757e+00
4.423013e+00,3.592872e+00,-1.037369e+00
3.770055e+00,1.600027e+00,-7.051599e-01
3.453793e+00,4.760017e+00,1.164872e-01
1.202428e+00,3.583038e+00,-1.130579e+00
1.603125e+00,4.617587e+00,-5.965570e-01
1.139779e+00,2.077918e+00,-9.446211e-01
3.167166e+00,4.553869e+00,7.677464e-01
3.079858e+00,4.994276e+00,1.543976e+00
3.027873e+00,3.529943e+00,1.431357e+00
1.108120e+00,1.217527e+00,-1.521423e+00
2.731577e+00,3.525348e+00,1.903364e+00
3.686549e+00,3.414158e+00,-1.823418e-01
4.707944e+00,2.182456e+00,-9.681735e-03
1.951444e+00,1.414045e+00,3.116437e-01
4.375837e+00,1.281788e+00,-1.522253e+00
4.288844e+00,3.019076e+00,-7.481152e-01
3.023412e+00,2.324315e+00,1.971743e+00
4.281995e+00,3.998527e+00,-1.526093e+00
2.624261e+00,3.975063e+00,1.558345e+00
4.111417e+00,1.921629e+00,-9.408723e-01
4.092110e+00,1.900955e+00,-1.035019e+00
4.882910e+00,1.142038e+00,-3.571048e-01
4.026230e+00,1.366745e+00,-1.366698e+00
