5.595647e+00,5.747283e+00,6.202738e+00
1.967255e+00,2.222150e+00,-1.209753e+00
3.994019e+00,5.186716e+00,3.916782e+00
4.285609e+00,4.520218e+00,3.699984e+00
3.582126e+00,3.054565e+00,6.977644e+00
6.211123e-01,2.411810e+00,-3.109444e+00
5.353933e+00,7.766749e-01,-1.242254e+00
4.500560e+00,1.174736e+00,5.032948e-01
5.916910e+00,3.031884e+00,4.561858e+00
1.800618e+00,5.521727e+00,4.639826e+00
2.350161e+00,4.703811e-01,-1.420429e+00
4.715878e+00,5.881884e+00,1.085218e+01
5.205667e+00,5.344076e+00,1.425633e-01
8.897883e-02,2.257257e+00,-7.926855e-01
1.541193e+00,2.780311e+00,3.581718e+00
2.578633e+00,2.706029e+00,5.889308e+00
6.300393e-01,3.943621e+00,5.709707e+00
6.411733e-01,9.716554e-01,-5.601127e-01
4.074138e+00,1.479862e+00,2.277652e+00
2.713928e+00,7.207851e-01,4.762857e+00
1.757893e+00,2.510360e+00,3.319726e+00
5.601652e+00,5.023327e+00,2.961654e+00
3.924924e+00,1.565073e+00,7.479308e+00
1.794920e-01,2.290977e+00,-3.962526e+00
4.845118e+00,1.486317e+00,8.960261e+00
5.336889e+00,1.456076e+00,6.214703e+00
3.356866e+00,7.633319e-01,2.971271e+00
3.016286e+00,5.121580e+00,-2.838426e+00
5.474602e+00,3.978594e+00,-2.856675e-01
2.908580e+00,3.428593e+00,9.889392e+00
4.745720e+00,1.339601e-01,-1.869464e+00
4.796857e+00,3.794371e+00,6.314734e+00
5.188960e-01,4.348886e+00,9.116682e+00
3.524024e+00,5.496446e+00,1.788026e-01
5.034980e+00,4.476648e-01,2.747206e+00
5.854564e+00,1.286804e+00,2.413451e+00
2.636005e+00,3.633660e+00,4.795267e-01
2.486984e+00,2.194232e+00,8.814192e+00
2.867774e+00,8.368773e-01,8.314349e+00
5.011899e+00,5.211786e+00,2.890001e+00
5.397244e+00,5.172312e+00,-2.262569e+00
5.789954e+00,3.977662e+00,4.008222e+00
4.010600e-01,8.047091e-01,5.070688e+00
5.595719e+00,1.727191e+00,3.896202e+00
5.628066e+00,5.033671e+00,7.830515e+00
3.294587e+00,4.013876e+00,5.193284e-01
3.073322e-01,4.033999e+00,2.027075e+00
3.569690e+00,3.662234e+00,1.625555e+00
4.760523e+00,2.163089e+00,-3.964341e+00
1.890851e+00,4.313342e+00,3.026594e+00
9.315360e-02,3.009139e+00,1.536462e+00
4.218826e-01,1.190318e+00,6.438280e+00
5.282671e+00,5.892110e+00,4.451624e+00
5.303254e+00,1.004274e+00,2.426759e-01
1.945551e+00,3.237089e+00,2.030459e+00
1.267615e-01,1.640495e+00,-4.702946e-01
4.677487e-01,2.826912e+00,2.734827e+00
2.013902e-01,5.781774e+00,-3.811085e+00
3.165862e+00,8.943938e-01,-2.326488e+00
3.243272e+00,4.278121e+00,7.349291e+00
4.159895e+00,3.628141e+00,5.509088e+00
3.641887e+00,7.522206e-01,6.655740e+00
5.830665e-01,2.145989e+00,4.241418e+00
1.436056e+00,4.153222e+00,-2.447698e+00
4.171368e+00,3.363238e-01,-2.071979e-01
3.897924e+00,4.001578e-01,-4.827299e-01
5.550178e+00,2.238305e+00,1.320137e+00
4.588669e+00,5.246719e+00,1.720399e+00
4.454717e+00,4.088007e+00,4.251685e+00
3.761507e+00,1.628247e+00,4.322880e+00
3.691001e+00,7.776182e-01,3.579445e+00
5.830030e+00,4.045878e+00,7.288801e+00
5.501531e-01,1.352323e+00,5.115857e+00
4.287625e+00,1.059733e+00,5.646351e+00
3.319169e+00,3.743075e+00,1.264430e+00
3.981948e+00,3.220507e+00,2.152978e+00
2.827211e-01,4.330498e+00,1.738493e+00
3.665673e+00,3.581428e+00,7.501531e+00
5.159712e+00,5.333700e+00,-8.019019e-01
3.111891e+00,2.577304e-01,8.526644e+00
9.519961e-01,1.643854e+00,3.778971e+00
2.664574e+00,2.720800e+00,4.560032e+00
4.907281e+00,5.877268e+00,1.357864e+00
2.328449e+00,4.660645e+00,9.519316e+00
5.813170e+00,2.031004e-01,3.448998e+00
3.530396e+00,5.683974e+00,9.082082e-01
7.383604e-02,3.559100e+00,-4.448485e-01
2.497768e+00,3.901610e+00,2.978294e-01
1.822469e+00,4.862078e+00,1.221023e+01
1.105463e+00,4.043826e+00,-6.640941e+00
2.892132e+00,5.443895e+00,2.979686e+00
1.103606e+00,2.556346e-01,3.669330e+00
1.773393e+00,2.984889e+00,3.465335e+00
7.226635e-01,5.376831e+00,7.528495e+00
1.640279e+00,4.267719e+00,3.845213e+00
3.164448e+00,2.100863e+00,5.320710e+00
4.378933e+00,5.667114e+00,7.424075e+00
2.336188e+00,4.331428e+00,-2.201649e-01
2.341104e+00,3.031275e+00,4.409117e-01
2.547208e-01,7.050072e-01,2.236088e+00
5.395661e+00,5.845299e+00,5.942187e+00
1.898826e+00,1.711031e-01,1.828339e+00
1.433994e+00,4.981063e+00,4.657691e+00
1.765144e+00,5.506266e-01,2.500811e+00
5.902892e+00,2.083128e+00,2.973950e+00
3.971926e-01,9.049739e-01,2.904766e+00
4.930851e+00,1.510732e+00,6.287653e+00
4.911002e+00,2.102755e+00,3.730323e+00
4.873320e+00,1.776725e+00,8.846881e+00
3.867024e+00,5.168565e+00,4.189494e+00
5.178881e+00,3.083224e+00,3.671827e+00
2.956728e+00,2.135752e+00,5.221840e+00
1.241428e+00,1.927146e+00,7.223203e+00
4.165121e+00,5.588689e+00,1.192431e+01
4.631587e-01,3.088570e+00,-3.870184e+00
1.416087e+00,2.693674e+00,2.654236e+00
3.698769e+00,2.443676e-02,8.659608e+00
5.402857e+00,9.076111e-01,3.704263e+00
2.533076e-01,4.163372e+00,2.976324e+00
1.548337e-01,2.569594e+00,3.155249e+00
5.339919e+00,2.253163e+00,6.016448e+00
5.335053e+00,1.242538e+00,5.906916e+00
3.505279e+00,5.679398e+00,-1.920207e+00
2.987622e+00,3.159522e+00,5.929847e+00
3.568215e+00,3.744295e+00,6.725942e-01
1.717251e+00,5.380094e+00,6.304954e+00
3.834331e-01,6.823357e-01,-2.095832e+00
4.354832e+00,3.422783e+00,1.970121e+00
5.979408e+00,2.994496e+00,7.458960e+00
7.478621e-01,3.335529e+00,4.904047e+00
2.393818e+00,5.617334e+00,1.595401e+00
9.666611e-01,4.692570e+00,5.896437e+00
1.006631e+00,5.991400e+00,3.050087e+00
5.899830e+00,4.685369e+00,4.378158e+00
1.035984e+00,1.180501e+00,4.105448e+00
1.812881e-02,1.634602e+00,-3.613552e+00
3.144865e+00,5.144757e+00,8.157431e+00
5.954014e+00,6.404140e-01,8.853451e-01
2.922381e+00,3.356405e+00,3.284474e+00
1.097301e+00,6.681804e-01,4.029340e+00
2.680968e+00,3.227303e+00,8.517013e+00
2.682354e+00,1.904113e+00,8.272063e+00
2.350266e+00,2.104733e+00,2.955666e-02
1.254500e-01,5.339632e+00,-1.482048e-01
5.915754e+00,1.115585e+00,-3.076740e+00
2.368926e-01,4.324127e+00,1.248752e+00
3.326543e+00,1.027947e+00,3.610756e+00
5.915169e+00,3.451420e-01,5.848682e+00
5.782249e+00,5.339018e+00,5.537864e+00
8.376169e-01,2.401452e+00,-3.538463e+00
2.031196e+00,2.400543e+00,6.179474e+00
1.261960e+00,5.204133e+00,7.638734e+00
2.987041e+00,1.314309e+00,4.171890e+00
2.823736e+00,1.559777e+00,1.030444e+00
5.811789e+00,9.400840e-01,5.143909e+00
5.559928e+00,2.366973e+00,2.721927e-01
1.150460e+00,3.865990e+00,1.699044e+00
2.878940e+00,5.688841e+00,3.511021e-01
4.287279e+00,4.349929e+00,7.677205e+00
4.123858e+00,4.314163e+00,2.924993e+00
3.977376e+00,2.907957e+00,1.716342e+00
8.933612e-02,2.996298e+00,2.957833e-01
1.961207e+00,2.166731e+00,-6.530626e+00
5.365518e+00,6.593700e-01,7.202324e-01
5.028218e+00,9.822720e-01,-2.177374e+00
3.517639e+00,5.099781e+00,2.350190e+00
2.867746e+00,2.501912e+00,-3.380697e+00
3.733599e+00,2.923117e+00,2.684652e+00
4.576616e+00,2.664690e+00,-8.544702e-02
2.346552e+00,2.786169e+00,8.183267e+00
5.352575e+00,3.194357e+00,-2.510594e-01
5.026378e+00,5.163832e-01,1.079856e+00
7.603494e-01,4.377779e-03,1.157269e-01
1.310869e+00,1.973400e+00,8.789056e+00
2.096292e+00,4.987850e+00,3.002942e+00
4.736691e+00,4.961404e+00,3.016419e+00
8.857292e-01,4.814606e+00,7.808954e+00
2.912614e+00,4.726409e+00,3.966476e+00
5.504121e+00,1.764512e+00,2.026289e+00
2.805616e+00,4.673659e+00,9.107014e+00
4.056532e+00,4.223412e+00,3.792140e+00
4.626260e+00,5.575849e-01,1.034917e+00
5.887917e+00,5.139513e-01,5.154925e+00
9.050388e-01,5.487252e+00,4.664633e+00
2.858282e+00,1.681920e-01,1.361240e+00
3.724377e+00,4.317641e+00,6.102907e-01
3.246974e+00,5.946571e+00,7.103815e+00
2.101747e+00,5.018850e+00,1.400046e+00
3.882227e-01,2.286942e+00,5.338551e+00
6.369092e-01,3.185805e+00,-2.852214e+00
2.454528e+00,4.979400e+00,1.747978e+00
5.002961e+00,3.651160e+00,1.873128e-02
5.317247e+00,3.667941e+00,1.139898e+00
4.394185e+00,4.615809e+00,1.019836e+00
2.010969e+00,4.815632e+00,6.941409e+00
7.872326e-01,5.167784e+00,2.700978e+00
3.676929e+00,2.575447e+00,-1.333351e-01
7.991148e-01,1.542480e+00,2.592513e-01
1.413919e+00,1.879615e+00,-8.830686e-01
1.851805e+00,2.027092e+00,3.201078e+00
