1.579739e+00,3.846919e+00,5.872858e+00,1.569458e+00
5.777342e+00,5.724734e+00,5.677652e+00,9.695314e-01
2.192320e+00,3.872037e+00,5.364900e+00,3.322293e+00
5.053691e+00,5.711030e+00,2.136898e+00,5.151768e+00
2.455144e+00,2.278614e+00,3.614484e+00,2.158380e+00
1.355690e+00,4.889493e+00,2.828959e+00,6.469636e+00
3.368647e+00,1.031541e+00,5.400394e+00,-4.686777e-01
5.626046e+00,2.002664e+00,3.508143e+00,1.531181e+00
2.042972e+00,4.412765e+00,3.399137e+00,7.414152e+00
3.906716e+00,1.700826e+00,3.994785e+00,4.034269e+00
1.857924e+00,2.906147e+00,5.292273e+00,-3.902405e-01
4.804422e+00,1.618912e+00,3.882301e+00,4.958952e+00
3.667619e+00,4.043110e+00,4.398265e+00,3.113888e+00
2.467762e+00,4.721374e+00,5.651873e+00,5.583850e+00
4.063980e+00,4.160598e+00,4.905491e+00,-1.984695e+00
4.793672e+00,3.243615e+00,1.474893e+00,8.443329e+00
4.795541e+00,2.508074e+00,2.159757e+00,4.704671e+00
4.491437e+00,5.727437e+00,4.681904e+00,4.190980e+00
4.055012e+00,5.206531e+00,2.782372e+00,2.413487e+00
5.818670e+00,5.586900e+00,5.140777e+00,4.850929e+00
1.342864e+00,4.002293e+00,4.377383e+00,3.555256e+00
5.647583e+00,4.758454e+00,1.355369e+00,5.770699e+00
5.011063e+00,3.656758e+00,3.029808e+00,1.053480e+00
1.058234e+00,5.365874e+00,1.710788e+00,3.543605e+00
3.012022e+00,3.520776e+00,2.364617e+00,2.466093e+00
1.859164e+00,5.089734e+00,2.243713e+00,4.042303e+00
5.691333e+00,3.094911e+00,1.493659e+00,1.344560e+00
4.157992e+00,2.866054e+00,2.358301e+00,4.917392e+00
4.974350e+00,1.750460e+00,1.482881e+00,-1.820470e+00
3.594322e+00,5.036930e+00,4.998444e+00,4.542991e+00
5.569545e+00,3.260828e+00,4.139156e+00,2.148084e-01
3.000629e+00,1.121693e+00,1.945927e+00,2.744524e+00
4.453061e+00,2.754376e+00,3.728952e+00,2.787380e+00
3.308226e+00,3.374697e+00,2.380001e+00,3.850902e+00
1.443083e+00,1.878727e+00,4.969231e+00,4.713335e+00
5.701065e+00,1.001267e+00,2.139529e+00,6.081500e+00
1.357944e+00,3.665116e+00,3.520002e+00,6.201984e+00
4.668667e+00,3.970361e+00,2.056359e+00,4.482633e+00
4.907356e+00,1.782602e+00,1.507041e+00,-8.301365e-01
4.605329e+00,5.454184e+00,5.589362e+00,8.680383e+00
5.141047e+00,5.934853e+00,5.647407e+00,5.605578e+00
3.065204e+00,2.680602e+00,2.160304e+00,6.089236e+00
4.600178e+00,4.855037e+00,4.110861e+00,8.443661e+00
5.694451e+00,5.246473e+00,2.833661e+00,-4.033747e-01
4.709239e+00,5.124136e+00,2.030926e+00,3.162298e+00
5.649176e+00,2.282065e+00,2.169460e+00,7.183004e+00
1.904362e+00,5.194831e+00,1.138819e+00,1.347926e+00
2.679937e+00,2.700488e+00,3.710857e+00,4.983713e+00
3.765839e+00,3.195609e+00,2.775209e+00,-6.242992e-01
5.961512e+00,1.233280e+00,2.934911e+00,-4.710235e-01
2.195462e+00,5.205738e+00,5.283022e+00,6.988723e-01
5.435443e+00,1.335156e+00,3.765225e+00,5.461334e-01
3.249866e+00,1.324279e+00,4.861442e+00,1.572908e+00
4.467625e+00,3.291881e+00,1.849011e+00,1.141011e+00
1.112213e+00,1.025287e+00,2.052193e+00,5.624945e+00
5.413059e+00,4.597257e+00,3.890800e+00,2.370982e+00
1.970958e+00,5.999025e+00,5.897336e+00,1.013198e+01
5.660479e+00,2.661894e+00,5.648628e+00,-1.425815e+00
1.723855e+00,4.358266e+00,5.294701e+00,4.739063e+00
5.500167e+00,1.577127e+00,4.796256e+00,5.313594e+00
2.305944e+00,5.479005e+00,2.454576e+00,1.439088e+00
2.326132e+00,1.321222e+00,5.789484e+00,1.917321e+00
2.639001e+00,1.434601e+00,2.918322e+00,-2.520265e+00
3.626836e+00,5.243803e+00,2.041054e+00,7.460126e+00
5.546436e+00,5.658359e+00,4.091189e+00,1.447713e+00
4.153231e+00,4.380582e+00,5.150966e+00,4.997698e+00
3.887087e+00,5.143392e+00,4.791896e+00,7.714342e+00
3.099244e+00,4.847824e+00,1.173545e+00,1.749534e+00
1.163403e+00,5.517546e+00,5.294744e+00,6.353505e+00
2.631402e+00,4.525203e+00,5.758449e+00,2.937336e+00
1.141578e+00,2.378264e+00,2.579807e+00,-4.543086e+00
1.750903e+00,5.585115e+00,5.703076e+00,6.103957e+00
4.889973e+00,2.907536e+00,2.094068e+00,6.393624e-01
1.841141e+00,4.890105e+00,2.400142e+00,5.504578e+00
1.384213e+00,2.765940e+00,4.189482e+00,3.830659e+00
4.819862e+00,5.842086e+00,3.261115e+00,5.665425e+00
4.326906e+00,2.061365e+00,2.468765e+00,3.417646e+00
1.332809e+00,2.703494e+00,5.600673e+00,1.280181e+00
1.180751e+00,2.353420e+00,2.922791e+00,-2.459281e+00
2.320214e+00,5.823660e+00,2.783215e+00,8.906254e+00
5.243414e+00,3.860751e+00,3.826651e+00,5.887735e+00
2.440356e+00,3.252423e+00,4.070532e+00,2.145787e+00
2.775097e+00,2.947559e+00,4.665235e+00,3.877865e+00
2.671165e+00,4.880985e+00,3.526623e+00,4.309422e+00
3.974970e+00,2.085777e+00,2.275612e+00,-2.278328e-01
1.306061e+00,4.312786e+00,1.964144e+00,2.484333e+00
2.185867e+00,2.749261e+00,3.943244e+00,4.637582e+00
5.942956e+00,5.852667e+00,1.536933e+00,2.528485e+00
1.494523e+00,4.242463e+00,3.446029e+00,4.334830e+00
5.204167e+00,4.476111e+00,1.839786e+00,2.961182e+00
5.462524e+00,5.221596e+00,3.474211e+00,6.294168e+00
2.910017e+00,4.988216e+00,4.498812e+00,5.374046e+00
5.081913e+00,1.272712e+00,5.142659e+00,-5.008918e-01
1.566910e+00,4.992835e+00,3.061884e+00,2.503052e-01
2.127013e+00,1.179103e+00,3.432257e+00,2.921852e+00
2.522120e+00,3.808090e+00,4.674402e+00,6.145159e+00
5.839574e+00,4.525326e+00,5.516553e+00,1.644277e+00
3.751194e+00,4.018177e+00,3.024700e+00,-3.784211e-02
5.513713e+00,3.641091e+00,2.325935e+00,1.262703e+00
3.456101e+00,3.756102e+00,1.152066e+00,2.216256e+00
2.332450e+00,2.284587e+00,3.385536e+00,5.057976e-01
3.381523e+00,1.594497e+00,1.858805e+00,5.360142e+00
4.463841e+00,2.303870e+00,4.978015e+00,2.007702e+00
1.065832e+00,3.503583e+00,2.652390e+00,5.979345e-01
2.574302e+00,1.499326e+00,1.961759e+00,1.520752e+00
3.595431e+00,1.985323e+00,4.072345e+00,4.089539e+00
5.733417e+00,1.544391e+00,1.191064e+00,-6.656412e-01
1.686810e+00,3.676519e+00,4.783058e+00,1.104548e+00
1.975862e+00,4.825418e+00,4.366471e+00,-9.636474e-01
5.618249e+00,1.123875e+00,2.494076e+00,-7.640321e-01
3.506516e+00,4.452002e+00,5.172651e+00,5.308867e+00
3.478095e+00,5.948221e+00,4.363532e+00,4.158341e+00
4.421795e+00,2.684937e+00,2.166913e+00,-9.046358e-01
5.649569e+00,5.773939e+00,1.056871e+00,-2.477616e+00
5.052350e+00,5.246254e+00,3.669834e+00,3.225852e+00
1.353335e+00,5.786536e+00,5.262658e+00,4.841137e+00
2.332311e+00,1.129681e+00,2.897818e+00,4.447619e+00
2.803414e+00,1.573721e+00,1.949534e+00,7.190786e+00
4.241207e+00,3.811034e+00,3.453448e+00,-1.531989e+00
4.217003e+00,1.739834e+00,3.623407e+00,2.518568e+00
4.043724e+00,3.422870e+00,5.041765e+00,4.200646e+00
3.876552e+00,4.415722e+00,2.404454e+00,8.223043e+00
3.799547e+00,4.508196e+00,4.545781e+00,3.525162e+00
2.790417e+00,5.865990e+00,5.991238e+00,-4.757286e-01
2.507754e+00,2.152479e+00,4.290463e+00,-5.908781e+00
1.861627e+00,2.977873e+00,1.121407e+00,1.128914e+00
1.780633e+00,1.524473e+00,3.851275e+00,-5.769162e-01
3.987666e+00,2.002875e+00,5.031741e+00,6.426125e+00
3.423995e+00,5.014990e+00,4.789925e+00,4.798526e+00
1.477834e+00,2.861229e+00,2.015018e+00,2.641844e+00
2.669831e+00,4.677817e+00,1.294901e+00,2.426531e-01
1.553701e+00,1.371632e+00,4.858344e+00,7.674439e+00
1.752249e+00,1.165483e+00,2.169806e+00,1.788100e+00
1.216941e+00,2.320750e+00,3.441675e+00,2.747741e+00
1.639332e+00,5.999545e+00,1.201236e+00,6.410487e+00
5.014075e+00,5.974615e+00,3.361801e+00,2.984745e+00
3.915820e+00,3.756541e+00,2.659841e+00,7.856419e+00
5.024170e+00,4.594205e+00,4.333522e+00,4.592671e+00
2.122024e+00,5.637019e+00,2.209448e+00,-1.867482e+00
4.979308e+00,1.218871e+00,1.006397e+00,5.665947e-01
3.905273e+00,2.689918e+00,2.765269e+00,4.126132e+00
4.205108e+00,2.318582e+00,2.716143e+00,-8.404307e-01
4.928930e+00,5.150158e+00,2.440999e+00,-2.552392e-01
2.925326e+00,2.003305e+00,2.162945e+00,2.587944e+00
4.269015e+00,5.947114e+00,1.027908e+00,3.305168e+00
1.231160e+00,5.859569e+00,1.093927e+00,1.767164e-01
3.761972e+00,1.791993e+00,5.140832e+00,3.559322e+00
1.663753e+00,2.459305e+00,5.813146e+00,2.177964e+00
4.339991e+00,1.531086e+00,1.676901e+00,4.328391e+00
1.678721e+00,3.484589e+00,3.432120e+00,5.358755e+00
5.613221e+00,1.856756e+00,2.038678e+00,5.779160e+00
2.357293e+00,1.583547e+00,2.145394e+00,3.550516e+00
2.138951e+00,1.639444e+00,4.735706e+00,1.062526e+01
1.914562e+00,1.245400e+00,2.487736e+00,5.071043e+00
2.227071e+00,3.696774e+00,1.982380e+00,5.472064e+00
5.885347e+00,3.045928e+00,4.122901e+00,2.479766e+00
1.219006e+00,3.063647e+00,3.145360e+00,7.507867e+00
4.505384e+00,1.439675e+00,5.353990e+00,-8.240530e-01
3.871854e+00,1.881919e+00,4.312348e+00,4.055912e+00
2.117986e+00,3.067641e+00,4.418714e+00,-1.171748e+00
3.250689e+00,1.550090e+00,4.579675e+00,9.387309e+00
2.694767e+00,3.510756e+00,4.028288e+00,6.545323e+00
3.280852e+00,2.993582e+00,2.213529e+00,6.298283e+00
3.543810e+00,4.250114e+00,2.776825e+00,2.062135e+00
4.276170e+00,1.991719e+00,4.430193e+00,2.184651e+00
3.661360e+00,2.635271e+00,1.633597e+00,8.504985e+00
3.299634e+00,5.429541e+00,5.716782e+00,7.404421e+00
5.826601e+00,1.110442e+00,4.185046e+00,8.430694e+00
2.612988e+00,5.724842e+00,2.599984e+00,2.716137e+00
1.591414e+00,4.552679e+00,5.934755e+00,4.330067e+00
2.000908e+00,5.186205e+00,3.413209e+00,5.262595e+00
4.574061e+00,4.333099e+00,4.109487e+00,4.730187e+00
2.705751e+00,1.810121e+00,1.616115e+00,1.629984e+00
5.091437e+00,4.958698e+00,4.839919e+00,-3.211572e-01
4.590782e+00,5.179298e+00,1.478471e+00,-1.752506e+00
1.505329e+00,3.560103e+00,2.633537e+00,2.717803e+00
4.933945e+00,1.191731e+00,3.502659e+00,3.283879e+00
2.014456e+00,1.306120e+00,1.904728e+00,3.711629e+00
4.811487e+00,5.489335e+00,3.684192e+00,4.783093e+00
4.229967e+00,5.737301e+00,3.196544e+00,9.212913e+00
2.889185e+00,3.057737e+00,5.046118e+00,-1.730350e+00
5.438614e+00,4.625293e+00,3.143848e+00,-1.007402e+00
4.995571e+00,4.105480e+00,2.140047e+00,3.147811e+00
4.040368e+00,2.997792e+00,4.902012e+00,-1.716979e+00
3.932883e+00,3.591312e+00,1.996718e+00,5.368158e+00
3.926817e+00,4.052004e+00,5.168495e+00,5.000164e+00
4.891204e+00,3.633438e+00,4.203350e+00,5.586183e+00
2.278821e+00,1.763614e+00,5.373209e+00,3.479940e+00
2.101357e+00,1.296393e+00,1.753445e+00,-2.508616e+00
5.545086e+00,1.210151e+00,1.746632e+00,-6.017948e-01
2.191947e+00,4.417374e+00,1.599956e+00,8.016089e+00
2.782932e+00,3.131652e+00,3.383024e+00,8.060376e+00
1.142557e+00,1.280288e+00,5.364594e+00,3.603441e+00
3.511181e+00,3.704620e+00,1.034045e+00,4.382932e+00
5.600517e+00,5.771342e+00,2.785487e+00,3.413415e-01
3.532173e+00,4.011253e+00,4.022619e+00,2.176381e+00
4.141617e+00,1.380891e+00,1.532191e+00,2.983674e+00
2.165458e+00,5.938894e+00,5.838243e+00,3.747307e+00
3.030917e+00,4.630725e+00,3.083441e+00,3.838513e+00
3.548192e+00,2.597377e+00,4.657136e+00,4.414672e+00
