1.862768e+00,1.844081e+00,1.812432e+00
2.565181e+00,2.606672e+00,2.404483e+00
2.795478e+00,4.316785e+00,6.536957e-01
2.046198e+00,3.111547e+00,-1.227856e-01
3.684652e+00,4.069429e+00,-8.791458e-01
4.726760e+00,4.206710e+00,1.039929e+00
1.675052e+00,3.273787e+00,7.419098e-01
2.471386e+00,4.080174e+00,6.729800e-01
1.953559e+00,2.644682e+00,6.153361e-01
3.033375e+00,2.438929e+00,-2.130353e-01
1.779247e+00,4.768457e+00,2.298651e+00
1.717674e+00,2.636416e+00,9.189864e-01
1.811974e+00,3.155849e+00,7.662476e-01
4.853686e+00,3.311669e+00,6.037920e-01
4.184655e+00,4.387241e+00,9.946952e-01
1.742390e+00,1.552082e+00,1.142578e+00
2.126933e+00,2.104053e+00,1.439142e-01
1.428131e+00,2.170350e+00,7.647642e-01
1.118300e+00,1.721239e+00,1.214624e+00
2.813292e+00,3.637506e+00,2.981736e-01
3.768918e+00,1.910867e+00,1.452873e+00
3.622511e+00,3.614327e+00,1.895718e+00
1.852901e+00,1.370847e+00,1.489131e+00
4.798478e+00,3.439777e+00,-1.494689e+00
4.046794e+00,3.118334e+00,2.461011e-01
1.328520e+00,3.588497e+00,1.606554e+00
1.125343e+00,2.132538e+00,1.657584e+00
4.443440e+00,2.830095e+00,-2.996810e-01
3.470663e+00,3.611634e+00,1.673667e+00
3.495316e+00,2.422510e+00,1.370757e+00
1.809426e+00,3.014866e+00,1.632202e+00
2.593604e+00,4.504183e+00,1.279388e+00
2.470242e+00,2.242350e+00,3.867937e+00
4.362345e+00,4.240509e+00,-8.787809e-01
4.053153e+00,2.761320e+00,-1.073633e+00
4.028869e+00,1.326629e+00,2.998207e-01
2.434881e+00,1.769759e+00,1.159536e+00
1.778522e+00,4.064459e+00,1.654169e+00
1.155459e+00,3.617086e+00,7.134028e-01
3.713267e+00,4.977264e+00,2.380494e-01
4.021733e+00,4.273123e+00,-1.988303e+00
2.074707e+00,4.128550e+00,6.987809e-01
1.258217e+00,4.149528e+00,1.516327e+00
3.498692e+00,4.836464e+00,1.079236e+00
4.707191e+00,4.789044e+00,1.250797e+00
3.609380e+00,4.051946e+00,-7.882553e-01
1.755118e+00,2.448384e+00,1.297917e+00
3.679887e+00,3.968191e+00,1.484711e-02
3.251459e+00,3.893169e+00,9.433343e-01
1.326645e+00,1.852001e+00,1.898783e+00
1.857978e+00,3.782642e+00,2.287689e+00
2.403169e+00,4.713756e+00,3.321826e+00
2.771458e+00,3.443480e+00,-3.187425e-02
3.693262e+00,4.666912e+00,6.290427e-02
2.422890e+00,2.181790e+00,1.591599e+00
1.212873e+00,3.646368e+00,2.028719e+00
1.581525e+00,3.604418e+00,1.959092e-01
3.096820e+00,2.783527e+00,1.861413e+00
1.330506e+00,4.623242e+00,1.370306e+00
1.253970e+00,3.522744e+00,9.632440e-01
2.142396e+00,3.604613e+00,1.719862e+00
2.401412e+00,1.632741e+00,2.190915e+00
3.853036e+00,3.344060e+00,-3.294908e-01
1.587450e+00,2.424207e+00,-5.487729e-01
2.863214e+00,3.662931e+00,5.156085e-01
2.255331e+00,2.335116e+00,1.825015e+00
2.219649e+00,2.940207e+00,2.321824e+00
1.954366e+00,1.625571e+00,1.954882e+00
4.880200e+00,4.528343e+00,7.012862e-01
4.881429e+00,1.409267e+00,-1.681304e+00
4.896079e+00,3.387713e+00,-2.757989e-01
1.813306e+00,2.630061e+00,2.816001e+00
3.932785e+00,1.591063e+00,6.068473e-01
2.854536e+00,2.359410e+00,1.034872e+00
1.000381e+00,2.875541e+00,4.380252e+00
3.190900e+00,1.787365e+00,2.993072e+00
1.533816e+00,2.062331e+00,2.850659e+00
2.586738e+00,2.824221e+00,9.804885e-01
1.770454e+00,1.118478e+00,3.542128e+00
2.421700e+00,1.565083e+00,2.390897e+00
1.862794e+00,4.353051e+00,1.248018e+00
1.106531e+00,1.162414e+00,3.200422e+00
4.228140e+00,1.900841e+00,-1.930315e+00
2.429776e+00,3.348008e+00,1.800472e+00
1.930483e+00,4.339773e+00,6.515709e-01
1.695402e+00,4.750087e+00,3.814742e-01
4.863560e+00,1.713485e+00,-7.228625e-01
1.850863e+00,1.204222e+00,1.617214e+00
1.808243e+00,1.320115e+00,1.688924e+00
3.592791e+00,2.180998e+00,-1.841424e+00
4.082243e+00,3.980632e+00,1.040380e+00
2.645705e+00,3.680050e+00,1.190418e+00
3.485221e+00,3.797054e+00,4.031910e-01
3.868336e+00,4.919490e+00,6.282308e-01
4.993508e+00,2.613200e+00,-1.161090e+00
1.451413e+00,1.736946e+00,3.486647e+00
4.251252e+00,2.605559e+00,-7.820082e-01
3.288482e+00,4.613292e+00,1.376873e+00
2.338797e+00,2.289619e+00,7.167926e-01
1.408821e+00,2.520299e+00,8.538438e-01
4.470286e+00,2.369109e+00,9.631423e-01
4.236018e+00,2.614024e+00,1.074174e+00
2.408656e+00,2.788848e+00,1.854838e+00
1.645025e+00,4.683360e+00,7.208778e-01
1.418991e+00,4.987782e+00,7.365410e-01
2.384884e+00,3.888141e+00,-1.421498e-01
4.412817e+00,2.205278e+00,6.445746e-01
1.465486e+00,1.292908e+00,2.000161e+00
3.758783e+00,2.718168e+00,7.240134e-01
4.882332e+00,2.270965e+00,6.354123e-02
3.886499e+00,3.091916e+00,2.819255e-01
2.136118e+00,2.450560e+00,2.924982e+00
4.448583e+00,2.720659e+00,3.156157e-01
4.765708e+00,4.149350e+00,8.614712e-02
4.060899e+00,1.446709e+00,1.459502e+00
1.746799e+00,3.801121e+00,5.254460e-01
1.632631e+00,1.005645e+00,1.434295e+00
4.048823e+00,3.806470e+00,-1.785819e-01
2.623643e+00,3.212754e+00,2.215132e+00
4.780626e+00,4.192183e+00,-2.413960e-01
1.889033e+00,3.473558e+00,1.713242e+00
1.316965e+00,4.335629e+00,1.921945e+00
1.649915e+00,3.178541e+00,4.292359e+00
1.923389e+00,4.953219e+00,1.890411e+00
2.119295e+00,1.450885e+00,1.316226e+00
2.845647e+00,4.489638e+00,2.823026e+00
3.281022e+00,2.864114e+00,2.333681e+00
3.405595e+00,4.774479e+00,-9.280713e-02
1.642774e+00,2.562373e+00,1.793145e+00
3.334297e+00,3.020300e+00,-1.792826e+00
2.838360e+00,4.806837e+00,-2.494532e-01
4.256830e+00,3.017759e+00,2.206927e+00
3.280609e+00,2.581722e+00,1.817671e+00
3.021543e+00,1.025470e+00,1.568548e+00
3.927451e+00,3.004175e+00,-9.760746e-01
4.634139e+00,1.611717e+00,1.274513e+00
3.354921e+00,2.012285e+00,1.362885e+00
3.130840e+00,1.979182e+00,2.268405e+00
4.850089e+00,2.999644e+00,-3.446210e-01
1.218646e+00,2.240253e+00,2.432727e+00
1.989521e+00,1.114262e+00,-3.462394e-01
3.468567e+00,1.593319e+00,6.858858e-01
1.476325e+00,2.431174e+00,2.441989e+00
2.441785e+00,3.923624e+00,7.788668e-01
1.701251e+00,2.480093e+00,4.473109e+00
4.002688e+00,4.428594e+00,8.886425e-01
4.144645e+00,1.962054e+00,1.361595e+00
4.914511e+00,2.659514e+00,-2.174919e-01
2.283158e+00,2.880496e+00,1.755326e+00
2.373073e+00,3.603717e+00,7.836637e-01
2.967039e+00,1.422771e+00,1.599638e+00
4.381139e+00,3.840389e+00,1.702723e+00
4.901166e+00,3.266628e+00,-7.078159e-01
2.531081e+00,4.742073e+00,1.322964e+00
4.757184e+00,2.767866e+00,-1.331483e+00
1.167546e+00,2.893824e+00,1.421238e+00
1.409926e+00,4.996501e+00,1.856510e+00
1.079908e+00,4.211967e+00,2.007581e+00
1.018400e+00,4.032808e+00,2.797744e+00
1.419722e+00,3.348693e+00,3.244827e-01
4.378132e+00,4.853851e+00,-1.377531e+00
1.680445e+00,2.846855e+00,1.179010e+00
1.509949e+00,4.951181e+00,-4.136109e-01
1.156936e+00,3.513973e+00,1.935443e+00
3.315828e+00,2.601402e+00,1.995849e+00
3.414348e+00,4.522046e+00,-4.535201e-01
2.575076e+00,2.478313e+00,2.612260e+00
3.407910e+00,1.492088e+00,1.685002e+00
3.877841e+00,3.073654e+00,-5.451624e-01
2.429544e+00,3.585666e+00,1.333413e+00
4.070719e+00,2.584908e+00,1.182196e+00
3.661411e+00,2.642856e+00,7.805487e-01
1.299988e+00,2.891406e+00,1.451215e+00
4.082028e+00,3.845496e+00,-3.436067e-01
4.820908e+00,3.637130e+00,-8.861631e-02
1.746224e+00,2.311727e+00,8.400342e-01
2.424340e+00,3.714577e+00,1.378362e+00
1.332830e+00,1.370046e+00,2.899698e+00
2.498667e+00,2.775091e+00,7.712038e-01
1.457117e+00,1.165846e+00,8.237696e-01
1.337226e+00,1.114237e+00,8.393661e-01
1.156896e+00,3.530350e+00,4.350117e-01
3.684803e+00,1.047813e+00,1.472554e+00
2.453742e+00,3.838607e+00,-1.474725e-01
4.251761e+00,1.538648e+00,3.482134e-01
2.008536e+00,3.012653e+00,1.533635e+00
1.629998e+00,1.656902e+00,2.378951e+00
3.591034e+00,3.934026e+00,-1.641635e-01
2.365836e+00,4.039973e+00,6.428699e-01
1.114247e+00,4.239196e+00,9.616390e-01
1.296287e+00,1.862209e+00,1.458756e+00
3.748498e+00,2.850900e+00,9.083948e-01
1.463552e+00,2.793152e+00,2.723285e+00
4.851230e+00,2.040880e+00,1.307955e-02
1.916894e+00,3.850385e+00,1.628819e+00
2.406929e+00,1.052574e+00,1.375324e+00
4.992404e+00,3.059223e+00,1.483196e+00
1.762698e+00,4.782194e+00,1.654649e+00
4.913914e+00,3.187897e+00,6.696880e-02
1.304428e+00,1.475562e+00,2.069833e+00
