2.879301e+00,2.186339e+00,4.446134e+00,-1.803228e+01
1.822223e+00,2.107008e+00,4.510991e+00,-1.851017e+01
4.309049e+00,1.326545e+00,2.067437e+00,2.427301e+01
2.363548e+00,4.976411e+00,4.868142e+00,5.560072e+01
3.564402e+00,1.240586e+00,4.578145e+00,1.203757e+01
2.537458e+00,4.218687e+00,4.293746e+00,2.678662e+01
3.560037e+00,4.313722e+00,2.117348e+00,1.157451e+01
4.955811e+00,4.765819e+00,4.294513e+00,4.310891e+01
3.522923e+00,4.141817e+00,3.543566e+00,2.782678e+01
2.863548e+00,2.401730e+00,4.061795e+00,1.361551e+01
2.475803e+00,1.081265e+00,1.415168e+00,-5.815926e+00
2.839788e+00,2.481569e+00,3.494866e+00,-9.911019e+00
4.903071e+00,3.888556e+00,2.250277e+00,1.527055e+01
3.577489e+00,2.639726e+00,1.566730e+00,1.168095e+01
2.970744e+00,2.975801e+00,4.142591e+00,7.442715e+01
4.353822e+00,1.915823e+00,4.999634e+00,4.643226e+01
2.546284e+00,1.094696e+00,1.057347e+00,7.154399e-01
1.627636e+00,3.720169e+00,4.182193e+00,7.286857e+01
3.462600e+00,1.767672e+00,3.085511e+00,3.442778e+01
3.509110e+00,2.872111e+00,3.835627e+00,5.051456e+01
3.879881e+00,1.062777e+00,2.249427e+00,8.845640e+01
2.872646e+00,1.784847e+00,1.894955e+00,4.714087e+01
1.922717e+00,2.702285e+00,3.492693e+00,2.079026e+01
1.176080e+00,4.469293e+00,2.830379e+00,1.172917e+01
4.467984e+00,1.767868e+00,3.300588e+00,2.431505e+01
1.680745e+00,4.903393e+00,2.906808e+00,5.787644e+01
1.889043e+00,4.046814e+00,3.808746e+00,3.877756e+01
1.416057e+00,1.211086e+00,3.585245e+00,4.720228e+01
3.467500e+00,1.800009e+00,1.762978e+00,9.200535e+00
3.824371e+00,4.352394e+00,2.448362e+00,5.831111e+01
2.385784e+00,2.602300e+00,2.143964e+00,1.536018e+01
1.123302e+00,3.680762e+00,3.894999e+00,1.000426e+01
4.558580e+00,1.402011e+00,3.606666e+00,5.078684e+01
2.752886e+00,3.728593e+00,1.090932e+00,5.667166e+01
4.493000e+00,2.937941e+00,4.179426e+00,3.452912e+01
2.956289e+00,2.709807e+00,2.831259e+00,6.741703e+00
2.966826e+00,2.689861e+00,4.203495e+00,3.546453e+01
2.847797e+00,2.014533e+00,4.564361e+00,4.553195e+01
2.823571e+00,2.230911e+00,1.628580e+00,5.627807e+01
1.589028e+00,2.434266e+00,4.464911e+00,1.625618e+01
2.772758e+00,1.907124e+00,1.609596e+00,3.130269e+01
4.953727e+00,3.238750e+00,3.972256e+00,8.797432e+01
3.918851e+00,1.787536e+00,2.316025e+00,1.972040e+01
1.852305e+00,1.053837e+00,4.842088e+00,7.534251e+01
4.980097e+00,1.047391e+00,1.552620e+00,3.643750e+01
4.398266e+00,1.521157e+00,1.055867e+00,2.139575e+01
4.360956e+00,4.928665e+00,2.401716e+00,3.382312e+01
1.605910e+00,1.088595e+00,3.216157e+00,1.483422e+01
2.826189e+00,1.608317e+00,4.268345e+00,4.031626e+01
4.571351e+00,1.006775e+00,2.035102e+00,5.553653e+01
1.930554e+00,4.388317e+00,1.998087e+00,-3.594225e+00
3.667344e+00,4.344435e+00,3.192124e+00,9.207533e+00
4.663801e+00,4.905595e+00,3.255671e+00,-1.913900e+01
2.220030e+00,4.341023e+00,4.561512e+00,-9.851112e+00
4.296190e+00,2.821919e+00,2.328674e+00,3.619545e+01
4.129709e+00,1.067613e+00,3.302149e+00,-3.025298e+00
4.326872e+00,4.475551e+00,1.146156e+00,2.490482e+01
4.514341e+00,1.906879e+00,1.470817e+00,5.933274e+01
4.619542e+00,4.147230e+00,1.571653e+00,2.423620e+01
1.205689e+00,2.761022e+00,4.004681e+00,4.223375e+00
4.565010e+00,1.509530e+00,1.011312e+00,-2.959334e+01
2.199463e+00,2.237814e+00,2.657186e+00,3.266469e+01
1.700013e+00,1.184024e+00,3.038913e+00,1.553331e+01
4.466303e+00,3.870935e+00,3.325081e+00,6.730293e+01
1.092082e+00,4.383119e+00,1.088930e+00,8.772427e+00
4.273588e+00,3.585506e+00,2.904290e+00,7.932341e+00
3.208661e+00,2.738957e+00,3.296693e+00,1.368666e+01
3.173923e+00,1.543450e+00,1.613894e+00,1.919331e+01
4.976794e+00,4.197660e+00,2.044615e+00,6.145034e+01
4.702859e+00,1.674911e+00,3.822177e+00,1.372303e+01
2.388493e+00,3.588180e+00,1.589787e+00,7.257828e+01
2.366601e+00,4.894228e+00,3.139304e+00,2.246069e+01
4.142471e+00,4.976968e+00,3.253419e+00,5.866873e+01
3.871323e+00,4.340486e+00,1.497889e+00,1.912423e+01
1.084909e+00,2.165675e+00,1.762378e+00,4.420594e+01
4.282436e+00,2.547549e+00,4.092391e+00,1.924910e+01
2.448410e+00,1.339581e+00,2.060569e+00,-2.731889e+00
2.769424e+00,4.403254e+00,1.391296e+00,4.448970e+01
4.082318e+00,4.973115e+00,4.500402e+00,2.971975e+01
2.493557e+00,3.968503e+00,3.907051e+00,6.104364e+01
2.106864e+00,3.390350e+00,4.344634e+00,1.126187e+01
4.652087e+00,4.369387e+00,3.731444e+00,2.972742e+01
4.329894e+00,3.470753e+00,2.979801e+00,4.005763e-01
3.078356e+00,2.953554e+00,4.560831e+00,6.690893e+01
1.517173e+00,2.043569e+00,4.713520e+00,-2.764254e+01
4.969826e+00,3.323376e+00,3.839162e+00,2.493876e+01
2.552089e+00,4.524806e+00,3.873154e+00,4.004889e+01
2.763049e+00,2.959941e+00,2.396051e+00,9.307036e+00
2.844407e+00,1.381613e+00,3.432810e+00,2.681419e+00
4.060878e+00,1.999906e+00,1.016354e+00,6.331756e+01
1.412440e+00,1.828331e+00,3.829626e+00,8.799725e+01
3.625561e+00,3.685724e+00,2.674655e+00,4.889680e+01
4.571544e+00,1.909691e+00,4.613040e+00,6.897881e+00
2.548978e+00,1.142271e+00,3.587636e+00,1.388917e+01
1.773955e+00,1.686513e+00,4.866283e+00,3.593694e+01
1.250060e+00,4.788146e+00,2.445379e+00,-8.234613e+00
2.026856e+00,4.354288e+00,1.414309e+00,3.176412e+01
3.397891e+00,1.369953e+00,2.449878e+00,2.929227e+01
1.612522e+00,2.589135e+00,4.452215e+00,5.016358e+01
4.975968e+00,2.567320e+00,4.820555e+00,8.839149e+01
3.360561e+00,2.968575e+00,2.992013e+00,3.690679e+01
2.382574e+00,2.626676e+00,2.825886e+00,-3.253605e+01
2.293539e+00,2.202030e+00,2.765908e+00,5.684540e+00
2.188002e+00,3.345483e+00,4.670647e+00,4.318987e+01
4.855956e+00,3.626797e+00,3.734023e+00,1.601720e+00
2.817691e+00,2.219210e+00,2.554076e+00,1.196014e+01
3.957517e+00,2.065698e+00,1.301272e+00,7.114737e+01
3.448016e+00,2.464115e+00,1.216546e+00,5.312110e+01
2.471289e+00,4.103639e+00,2.152562e+00,2.934533e+01
1.397748e+00,4.162227e+00,2.988048e+00,-3.874287e+01
4.699402e+00,1.161693e+00,3.805108e+00,-6.532742e+01
2.201900e+00,4.205941e+00,3.495881e+00,5.572379e+01
3.269098e+00,1.684454e+00,3.646146e+00,2.875579e+01
3.824253e+00,4.440416e+00,3.430168e+00,6.981231e+01
3.975421e+00,4.832822e+00,2.622177e+00,2.354369e+01
4.321054e+00,3.328892e+00,3.657306e+00,6.646008e+01
4.974738e+00,2.557346e+00,1.090046e+00,1.400366e+01
2.157420e+00,1.577420e+00,2.365817e+00,5.890393e+01
3.918500e+00,3.465465e+00,1.781363e+00,-1.481327e+00
3.688918e+00,2.428700e+00,2.696870e+00,6.324982e+01
1.565093e+00,2.530610e+00,1.305165e+00,2.968291e+01
1.206839e+00,2.152884e+00,1.291775e+00,2.976464e+01
4.254671e+00,2.009636e+00,4.182016e+00,-1.872704e+01
4.113807e+00,2.747484e+00,3.257997e+00,-5.230977e+00
4.613577e+00,4.120339e+00,3.678870e+00,3.482949e+01
1.428151e+00,1.416363e+00,2.522843e+00,8.465545e-01
3.393728e+00,3.602775e+00,1.777926e+00,1.194301e+01
4.342981e+00,3.963160e+00,2.160633e+00,8.532463e+01
1.797149e+00,3.338362e+00,4.856761e+00,1.476488e+01
3.638410e+00,3.701465e+00,2.028422e+00,2.040633e+01
1.908753e+00,1.849978e+00,2.468548e+00,-2.691253e-01
4.338409e+00,2.931550e+00,4.711216e+00,4.270200e+01
4.638748e+00,3.026620e+00,2.904150e+00,4.623368e+01
2.260948e+00,2.617634e+00,1.123961e+00,2.750059e+01
1.761845e+00,3.179699e+00,2.795400e+00,3.730748e+01
1.043734e+00,4.088160e+00,1.107955e+00,5.481799e+01
4.941028e+00,4.691879e+00,2.536095e+00,9.049653e+01
3.730777e+00,2.523581e+00,2.491300e+00,4.694681e+01
4.421534e+00,1.045288e+00,3.428905e+00,6.486864e+01
1.917053e+00,3.798885e+00,4.611047e+00,1.045905e+02
4.327116e+00,3.096131e+00,4.255634e+00,1.714070e+01
3.885921e+00,2.027466e+00,2.852875e+00,8.188650e+01
2.119085e+00,3.048141e+00,1.436292e+00,3.162188e+01
3.801834e+00,3.193512e+00,2.082422e+00,3.112740e+00
4.783052e+00,4.545736e+00,4.375303e+00,1.021797e+02
1.091579e+00,2.172396e+00,3.990537e+00,3.047781e+01
3.334884e+00,1.023662e+00,1.649099e+00,2.417251e+01
4.643892e+00,3.869580e+00,4.473696e+00,6.726763e+01
1.784121e+00,4.866822e+00,4.254261e+00,-8.646517e+00
1.828536e+00,3.229074e+00,4.982828e+00,4.136379e+01
4.281850e+00,3.069210e+00,2.835817e+00,6.023770e+01
4.203694e+00,4.340940e+00,3.342329e+00,6.291633e+01
1.549314e+00,4.373954e+00,1.681234e+00,1.800417e+01
3.099412e+00,2.748387e+00,3.886927e+00,3.701308e+01
1.552629e+00,3.296439e+00,3.857797e+00,-1.241715e+01
3.242722e+00,3.604379e+00,1.070329e+00,-8.560225e+00
2.857408e+00,2.877222e+00,2.928753e+00,1.174817e+01
2.831219e+00,2.108615e+00,2.665048e+00,2.570875e+01
3.201436e+00,4.355162e+00,3.958280e+00,6.948999e+01
1.632930e+00,3.757067e+00,3.711408e+00,5.833483e+01
1.895122e+00,1.712227e+00,3.664788e+00,4.173331e+01
2.567296e+00,3.877792e+00,4.553002e+00,6.254475e+01
4.998964e+00,4.454538e+00,1.888559e+00,7.572916e+01
2.465276e+00,1.965601e+00,1.155022e+00,5.596296e+01
2.619983e+00,2.089994e+00,3.219432e+00,-2.226005e+01
3.654651e+00,1.240707e+00,3.024303e+00,3.854926e+01
4.588269e+00,1.511956e+00,1.848964e+00,-7.331172e+00
1.726081e+00,3.026878e+00,3.187563e+00,-2.933633e+01
1.641524e+00,2.507302e+00,3.204330e+00,-1.451167e+01
4.407511e+00,3.357449e+00,4.547859e+00,4.329746e+01
1.543896e+00,3.702883e+00,2.274068e+00,2.616033e+01
1.358989e+00,2.333824e+00,1.468173e+00,2.318544e+00
1.486268e+00,4.125709e+00,3.245796e+00,4.605330e+01
1.479943e+00,2.269557e+00,3.149468e+00,-6.259642e+01
1.416873e+00,2.805588e+00,3.533665e+00,9.099302e+00
1.866485e+00,1.119940e+00,2.078021e+00,5.856857e+01
2.017009e+00,1.427743e+00,2.804986e+00,1.745337e+01
1.288487e+00,4.881577e+00,2.756778e+00,4.672025e+01
2.966170e+00,4.421783e+00,4.188422e+00,5.964737e+01
4.622597e+00,2.957908e+00,4.339763e+00,7.201786e+01
4.140777e+00,2.668320e+00,4.783324e+00,4.798907e+01
3.206384e+00,4.758989e+00,3.583437e+00,1.180139e+02
3.878350e+00,3.356980e+00,2.577298e+00,2.895732e+01
3.674413e+00,3.803672e+00,3.972303e+00,4.473668e+01
3.371329e+00,3.400484e+00,3.962522e+00,6.119101e+01
1.224189e+00,3.257201e+00,4.294115e+00,3.962502e+01
2.305790e+00,3.561308e+00,3.134075e+00,4.077842e+01
4.900467e+00,3.443172e+00,2.455406e+00,-1.900179e+01
4.651637e+00,3.984063e+00,3.266843e+00,3.552761e+01
3.618967e+00,1.805742e+00,4.739679e+00,9.415319e+01
4.377883e+00,2.544481e+00,4.083863e+00,6.951061e+01
3.543115e+00,1.028023e+00,3.678773e+00,2.045601e+00
3.893248e+00,4.952606e+00,2.230320e+00,4.758114e+01
4.036066e+00,2.407633e+00,2.913772e+00,1.270170e+01
4.219516e+00,2.307429e+00,4.685428e+00,2.686816e+01
2.894269e+00,4.295206e+00,1.506434e+00,-1.094757e+01
4.541063e+00,4.275849e+00,4.064936e+00,2.886204e+01
2.668466e+00,2.030021e+00,3.353373e+00,1.376498e+02
1.879084e+00,3.687302e+00,1.045521e+00,2.351283e+01
4.684396e+00,3.828003e+00,3.699557e+00,6.999280e+01
