1.504210e+00,1.009118e+00,4.686523e+00,2.893662e+01
3.250858e+00,4.903353e+00,4.749809e+00,7.556017e+01
1.801949e+00,4.197040e+00,3.260611e+00,5.006378e+01
3.384549e+00,2.055610e+00,1.440884e+00,3.906914e+00
4.155448e+00,4.780739e+00,3.453657e+00,1.814588e+01
1.983011e+00,2.314283e+00,3.994699e+00,-1.118155e+01
3.625643e+00,1.766270e+00,4.212018e+00,1.251161e+01
3.678487e+00,1.597210e+00,2.232459e+00,1.833178e+01
3.123448e+00,2.708145e+00,1.271864e+00,-6.217569e+01
2.279289e+00,4.254141e+00,2.866658e+00,6.259388e+01
2.760035e+00,2.423877e+00,1.038450e+00,2.667198e+00
4.974338e+00,3.621344e+00,2.214588e+00,-3.007338e+01
2.976979e+00,3.266754e+00,2.268404e+00,1.048127e+01
3.272552e+00,4.276040e+00,4.219160e+00,4.831352e+01
1.374171e+00,3.331680e+00,2.482580e+00,4.668688e+01
3.053823e+00,2.635242e+00,3.486072e+00,2.494071e+01
3.337456e+00,3.147353e+00,4.995717e+00,1.552098e+01
2.180456e+00,2.647677e+00,3.033831e+00,4.860708e+00
1.464625e+00,4.653863e+00,4.486777e+00,3.405263e+01
3.633391e+00,4.680714e+00,3.728984e+00,2.560148e+01
1.405516e+00,4.433307e+00,4.699250e+00,5.482224e+01
3.404361e+00,1.278232e+00,1.824454e+00,1.661158e+01
2.053535e+00,4.572460e+00,1.246058e+00,7.947060e+00
4.761723e+00,3.119011e+00,2.149368e+00,3.531649e+01
1.628774e+00,2.838178e+00,4.760433e+00,1.069358e+01
1.411533e+00,4.872369e+00,3.539209e+00,9.083515e+00
3.742308e+00,2.533315e+00,4.407790e+00,4.139036e+01
1.381551e+00,3.331888e+00,2.827166e+00,-9.947900e-02
2.832477e+00,4.093140e+00,4.176111e+00,2.646350e+01
1.474407e+00,3.100193e+00,4.931777e+00,3.570584e+01
2.798387e+00,4.489987e+00,4.615211e+00,4.290881e+01
1.069201e+00,4.826915e+00,2.311684e+00,2.489883e+01
4.864516e+00,3.417655e+00,3.105950e+00,8.102588e+01
3.827397e+00,2.086999e+00,1.429922e+00,9.011016e-01
4.428129e+00,1.878449e+00,3.394814e+00,4.474150e+01
1.109186e+00,1.869033e+00,3.836985e+00,1.477850e+01
4.571843e+00,4.068962e+00,4.820750e+00,3.960426e+01
1.413593e+00,1.733155e+00,1.422865e+00,-2.087427e+01
1.700405e+00,3.340259e+00,1.800348e+00,2.774462e+00
1.193237e+00,3.207722e+00,4.479112e+00,2.957897e+01
2.516052e+00,4.459364e+00,4.619428e+00,6.402664e+01
2.255082e+00,1.924476e+00,2.734590e+00,2.391706e+01
2.709502e+00,2.615216e+00,1.690430e+00,1.169694e+01
4.215792e+00,4.483815e+00,2.053760e+00,2.768017e+01
3.855390e+00,3.490530e+00,4.190620e+00,6.448027e+01
3.246146e+00,3.201857e+00,2.470656e+00,5.798529e+01
2.964237e+00,1.118174e+00,2.025357e+00,2.292598e+01
3.825148e+00,1.389822e+00,1.844239e+00,-7.306231e+00
4.206352e+00,3.573378e+00,3.569183e+00,4.228359e+01
4.536802e+00,3.709342e+00,3.390996e+00,9.082267e+01
1.618723e+00,4.702514e+00,1.533117e+00,6.895173e+01
2.900707e+00,4.097875e+00,4.850073e+00,5.473139e+01
1.332042e+00,1.124530e+00,2.197777e+00,1.548011e+00
2.070634e+00,1.542514e+00,3.193410e+00,9.269383e+01
1.545598e+00,1.328080e+00,1.609474e+00,-2.500305e+01
3.109452e+00,1.518814e+00,4.026997e+00,3.651634e+01
1.548131e+00,2.569367e+00,4.461263e+00,2.616663e+01
3.129815e+00,3.567705e+00,1.931789e+00,3.170243e+01
2.279768e+00,2.874363e+00,3.104662e+00,1.827748e+01
2.303985e+00,1.810409e+00,1.014688e+00,3.173639e+01
2.524261e+00,2.332498e+00,3.199156e+00,2.424087e+00
4.807819e+00,3.017566e+00,3.748283e+00,6.704076e+00
1.149702e+00,4.350631e+00,1.580005e+00,3.949771e+01
3.049630e+00,2.389094e+00,4.963121e+00,-4.523040e-01
1.643926e+00,3.288645e+00,3.964442e+00,5.331341e+01
3.390367e+00,1.687648e+00,4.985394e+00,-3.700315e+00
3.403120e+00,3.317470e+00,1.243158e+00,-1.462079e+01
2.764412e+00,2.497783e+00,1.176489e+00,1.257812e+00
3.502193e+00,3.514286e+00,3.715571e+00,-1.917323e+01
3.615905e+00,3.112968e+00,1.889668e+00,2.979073e+01
1.457430e+00,4.903946e+00,1.027898e+00,-9.024564e+00
3.522685e+00,3.993996e+00,4.642071e+00,4.179112e+01
3.978050e+00,4.011342e+00,2.497928e+00,4.331570e+01
2.938257e+00,3.063400e+00,1.994181e+00,1.350879e+01
4.093493e+00,4.418401e+00,2.241521e+00,3.824796e+01
2.414565e+00,4.661106e+00,1.353762e+00,2.782520e+01
3.296122e+00,4.889528e+00,2.146433e+00,1.589974e+01
3.445636e+00,3.919263e+00,4.183364e+00,1.459014e+01
1.229064e+00,4.557195e+00,2.220283e+00,2.313875e+01
4.799788e+00,1.216914e+00,3.976298e+00,2.731050e+01
4.562047e+00,3.107045e+00,2.696338e+00,2.359718e+01
1.083263e+00,4.178980e+00,1.350804e+00,-8.234793e+00
3.962728e+00,4.334765e+00,4.749959e+00,5.732858e+01
4.079302e+00,4.495813e+00,3.509198e+00,6.788947e+01
4.140019e+00,3.712632e+00,1.953374e+00,2.166435e+01
1.908905e+00,1.962730e+00,2.947173e+00,2.310065e+01
3.573434e+00,3.834537e+00,2.257811e+00,4.507265e+01
4.205988e+00,2.169404e+00,4.277149e+00,6.436715e+01
4.836551e+00,2.206512e+00,1.325998e+00,-3.149924e+01
2.522806e+00,2.012798e+00,4.738257e+00,4.177323e+01
3.179017e+00,4.240588e+00,4.946936e+00,3.018041e+01
1.328208e+00,2.427525e+00,4.562746e+00,4.088073e+01
4.435355e+00,3.673821e+00,3.728671e+00,-1.443167e+00
2.098136e+00,3.454465e+00,3.066363e+00,7.351100e+01
3.652953e+00,1.913644e+00,1.789536e+00,5.989859e+00
4.286194e+00,2.795169e+00,2.610369e+00,5.976833e+01
4.781911e+00,3.373195e+00,3.812448e+00,2.473803e+01
4.478588e+00,2.567052e+00,4.290147e+00,9.984863e+00
2.541147e+00,3.022279e+00,1.829982e+00,5.304684e+01
3.410677e+00,4.917417e+00,2.092786e+00,6.067497e+01
3.288196e+00,1.724194e+00,2.808328e+00,2.741338e+01
1.455024e+00,2.036883e+00,1.550356e+00,2.884361e+01
1.273366e+00,1.097093e+00,2.834743e+00,-4.890172e+00
3.502417e+00,1.591622e+00,3.648572e+00,3.269520e+01
1.628648e+00,2.090047e+00,3.585645e+00,3.965298e+01
1.955434e+00,4.414669e+00,3.706233e+00,4.307296e+01
3.745864e+00,3.058563e+00,1.288278e+00,1.849650e+01
3.650415e+00,2.115810e+00,3.454871e+00,2.569520e+01
3.210984e+00,3.284451e+00,3.393258e+00,2.101333e+01
2.131642e+00,4.851702e+00,4.747620e+00,4.832462e+01
4.286304e+00,4.134335e+00,4.521504e+00,3.557174e+01
2.900477e+00,4.726344e+00,2.128787e+00,5.347065e+01
2.379319e+00,3.906524e+00,2.413603e+00,-3.728654e+00
4.157186e+00,2.660573e+00,2.455970e+00,8.797302e+00
2.338229e+00,4.020952e+00,4.521940e+00,5.419271e+01
4.320523e+00,2.342906e+00,4.990995e+00,3.602534e+01
4.849227e+00,3.167498e+00,2.129809e+00,3.252040e+01
2.231972e+00,1.634291e+00,3.595670e+00,-2.272329e+01
4.066977e+00,1.892114e+00,2.882638e+00,1.534928e+00
4.243208e+00,4.493222e+00,3.026725e+00,8.050054e+01
4.537355e+00,2.053853e+00,1.682034e+00,4.357882e+00
1.164880e+00,4.883400e+00,3.824156e+00,3.110037e+01
1.582458e+00,4.611926e+00,2.035553e+00,3.089405e+01
2.243355e+00,3.005873e+00,1.383712e+00,1.450895e+01
3.794517e+00,3.280849e+00,4.800381e+00,5.492685e+01
4.073926e+00,4.526570e+00,2.091361e+00,3.775817e+01
1.626572e+00,3.263379e+00,4.364531e+00,2.265462e+01
3.184600e+00,4.424428e+00,4.394562e+00,4.940744e+01
4.972100e+00,3.587933e+00,2.389967e+00,-6.817099e+00
4.405142e+00,1.887092e+00,1.316989e+00,2.784582e+01
2.925423e+00,4.191151e+00,4.259590e+00,4.404888e+01
1.704408e+00,4.931278e+00,1.614440e+00,-5.501739e+00
2.587756e+00,1.490825e+00,3.455101e+00,6.154516e+01
1.717357e+00,3.412653e+00,2.464978e+00,-6.028912e+01
3.522766e+00,1.120477e+00,2.685344e+00,1.274450e+01
4.492901e+00,1.419674e+00,4.354005e+00,6.202567e+01
1.676075e+00,2.607178e+00,3.902669e+00,2.565827e+01
2.331583e+00,3.147958e+00,3.891592e+00,2.802830e+01
4.458974e+00,3.276221e+00,4.850780e+00,2.244016e+01
2.114081e+00,4.255584e+00,3.995659e+00,3.632774e+01
2.983008e+00,2.281716e+00,2.458482e+00,5.719062e+00
4.548418e+00,2.113250e+00,3.007939e+00,2.477549e+01
3.765361e+00,3.513512e+00,1.380117e+00,1.442478e+01
3.645973e+00,1.331542e+00,4.816454e+00,4.903369e+00
2.930037e+00,2.734457e+00,2.401374e+00,-3.680999e+00
2.054956e+00,3.511996e+00,3.611252e+00,1.791250e+01
3.715265e+00,3.441655e+00,1.993817e+00,-7.237247e+00
1.866002e+00,1.312800e+00,2.267646e+00,-7.584144e+01
3.341655e+00,2.070725e+00,2.416098e+00,-5.455215e+00
2.711013e+00,3.719632e+00,1.604309e+00,3.198933e+01
4.277103e+00,3.262319e+00,1.419418e+00,4.007973e+01
4.431613e+00,1.286338e+00,3.378938e+00,1.719613e-01
1.025944e+00,1.984860e+00,3.762083e+00,1.943689e+01
4.890575e+00,3.538713e+00,4.720292e+00,4.880583e+01
2.370183e+00,2.382203e+00,2.744571e+00,-2.515545e+01
1.734845e+00,2.820150e+00,2.393198e+00,-6.010578e+00
1.759433e+00,2.586617e+00,4.773221e+00,-2.329876e+01
3.721130e+00,1.029567e+00,2.809065e+00,-2.966485e+00
4.312121e+00,3.626210e+00,2.394168e+00,2.646423e+01
3.017082e+00,3.535014e+00,4.283978e+00,5.187511e+01
2.171745e+00,4.726166e+00,4.805515e+00,4.531803e+01
3.236865e+00,3.731597e+00,3.194466e+00,3.042954e+01
2.300732e+00,1.256818e+00,4.802366e+00,4.816017e+01
1.963301e+00,3.161068e+00,2.025641e+00,2.147078e+01
2.940914e+00,3.921060e+00,4.967036e+00,5.410945e+01
2.575374e+00,3.386825e+00,3.439404e+00,3.286745e+01
2.856366e+00,1.114033e+00,2.173634e+00,2.383403e+00
1.795514e+00,3.400483e+00,1.282153e+00,1.133717e+01
1.250644e+00,2.821718e+00,2.965439e+00,5.294891e+01
2.377423e+00,4.590652e+00,1.105090e+00,2.634937e+01
3.939719e+00,4.184027e+00,1.967528e+00,7.409729e+01
3.717410e+00,1.420683e+00,3.163090e+00,-2.549732e+00
4.549303e+00,3.824240e+00,3.066123e+00,9.584688e+00
4.956255e+00,1.374902e+00,4.681654e+00,4.794771e+01
1.035173e+00,1.732812e+00,1.720248e+00,1.015748e+01
1.814229e+00,2.570660e+00,2.618810e+00,1.897758e+01
2.466087e+00,4.715271e+00,4.555010e+00,1.273152e+01
1.988900e+00,2.328120e+00,3.831413e+00,1.378692e+01
1.654406e+00,4.014982e+00,4.183843e+00,2.096301e+01
1.412275e+00,3.086015e+00,4.438283e+00,2.114593e+01
1.260428e+00,3.744820e+00,3.715403e+00,4.926542e+01
4.017072e+00,1.748007e+00,1.650419e+00,4.329311e+00
3.129145e+00,1.650737e+00,2.735760e+00,-2.302978e+01
4.226521e+00,2.436442e+00,4.347229e+00,-3.992139e+01
2.691646e+00,3.992743e+00,4.011227e+00,5.227943e+01
4.049909e+00,4.058256e+00,2.521736e+00,6.920972e+01
4.939194e+00,2.388033e+00,3.481311e+00,1.719194e+01
2.774694e+00,4.918215e+00,3.190401e+00,6.504374e+01
2.267505e+00,1.300119e+00,3.579442e+00,2.581904e+01
1.904881e+00,4.261622e+00,2.932396e+00,2.555915e+01
1.229528e+00,3.689004e+00,2.816434e+00,1.829482e+01
1.574924e+00,4.233933e+00,4.914612e+00,2.015831e+01
2.444870e+00,1.005425e+00,2.390553e+00,2.777831e+01
4.331230e+00,2.141494e+00,1.124722e+00,3.982183e+01
1.858649e+00,2.544198e+00,2.947445e+00,4.589631e+01
3.927072e+00,2.112961e+00,3.086876e+00,1.349105e+01
1.824786e+00,3.352412e+00,3.710241e+00,5.481626e+01
3.465148e+00,1.432335e+00,1.535574e+00,2.204750e+01
2.032206e+00,3.874671e+00,2.383847e+00,3.517369e+01
2.125452e+00,1.145119e+00,4.292342e+00,3.491196e+00
