1.006279e+00,2.134411e+00,-4.957429e-01
3.127634e+00,1.769067e+00,8.454934e-01
2.164778e-01,1.849386e+00,6.637549e-01
4.803565e+00,4.879537e+00,-5.558978e-01
4.439316e+00,2.511447e+00,-6.569994e-01
4.822056e+00,5.195344e+00,-4.859449e-01
4.723126e+00,1.387083e+00,-6.918795e-01
5.651466e+00,9.921820e-01,6.012618e-01
2.151902e+00,5.395846e+00,2.227583e-01
5.848851e+00,1.735208e+00,8.738718e-01
2.389794e+00,3.425279e+00,5.723322e-01
2.164089e+00,3.413321e+00,2.162784e-01
1.977504e-01,5.636479e+00,7.776467e-01
2.751045e+00,9.306723e-01,8.047295e-01
5.179194e+00,4.432375e+00,-1.371226e-01
1.872488e+00,5.751793e-02,-1.672612e-01
5.105531e-01,5.119964e+00,2.083302e-01
5.752210e+00,2.802369e+00,8.812029e-01
1.401144e+00,4.910310e+00,-7.325352e-01
7.010245e-01,1.121317e+00,-1.746176e-01
4.860035e+00,5.123331e+00,-5.290354e-01
2.965605e-01,1.564291e+00,4.901692e-01
1.159289e-02,3.661072e+00,8.629802e-01
4.809948e+00,3.468472e+00,-4.785048e-01
6.859780e-01,1.146103e+00,-1.080707e-01
5.583455e+00,2.475425e-01,6.889384e-01
5.820504e+00,4.148690e+00,8.243434e-01
4.571908e+00,4.913695e+00,-7.304864e-01
1.354627e+00,4.331613e+00,-7.298287e-01
1.730050e+00,5.729259e+00,-3.552387e-01
2.671460e+00,3.318972e+00,9.187105e-01
1.618572e+00,8.312638e-01,-5.873006e-01
2.965975e+00,3.452605e+00,9.680866e-01
5.704990e+00,3.947905e+00,7.040850e-01
5.755562e+00,2.259218e+00,8.282304e-01
2.574383e+00,5.554606e+00,8.028439e-01
1.137967e+00,3.389614e+00,-5.454877e-01
2.280819e+00,9.132420e-01,2.769210e-01
6.438781e-01,2.174411e+00,-9.011966e-05
2.848537e+00,3.272509e+00,1.023770e+00
3.501854e+00,2.951572e+00,5.809125e-01
3.815999e+00,2.685809e+00,7.365017e-02
3.528508e+00,4.092336e+00,3.367155e-01
1.765560e+00,9.669222e-01,-4.706534e-01
1.858173e+00,1.591638e+00,-3.712400e-01
4.071448e+00,3.427464e+00,-3.361050e-01
5.161926e+00,2.442846e+00,-1.026555e-02
6.091098e-01,3.474010e+00,1.349563e-01
2.630385e+00,2.892816e+00,8.934290e-01
5.471709e+00,3.215646e+00,5.697423e-01
5.898623e+00,1.529915e+00,7.969261e-01
1.463989e+00,4.404412e+00,-7.100159e-01
2.411443e+00,1.328771e+00,4.919149e-01
3.999209e+00,3.687240e+00,-3.336794e-01
3.430094e+00,3.732801e+00,5.806015e-01
4.731750e+00,3.983121e+00,-6.246373e-01
2.703118e+00,5.867184e+00,9.431566e-01
1.038877e+00,2.040954e-01,-4.585638e-01
2.035011e+00,3.140291e+00,5.530858e-02
2.553958e+00,4.731133e+00,6.749716e-01
1.340395e+00,4.504714e-01,-6.511247e-01
3.114351e+00,2.078776e+00,8.762733e-01
5.097122e+00,2.414782e+00,-1.467790e-01
3.121801e+00,4.354711e+00,8.267404e-01
2.194521e+00,4.461711e-01,2.323186e-01
1.062319e+00,2.964442e+00,-4.456761e-01
1.081447e+00,2.683789e+00,-4.708559e-01
4.332725e+00,2.812628e+00,-5.409533e-01
6.919389e-01,1.154424e+00,-1.299887e-01
3.042650e+00,1.313610e+00,9.069427e-01
3.430049e+00,5.745636e+00,6.655682e-01
2.750267e-01,2.998640e-01,6.542804e-01
1.717896e+00,1.403022e+00,-5.693481e-01
4.939428e+00,3.212777e+00,-3.191273e-01
4.264724e+00,3.951592e+00,-6.416839e-01
6.086389e-01,1.251555e-01,1.378319e-01
4.534895e+00,1.623757e+00,-7.819200e-01
5.264109e+00,4.241782e+00,5.762444e-02
4.983678e-01,4.524802e+00,1.873113e-01
7.140962e-01,4.176723e+00,-1.680724e-01
4.420690e+00,3.164700e+00,-5.657883e-01
2.753685e+00,2.501444e+00,9.359821e-01
2.818824e+00,2.988291e-01,9.949215e-01
4.832295e-02,4.333265e+00,7.346356e-01
4.294182e+00,4.358692e+00,-6.966987e-01
1.601420e+00,4.732356e+00,-6.592918e-01
1.363528e+00,4.553072e+00,-7.533229e-01
1.213533e+00,4.749664e+00,-7.419998e-01
4.951244e+00,2.388863e+00,-3.086649e-01
2.436418e+00,2.605799e+00,6.492601e-01
2.017647e+00,1.080688e+00,-1.078281e-01
5.443847e+00,5.361223e+00,4.113049e-01
4.224901e+00,3.934374e+00,-5.943700e-01
2.486650e+00,6.933186e-01,6.494611e-01
3.151118e+00,5.226391e-01,8.899190e-01
1.170281e+00,3.554699e+00,-6.287262e-01
4.372908e+00,2.335090e+00,-6.605966e-01
8.726667e-01,2.682894e-01,-2.743258e-01
4.683969e+00,4.174232e+00,-6.990191e-01
3.120232e+00,2.703284e+00,9.643445e-01
1.068827e+00,3.534493e+00,-5.552980e-01
2.966370e-01,1.348942e+00,4.518036e-01
5.171977e+00,2.668130e+00,2.933715e-02
4.205212e+00,5.265460e+00,-5.504069e-01
2.346334e+00,9.469983e-01,4.415826e-01
4.221700e+00,2.392054e+00,-5.251943e-01
5.179968e+00,2.430277e+00,5.837372e-02
2.251499e+00,4.776072e+00,2.546676e-01
1.767557e+00,9.376078e-01,-4.890516e-01
4.251968e+00,1.372237e+00,-6.517943e-01
1.344007e+00,2.614251e-01,-6.121650e-01
7.244045e-01,4.038166e+00,-1.330942e-01
1.285966e+00,2.303473e+00,-6.547989e-01
9.907884e-01,3.276842e+00,-4.074542e-01
2.515809e+00,1.290389e+00,5.725162e-01
5.020810e+00,1.235762e+00,-3.663967e-01
8.986378e-01,3.551022e+00,-3.146288e-01
1.288602e+00,2.173986e+00,-6.862647e-01
1.538790e+00,2.560878e-01,-5.890371e-01
3.973878e+00,2.120095e+00,-2.189093e-01
4.398007e+00,3.481059e+00,-5.976395e-01
4.358889e+00,2.375515e+00,-5.883304e-01
3.242259e+00,6.634767e-02,9.102793e-01
3.710399e+00,7.032111e-01,1.586566e-01
2.112391e+00,1.404289e+00,-2.098554e-02
7.000451e-01,4.826426e+00,-1.613024e-01
9.427813e-01,4.614596e+00,-4.569826e-01
5.550784e+00,9.353685e-01,4.946561e-01
3.380618e+00,2.151234e+00,6.707695e-01
5.823582e+00,2.277617e+00,8.718906e-01
1.427691e+00,4.453973e+00,-7.338641e-01
1.409748e+00,2.618754e+00,-5.845617e-01
4.399236e+00,9.247589e-01,-6.935338e-01
5.076595e-01,3.665557e+00,2.523914e-01
1.038143e+00,2.132748e+00,-5.254247e-01
2.331311e+00,4.623708e+00,3.642466e-01
4.286205e+00,2.668572e+00,-5.236017e-01
4.539292e+00,1.851877e-01,-6.419022e-01
2.959374e+00,1.694490e+00,9.288795e-01
5.424807e+00,2.464621e+00,4.347530e-01
5.972255e+00,2.472136e-01,1.004831e+00
8.363415e-01,7.555463e-01,-3.275420e-01
4.988763e+00,5.321008e+00,-3.198387e-01
1.031066e+00,4.962182e+00,-5.679974e-01
3.276725e+00,8.322933e-01,7.272175e-01
1.862831e+00,4.315187e+00,-3.716661e-01
3.658263e+00,2.355486e+00,2.794628e-01
7.774430e-01,3.612064e+00,-1.953920e-01
4.912226e+00,1.599381e+00,-4.893058e-01
3.148554e+00,5.593762e+00,9.102789e-01
1.086107e+00,4.047543e+00,-6.186092e-01
5.050288e-01,5.377806e+00,2.710694e-01
4.697967e+00,1.736767e+00,-6.888432e-01
3.919154e-01,4.182086e+00,3.622543e-01
1.321705e+00,4.669829e+00,-7.732069e-01
1.104661e-02,4.097501e+00,7.762092e-01
8.457666e-01,1.328519e+00,-3.283968e-01
3.879087e+00,5.070806e+00,-1.516408e-01
1.487135e+00,3.568393e+00,-6.393406e-01
5.938198e+00,4.232287e+00,8.517203e-01
1.533257e+00,3.385839e+00,-6.003478e-01
5.971060e+00,5.145317e+00,9.203206e-01
5.513426e+00,2.361554e+00,5.663384e-01
1.366031e+00,1.853539e-01,-5.969903e-01
9.316875e-01,5.946601e+00,-3.255151e-01
5.012190e+00,1.734452e+00,-3.653443e-01
6.889362e-01,5.496504e+00,-3.782168e-02
4.593301e+00,5.415394e+00,-6.229441e-01
2.826084e+00,2.971750e+00,1.104853e+00
4.077917e-01,5.582148e+00,4.144870e-01
5.960851e+00,1.058182e+00,9.112738e-01
3.602034e+00,3.189220e+00,4.053032e-01
5.084390e+00,3.614076e+00,-1.679535e-01
1.350002e+00,2.077676e+00,-7.004444e-01
8.037088e-01,1.185945e+00,-3.456886e-01
1.759601e+00,3.736535e+00,-3.911108e-01
5.920370e+00,2.071636e+00,9.597478e-01
1.449452e+00,1.673954e+00,-7.292223e-01
2.478319e+00,2.378173e+00,6.858780e-01
3.615312e+00,1.847400e+00,2.715414e-01
5.689463e+00,8.234299e-01,6.859030e-01
3.372368e+00,1.369689e+00,5.945216e-01
1.452605e+00,1.756397e+00,-7.251673e-01
1.641822e-01,2.554297e+00,8.101183e-01
4.087524e-01,2.670078e+00,4.755574e-01
5.926008e+00,1.634670e-01,1.008776e+00
1.274721e+00,3.581574e+00,-6.462207e-01
4.682333e+00,3.650613e-01,-6.131593e-01
3.383198e+00,2.829423e+00,7.398470e-01
1.517922e+00,5.833052e+00,-5.462388e-01
1.185605e+00,8.354302e-01,-6.739723e-01
3.437601e+00,2.193091e+00,6.158464e-01
4.977015e+00,3.296361e+00,-2.529646e-01
1.416720e+00,1.169465e+00,-7.757612e-01
1.629012e+00,2.389986e+00,-4.942322e-01
2.136049e+00,8.781548e-01,9.935805e-02
3.636859e+00,6.824716e-01,2.950093e-01
5.902530e-01,5.650385e+00,1.470122e-01
1.753134e+00,2.559830e+00,-3.573091e-01
5.294760e+00,3.003858e+00,1.958143e-01
