2.595448e+00,1.570425e+00,4.076307e+00,-7.551140e-01
1.173802e+00,2.103269e+00,2.249558e+00,1.757123e+00
3.663978e+00,2.558195e+00,3.863395e+00,-8.808945e-01
3.598464e+00,2.683570e+00,2.760790e+00,6.573024e-01
3.742259e+00,4.010361e+00,4.458717e+00,-3.421656e-01
1.205674e+00,1.499978e+00,2.167575e+00,2.169770e+00
1.839317e+00,3.462936e+00,3.806568e+00,5.178306e-01
4.892297e+00,1.429380e+00,4.279601e+00,-4.495061e-01
2.001316e+00,2.681959e+00,2.340104e+00,1.379346e+00
4.152457e+00,4.853043e+00,4.118116e+00,1.773893e-01
1.119719e+00,1.545404e+00,3.783227e+00,6.438455e-01
1.527416e+00,2.912014e+00,4.194920e+00,5.231908e-01
2.684727e+00,4.183052e+00,2.863135e+00,1.242758e+00
1.239066e+00,4.371873e+00,4.757543e+00,-3.618688e-01
2.781742e+00,4.154810e+00,2.051610e+00,2.097243e+00
1.275363e+00,4.559551e+00,3.697488e+00,-2.406922e-02
3.416260e+00,3.400888e+00,2.758935e+00,6.060600e-01
3.407519e+00,4.550555e+00,4.370651e+00,-8.307627e-01
2.290221e+00,4.597965e+00,3.295385e+00,6.354200e-01
3.629334e+00,2.588641e+00,1.326909e+00,9.232367e-01
4.365718e+00,1.458980e+00,3.030516e+00,8.851675e-01
1.511652e+00,4.018431e+00,1.964152e+00,9.267560e-01
2.197062e+00,4.510197e+00,4.416364e+00,-9.393317e-01
3.372275e+00,2.571203e+00,2.964937e+00,5.666331e-01
1.667138e+00,1.694258e+00,4.218694e+00,3.424526e-01
4.708334e+00,4.608696e+00,1.728610e+00,2.144216e-01
4.599732e+00,4.298959e+00,4.550871e+00,-6.716993e-01
1.579590e+00,4.166160e+00,4.083418e+00,-4.225635e-01
4.113697e+00,3.243867e+00,2.250371e+00,7.950525e-01
1.952414e+00,1.928721e+00,1.309040e+00,1.568604e+00
1.097222e+00,1.819022e+00,2.389383e+00,1.193398e+00
3.366836e+00,2.270429e+00,4.597368e+00,7.337586e-02
3.148683e+00,1.214345e+00,1.543174e+00,1.122167e+00
1.398089e+00,1.482266e+00,2.364778e+00,7.369997e-01
4.896270e+00,1.033128e+00,2.054768e+00,7.293921e-01
4.641754e+00,1.392455e+00,2.716950e+00,7.801551e-01
2.306810e+00,1.661856e+00,1.030349e+00,2.139374e+00
1.585404e+00,1.427170e+00,4.776410e+00,-8.077568e-02
4.055449e+00,2.537493e+00,3.185673e+00,4.350528e-01
2.889484e+00,3.024293e+00,4.996098e+00,-8.886350e-01
4.446474e+00,1.162866e+00,4.649914e+00,-1.318106e+00
4.898453e+00,1.578339e+00,3.365591e+00,-1.117583e-01
1.275355e+00,4.828587e+00,3.351006e+00,9.587028e-01
4.505994e+00,2.275298e+00,1.884053e+00,7.599672e-01
3.909611e+00,2.898881e+00,3.290499e+00,1.349594e+00
3.587404e+00,2.610026e+00,3.201742e+00,-7.102051e-03
2.633025e+00,2.039334e+00,2.129113e+00,1.447988e+00
2.060634e+00,4.305015e+00,2.899665e+00,1.211858e+00
2.124791e+00,1.105982e+00,3.285532e+00,1.025281e+00
3.567182e+00,1.573256e+00,3.795584e+00,1.422825e+00
1.447777e+00,3.253149e+00,1.176605e+00,1.431885e+00
1.313598e+00,4.467404e+00,1.848700e+00,1.467839e+00
1.456990e+00,1.309000e+00,1.127412e+00,1.940312e+00
4.181393e+00,4.189018e+00,1.739166e+00,-1.922319e-01
2.197480e+00,3.374691e+00,3.602944e+00,5.752939e-01
4.668458e+00,1.131017e+00,2.175506e+00,1.299039e+00
2.803204e+00,3.726168e+00,2.114591e+00,2.518682e+00
4.439469e+00,3.031776e+00,3.054114e+00,-6.645688e-01
4.993345e+00,1.511084e+00,2.745445e+00,1.753547e+00
2.152214e+00,4.935927e+00,2.275745e+00,7.309496e-01
4.249444e+00,4.651125e+00,2.594817e+00,5.717778e-02
3.699017e+00,2.092123e+00,2.048379e+00,9.940943e-01
4.937401e+00,4.401913e+00,4.703528e+00,9.837119e-02
2.014250e+00,4.007625e+00,4.466890e+00,-1.591889e-01
4.840723e+00,4.599496e+00,1.773338e+00,2.964829e-01
2.407255e+00,2.421322e+00,3.391461e+00,-1.352503e-01
2.582225e+00,4.563188e+00,1.650122e+00,1.458016e+00
3.842231e+00,4.912405e+00,2.451269e+00,5.002090e-01
3.051275e+00,4.490911e+00,4.954133e+00,-1.034407e+00
3.395280e+00,4.216828e+00,4.598963e+00,4.670854e-01
2.632262e+00,1.176484e+00,3.818213e+00,9.802732e-01
2.378250e+00,3.212643e+00,3.226014e+00,4.227626e-01
1.050494e+00,2.633863e+00,2.570594e+00,1.451263e+00
3.684850e+00,2.269855e+00,4.854444e+00,-3.493110e-01
3.238521e+00,1.264866e+00,2.203428e+00,1.307712e+00
4.188098e+00,2.885307e+00,3.127435e+00,-4.806970e-02
1.116100e+00,4.632957e+00,1.645640e+00,7.316198e-01
2.074841e+00,2.904924e+00,3.402747e+00,1.182635e+00
1.734283e+00,3.268473e+00,1.953281e+00,8.039112e-01
3.653725e+00,3.025639e+00,1.592578e+00,1.235299e+00
2.916098e+00,3.634941e+00,1.742698e+00,9.155747e-01
3.568146e+00,2.303337e+00,4.082231e+00,4.294944e-01
2.308589e+00,1.553599e+00,2.308380e+00,2.046371e+00
1.998357e+00,2.701509e+00,2.723343e+00,-5.810661e-01
3.922128e+00,4.041460e+00,3.638769e+00,-1.770468e-01
3.087507e+00,3.810650e+00,3.818240e+00,-7.705047e-01
4.105811e+00,4.605776e+00,1.819512e+00,1.425531e+00
1.077853e+00,2.850801e+00,3.688877e+00,1.579727e+00
2.406528e+00,4.747993e+00,2.341359e+00,1.764900e+00
1.197329e+00,3.376331e+00,3.708684e+00,1.161342e+00
2.616461e+00,4.363130e+00,3.305631e+00,8.006672e-02
2.657825e+00,2.467209e+00,3.653857e+00,3.254706e-01
1.579115e+00,2.077308e+00,1.053265e+00,1.208478e+00
3.939881e+00,3.778181e+00,1.278935e+00,1.007029e+00
2.741334e+00,1.903267e+00,2.138331e+00,2.100301e+00
2.330097e+00,1.191174e+00,2.471522e+00,1.601359e+00
2.725259e+00,1.279423e+00,1.404545e+00,1.693125e+00
4.279652e+00,1.496671e+00,4.312078e+00,-3.035552e-02
4.822607e+00,3.976761e+00,2.364478e+00,9.822428e-01
2.108529e+00,2.551548e+00,1.743063e+00,1.332883e+00
1.152983e+00,4.339182e+00,4.421744e+00,-3.181336e-01
2.095773e+00,3.665237e+00,3.871389e+00,-8.400599e-01
3.764001e+00,3.370880e+00,2.764065e+00,3.634892e-01
1.871177e+00,2.570368e+00,4.820429e+00,-6.596334e-01
4.989124e+00,4.532572e+00,2.680590e+00,8.348091e-01
1.283312e+00,4.388408e+00,2.410151e+00,4.106836e-01
2.802011e+00,3.331414e+00,4.660691e+00,-8.194617e-02
2.313125e+00,1.697805e+00,3.506146e+00,1.201409e+00
1.184000e+00,2.473835e+00,1.239097e+00,1.276079e+00
1.117110e+00,3.449988e+00,4.792262e+00,-3.650801e-01
4.580896e+00,1.487587e+00,3.351134e+00,4.329168e-01
2.010594e+00,2.915734e+00,1.160646e+00,1.598581e+00
2.419650e+00,3.828893e+00,2.297234e+00,9.918151e-01
3.034727e+00,1.763764e+00,2.238658e+00,8.606055e-01
4.768081e+00,4.078583e+00,3.326447e+00,1.935174e-01
3.293667e+00,4.922961e+00,2.195183e+00,8.897835e-01
3.766748e+00,3.895231e+00,2.495055e+00,3.172283e-01
1.534175e+00,1.563351e+00,2.531268e+00,2.560185e+00
1.006711e+00,1.263673e+00,1.607494e+00,6.438995e-01
2.518449e+00,3.987070e+00,4.933870e+00,-6.783872e-01
3.388015e+00,3.664144e+00,4.433931e+00,-1.040635e+00
2.808910e+00,4.658574e+00,1.757352e+00,1.178744e+00
4.161927e+00,2.975523e+00,3.531249e+00,9.148766e-03
3.366852e+00,3.013200e+00,1.560392e+00,7.189317e-01
3.496858e+00,2.850622e+00,2.031848e+00,1.240402e+00
3.892297e+00,1.225755e+00,2.681828e+00,5.011049e-01
3.066329e+00,3.259094e+00,1.865260e+00,1.721522e+00
4.923291e+00,2.066363e+00,2.276851e+00,1.572584e+00
1.595950e+00,3.099082e+00,3.419004e+00,5.431587e-01
3.352537e+00,3.642081e+00,3.584112e+00,1.771325e-01
3.900773e+00,4.823558e+00,4.920670e+00,-6.440469e-01
2.767962e+00,4.424988e+00,2.443394e+00,4.874093e-01
4.600290e+00,3.336241e+00,2.217662e+00,1.767774e+00
3.740750e+00,4.256344e+00,3.667233e+00,-1.042672e+00
4.249575e+00,1.707194e+00,3.580663e+00,-9.518917e-01
2.954681e+00,3.122958e+00,2.451165e+00,1.014845e+00
2.365974e+00,2.083371e+00,2.520167e+00,-5.015032e-02
4.633018e+00,3.869511e+00,2.686540e+00,1.173289e+00
3.167620e+00,2.427545e+00,1.040307e+00,1.727711e+00
3.817736e+00,1.213365e+00,1.338737e+00,1.909699e+00
3.774880e+00,3.567681e+00,2.252406e+00,-7.602874e-02
3.875068e+00,4.006013e+00,4.503176e+00,-9.737247e-01
3.738392e+00,2.399108e+00,3.213628e+00,1.776672e+00
4.310081e+00,1.593061e+00,2.293123e+00,1.830572e+00
3.695163e+00,1.830687e+00,2.565314e+00,1.330598e+00
4.690900e+00,4.805305e+00,1.020173e+00,-4.623068e-01
3.976654e+00,3.111010e+00,1.099666e+00,2.055437e+00
4.522651e+00,4.761189e+00,3.953597e+00,-6.185392e-01
1.355055e+00,1.305504e+00,4.086053e+00,-6.887032e-01
2.917477e+00,2.566672e+00,4.344361e+00,-9.619109e-01
4.933594e+00,2.602375e+00,3.577930e+00,-1.372320e-01
3.362622e+00,4.092757e+00,3.030890e+00,1.562019e+00
4.222807e+00,4.245371e+00,2.056349e+00,4.426940e-01
4.155194e+00,4.614110e+00,1.790668e+00,6.936975e-01
2.680602e+00,2.176060e+00,1.253146e+00,1.747755e+00
3.257834e+00,1.208087e+00,3.679396e+00,1.028714e+00
3.317153e+00,2.045312e+00,3.717594e+00,-1.130604e-01
1.109625e+00,2.141143e+00,4.632067e+00,4.471788e-01
4.081325e+00,2.149001e+00,4.594958e+00,3.015659e-02
1.960406e+00,4.050643e+00,1.556269e+00,1.390344e+00
3.851974e+00,4.526464e+00,4.932790e+00,-1.297454e+00
3.322121e+00,3.961621e+00,4.778213e+00,-2.601673e-01
3.959480e+00,1.568056e+00,4.736905e+00,-1.819388e-03
1.848353e+00,2.653476e+00,2.236440e+00,1.524480e+00
1.746512e+00,2.992016e+00,4.491373e+00,1.139625e-01
3.666905e+00,3.749839e+00,3.739115e+00,-1.559976e-01
4.403809e+00,2.998068e+00,1.867503e+00,4.354908e-01
4.033295e+00,3.622776e+00,2.789295e+00,6.483534e-01
1.080012e+00,2.217622e+00,3.931274e+00,1.190681e-01
2.902369e+00,4.385696e+00,4.836288e+00,-2.999603e-01
3.511914e+00,2.729732e+00,3.035893e+00,1.558532e+00
4.603968e+00,4.858712e+00,1.094260e+00,1.256844e+00
1.990697e+00,2.193075e+00,1.208172e+00,1.179997e+00
4.396196e+00,4.775027e+00,2.550443e+00,5.439741e-01
3.440075e+00,1.906769e+00,4.939183e+00,-8.008935e-01
1.832353e+00,1.280138e+00,3.548531e+00,1.808719e+00
2.295185e+00,3.761323e+00,2.836215e+00,7.967894e-01
4.052026e+00,3.843639e+00,2.247643e+00,1.146395e+00
2.250416e+00,2.143115e+00,4.925133e+00,-7.375724e-02
3.082836e+00,4.681527e+00,4.967975e+00,-8.228231e-02
3.961924e+00,1.416537e+00,4.073514e+00,-4.955516e-01
4.453051e+00,2.767973e+00,4.857534e+00,-1.074419e+00
2.338110e+00,2.749963e+00,2.182691e+00,1.262940e+00
4.508991e+00,3.972107e+00,1.060494e+00,-2.092461e-01
3.016367e+00,2.901261e+00,4.693078e+00,-8.258319e-01
3.152484e+00,2.096905e+00,3.876226e+00,-4.215171e-01
2.319279e+00,1.140217e+00,1.656459e+00,1.242751e+00
1.308043e+00,2.285199e+00,4.057539e+00,1.003258e+00
3.613026e+00,2.847613e+00,2.601012e+00,7.978584e-01
4.381854e+00,3.103608e+00,3.170977e+00,1.468397e-01
1.089949e+00,2.274621e+00,3.544334e+00,1.331273e+00
1.155876e+00,2.264744e+00,3.502160e+00,7.490980e-01
2.310974e+00,1.407813e+00,4.601335e+00,1.053735e+00
2.736592e+00,2.608893e+00,1.442742e+00,2.001469e+00
2.605740e+00,4.801491e+00,2.366868e+00,8.520074e-01
2.901380e+00,3.889414e+00,2.771096e+00,-4.943478e-01
2.964955e+00,2.076045e+00,1.108783e+00,1.379139e+00
1.245216e+00,4.656391e+00,1.933842e+00,1.012058e-01
4.132089e+00,4.950216e+00,2.311819e+00,3.506510e-01
2.071094e+00,3.606506e+00,3.852811e+00,-1.989117e-01
