193
532
74
351
342
532
74
351
345
571
93
452
532
571
275
167
532
167
275
532
504
275
517
93
532
254
93
345
93
268
532
193
532
74
351
342
532
74
351
345
571
93
452
268
532
7
254
93
359
532
74
351
345
571
93
452
532
517
93
334
532
286
423
275
571
286
167
532
342
167
351
571
452
532
6
93
254
123
571
452
532
167
254
351
167
532
504
275
282
282
123
571
268
286
532
169
291
167
532
74
254
359
532
342
254
275
291
462
452
532
193
532
254
93
93
452
532
342
291
504
254
532
351
532
74
351
345
571
123
571
57
547
532
74
254
93
571
532
351
532
254
93
351
345
167
6
93
351
167
532
123
342
532
342
123
462
93
571
167
532
351
571
452
532
351
532
504
254
123
462
452
532
462
123
93
342
532
452
93
351
452
205
532
286
423
275
571
286
167
532
342
167
351
571
452
532
6
93
254
123
571
452
532
167
254
123
342
532
504
275
282
282
123
571
268
286
532
7
254
351
167
532
6
275
359
532
74
351
342
532
351
342
532
152
291
345
93
532
351
571
452
532
351
342
532
123
571
571
275
504
93
571
167
532
351
342
532
167
254
93
532
452
345
123
393
93
571
532
342
571
275
74
268
532
169
291
167
532
193
532
517
291
342
167
532
342
167
351
571
452
532
254
93
345
93
532
6
93
504
351
291
342
93
532
193
532
254
351
393
93
532
571
275
167
532
57
123
393
93
571
532
359
275
291
532
74
254
351
167
532
359
275
291
532
342
254
275
291
462
452
532
254
351
393
93
268
532
221
571
167
123
462
532
74
93
532
504
351
571
532
74
351
462
395
532
351
6
345
275
351
452
532
351
571
452
532
345
93
504
345
93
351
167
93
532
275
291
345
342
93
462
393
93
342
547
532
291
571
167
123
462
532
74
93
532
504
351
571
532
342
167
345
275
462
462
532
351
462
275
571
57
532
167
254
93
532
342
167
345
93
93
167
342
532
462
123
395
93
532
6
275
291
462
93
393
351
345
452
342
547
532
504
275
571
57
345
93
57
351
167
93
532
123
571
532
152
351
345
395
342
532
282
345
93
93
532
282
345
275
517
532
282
93
351
345
547
532
275
291
345
532
282
351
517
123
462
123
93
342
532
517
123
571
57
462
123
571
57
547
532
275
291
345
532
504
254
123
462
452
345
488
275
462
291
167
123
275
532
93
342
167
12
304
508
103
555
564
564
93
571
532
462
351
291
57
254
123
571
57
547
532
275
291
345
532
254
93
351
345
167
342
532
72
275
123
571
93
452
532
287
532
291
571
167
123
462
532
167
254
351
167
532
452
351
359
547
532
74
93
532
254
351
393
93
532
571
275
532
504
123
167
359
268
532
310
275
291
532
504
351
571
532
462
351
6
93
462
532
517
93
532
351
532
282
351
123
462
291
345
93
532
291
571
167
123
462
532
167
254
351
167
532
452
351
359
268
532
7
254
93
532
282
123
345
342
167
532
351
571
452
532
152
93
345
254
351
152
342
532
275
571
462
359
532
57
345
93
351
167
532
517
351
359
275
345
532
74
351
342
532
463
345
93
93
395
268
532
106
93
532
74
351
342
532
565
93
345
123
504
462
93
342
532
275
282
532
289
167
254
93
571
342
547
532
351
571
452
532
254
93
532
462
123
393
93
452
532
342
275
517
93
532
317
547
144
159
159
532
359
93
351
345
342
532
351
57
275
547
532
351
571
452
532
254
93
532
342
351
123
452
334
532
286
289
462
462
532
167
254
123
571
57
342
532
57
275
275
452
532
275
282
532
167
254
123
342
532
570
351
345
167
254
532
282
462
275
74
532
123
571
167
275
532
167
254
93
532
184
123
167
359
547
532
6
93
504
351
291
342
93
532
275
282
532
167
254
93
532
184
123
167
359
286
342
532
57
345
93
351
167
571
93
342
342
268
286
532
27
93
462
462
547
532
74
93
532
74
93
345
93
532
57
345
93
351
167
532
275
571
504
93
268
532
184
351
571
532
74
93
532
571
275
167
532
6
93
532
57
345
93
351
167
532
351
57
351
123
571
205
532
143
275
74
547
532
193
532
152
291
167
532
167
254
351
167
532
400
291
93
342
167
123
275
571
532
167
275
532
119
351
517
93
342
532
169
275
571
93
547
532
351
571
452
532
167
254
93
345
93
286
342
532
275
571
462
359
532
342
123
462
93
571
504
93
268
532
310
93
167
532
504
275
291
462
452
532
571
275
167
532
342
275
517
93
167
254
123
571
57
532
152
351
342
342
532
282
345
275
517
532
167
254
123
342
532
342
74
93
93
167
532
359
275
291
167
254
532
167
275
532
517
93
205
532
184
275
291
462
452
532
254
93
532
571
275
167
532
93
517
152
275
74
93
345
532
517
93
532
167
275
532
282
123
571
452
532
123
571
532
517
359
342
93
462
282
532
167
254
93
532
342
167
345
93
571
57
167
254
532
167
275
532
254
351
393
93
532
167
254
93
532
395
571
275
74
462
93
452
57
93
532
167
275
532
342
291
517
517
275
571
532
291
152
532
167
254
93
532
504
275
291
345
351
57
93
532
167
275
532
351
504
504
275
517
152
462
123
342
254
532
167
254
123
342
532
342
93
93
517
123
571
57
462
359
532
123
571
342
291
345
517
275
291
571
167
351
6
462
93
532
167
351
342
395
532
275
282
532
517
351
395
123
571
57
532
351
532
504
123
167
359
532
462
123
393
351
6
462
93
205
532
119
291
342
167
532
462
123
393
351
6
462
93
268
532
7
254
93
345
93
532
74
351
342
532
351
532
152
351
462
351
504
93
532
167
254
351
167
532
74
351
342
532
351
532
504
123
167
359
268
532
193
167
532
74
351
342
532
351
532
152
351
462
351
504
93
338
532
193
167
532
74
351
342
532
351
532
152
351
462
351
504
93
547
532
351
571
452
532
123
167
532
504
351
571
532
6
93
532
351
532
152
351
462
351
504
93
532
351
57
351
123
571
338
532
289
532
152
351
462
351
504
93
547
532
123
571
532
74
254
123
504
254
532
167
254
93
345
93
532
123
342
532
571
275
532
395
123
571
57
532
275
345
532
400
291
93
93
571
547
532
275
345
532
452
291
395
93
342
532
275
345
532
93
351
345
462
342
532
275
345
532
152
345
123
571
504
93
342
547
532
6
291
167
532
342
291
6
72
93
504
167
342
532
351
462
462
268
532
488
291
6
72
93
504
167
342
532
6
93
254
275
462
452
93
571
532
167
275
532
93
351
504
254
532
275
167
254
93
345
547
532
167
275
532
517
351
395
93
532
351
532
6
93
167
167
93
345
532
152
462
351
504
93
532
167
275
532
462
123
393
93
268
532
193
342
532
167
254
351
167
532
167
275
275
532
517
291
504
254
532
167
275
532
351
342
395
205
532
289
345
93
532
74
93
532
351
342
395
123
571
57
532
167
275
275
532
517
291
504
254
532
282
275
345
532
167
254
123
342
193
342
532
123
167
532
6
93
359
275
571
452
532
275
291
345
532
345
93
351
504
254
205
532
169
93
504
351
291
342
93
532
123
282
532
123
167
532
123
342
547
532
167
254
93
571
532
74
93
532
351
345
93
532
571
275
167
254
123
571
57
532
6
291
167
532
342
254
93
93
152
532
6
93
123
571
57
532
254
93
345
452
93
452
532
167
275
532
167
254
93
532
282
123
571
351
462
532
342
462
351
291
57
254
167
93
345
254
275
291
342
93
338
532
193
532
74
123
462
462
532
571
275
167
532
57
275
532
452
275
74
571
547
532
167
254
351
167
532
74
351
359
338
532
193
532
504
254
275
275
342
93
532
167
275
532
282
123
57
254
167
532
6
351
504
395
338
532
193
532
504
254
275
275
342
93
532
167
275
532
345
123
342
93
547
532
571
275
167
532
282
351
462
462
338
532
193
532
504
254
275
275
342
93
532
167
275
532
462
123
393
93
547
532
571
275
167
532
452
123
93
338
532
289
571
452
532
193
532
395
571
275
74
547
532
193
532
395
571
275
74
532
167
254
351
167
532
74
254
351
167
286
342
532
74
123
167
254
123
571
532
517
93
532
123
342
532
351
462
342
275
532
74
123
167
254
123
571
532
359
275
291
268
532
7
254
351
167
286
342
532
74
254
359
532
193
532
351
342
395
532
359
275
291
532
571
275
74
532
167
275
532
72
275
123
571
532
517
93
268
532
119
275
123
571
532
517
93
547
532
345
123
342
93
532
291
152
532
74
123
167
254
532
517
93
547
532
345
123
342
93
532
291
152
532
275
571
532
167
254
93
532
74
123
571
57
342
532
275
282
532
167
254
123
342
532
342
462
351
123
571
532
351
571
57
93
462
268
532
27
93
286
462
462
532
345
93
6
291
123
462
452
532
275
571
532
167
254
93
532
342
275
291
462
532
275
282
532
167
254
123
342
532
462
123
167
167
462
93
532
74
351
345
345
123
275
345
268
532
27
93
532
74
123
462
462
532
152
123
504
395
532
291
152
532
254
123
342
532
342
167
351
571
452
351
345
452
532
351
571
452
532
345
351
123
342
93
532
123
167
532
254
123
57
254
338
532
184
351
345
345
359
532
123
167
532
282
275
345
74
351
345
452
532
291
571
167
123
462
532
167
254
123
342
532
504
123
167
359
532
287
532
359
275
291
345
532
504
123
167
359
532
287
532
275
291
345
532
504
123
167
359
532
287
532
254
123
342
532
504
123
167
359
532
287
532
123
342
532
351
532
152
351
462
351
504
93
532
275
282
532
463
275
452
338
532
193
342
532
351
532
152
351
462
351
504
93
532
275
282
532
463
275
452
338
532
193
532
351
517
532
74
123
167
254
532
359
275
291
547
532
462
123
167
167
462
93
532
119
351
517
93
342
268
532
193
532
351
517
532
359
275
291
