133
177
34
392
605
177
34
392
220
228
801
89
177
228
379
272
177
272
379
177
523
379
334
801
177
739
801
220
801
299
177
133
177
34
392
605
177
34
392
220
228
801
89
299
177
183
739
801
575
177
34
392
220
228
801
89
177
334
801
544
177
83
464
379
228
83
272
177
605
272
392
228
89
177
388
801
739
470
228
89
177
272
739
392
272
177
523
379
579
579
470
228
299
83
177
380
567
272
177
34
739
575
177
605
739
379
567
412
89
177
133
177
739
801
801
89
177
605
567
523
739
177
392
177
34
392
220
228
470
228
432
570
177
34
739
801
228
177
392
177
739
801
392
220
272
388
801
392
272
177
470
605
177
605
470
412
801
228
272
177
392
228
89
177
392
177
523
739
470
412
39
379
412
567
272
470
379
177
801
605
272
776
349
15
679
519
15
178
89
177
412
470
801
605
177
89
801
392
89
244
177
83
464
379
228
83
272
177
605
272
392
228
89
177
388
801
739
470
228
89
177
272
739
470
605
177
523
379
579
579
470
228
299
83
177
183
739
392
272
177
388
379
575
177
34
392
605
177
392
605
177
744
567
220
801
177
392
228
89
177
392
605
177
470
228
228
379
523
801
228
272
177
392
605
177
272
739
801
177
89
220
470
48
801
228
177
605
228
379
34
299
177
380
567
272
177
133
177
334
567
605
272
177
605
272
392
228
89
177
739
801
220
801
177
388
801
523
392
567
605
801
177
133
177
739
392
48
801
177
228
379
272
177
432
470
48
801
228
177
575
379
567
177
34
739
392
272
177
575
379
567
177
605
739
379
567
412
89
177
739
392
48
801
299
177
533
228
272
470
412
177
34
801
177
523
392
228
177
34
392
412
310
177
392
388
220
379
392
89
177
392
228
89
177
220
801
523
220
801
392
272
801
177
379
567
220
605
801
412
48
801
605
570
177
567
228
272
470
412
177
34
801
177
523
392
228
177
605
272
220
379
412
412
177
392
412
379
228
432
177
272
739
801
177
605
272
220
801
801
272
605
177
412
470
310
801
177
388
379
567
412
801
48
392
220
89
605
570
177
523
379
228
432
220
801
432
392
272
801
177
470
228
177
744
392
220
310
605
177
579
220
801
801
177
579
220
379
334
177
579
801
392
220
570
177
379
567
220
177
579
392
334
470
412
470
801
605
177
334
470
228
432
412
470
228
432
570
177
379
567
220
177
523
739
470
412
89
220
801
228
177
412
392
567
432
739
470
228
432
570
177
379
567
220
177
739
801
392
220
272
605
177
664
379
470
228
801
89
177
18
177
567
228
272
470
412
177
272
739
392
272
177
89
392
575
570
177
34
801
177
739
392
48
801
177
228
379
177
523
470
272
575
299
177
100
379
567
177
523
392
228
177
412
392
388
801
412
177
334
801
177
392
177
579
392
470
412
567
220
801
177
567
228
272
470
412
177
272
739
392
272
177
89
392
575
299
177
183
739
801
177
579
470
220
605
272
177
392
228
89
177
744
801
220
739
392
744
605
177
379
228
412
575
177
432
220
801
392
272
177
334
392
575
379
220
177
34
392
605
177
433
220
801
801
310
299
177
618
801
177
34
392
605
177
718
801
220
470
523
412
801
605
177
379
579
177
697
272
739
801
228
605
570
177
392
228
89
177
739
801
177
412
470
48
801
89
177
605
379
334
801
177
178
570
519
118
118
177
575
801
392
220
605
177
392
432
379
570
177
392
228
89
177
739
801
177
605
392
470
89
544
177
83
697
412
412
177
272
739
470
228
432
605
177
432
379
379
89
177
379
579
177
272
739
470
605
177
469
392
220
272
739
177
579
412
379
34
177
470
228
272
379
177
272
739
801
177
483
470
272
575
570
177
388
801
523
392
567
605
801
177
379
579
177
272
739
801
177
483
470
272
575
83
605
177
432
220
801
392
272
228
801
605
605
299
83
177
93
801
412
412
570
177
34
801
177
34
801
220
801
177
432
220
801
392
272
177
379
228
523
801
299
177
483
392
228
177
34
801
177
228
379
272
177
388
801
177
432
220
801
392
272
177
392
432
392
470
228
244
177
446
379
34
570
177
133
177
744
567
272
177
272
739
392
272
177
494
567
801
605
272
470
379
228
177
272
379
177
164
392
334
801
605
177
380
379
228
801
570
177
392
228
89
177
272
739
801
220
801
83
605
177
379
228
412
575
177
605
470
412
801
228
523
801
299
177
100
801
272
177
523
379
567
412
89
177
228
379
272
177
605
379
334
801
272
739
470
228
432
177
744
392
605
605
177
579
220
379
334
177
272
739
470
605
177
605
34
801
801
272
177
575
379
567
272
739
177
272
379
177
334
801
244
177
483
379
567
412
89
177
739
801
177
228
379
272
177
801
334
744
379
34
801
220
177
334
801
177
272
379
177
579
470
228
89
177
470
228
177
334
575
605
801
412
579
177
272
739
801
177
605
272
220
801
228
432
272
739
177
272
379
177
739
392
48
801
177
272
739
801
177
310
228
379
34
412
801
89
432
801
177
272
379
177
605
567
334
334
379
228
177
567
744
177
272
739
801
177
523
379
567
220
392
432
801
177
272
379
177
392
523
523
379
334
744
412
470
605
739
177
272
739
470
605
177
605
801
801
334
470
228
432
412
575
177
470
228
605
567
220
334
379
567
228
272
392
388
412
801
177
272
392
605
310
177
379
579
177
334
392
310
470
228
432
177
392
177
523
470
272
575
177
412
470
48
392
388
412
801
244
177
164
567
605
272
177
412
470
48
392
388
412
801
299
177
183
739
801
220
801
177
34
392
605
177
392
177
744
392
412
392
523
801
177
272
739
392
272
177
34
392
605
177
392
177
523
470
272
575
299
177
133
272
177
34
392
605
177
392
177
744
392
412
392
523
801
760
177
133
272
177
34
392
605
177
392
177
744
392
412
392
523
801
570
177
392
228
89
177
470
272
177
523
392
228
177
388
801
177
392
177
744
392
412
392
523
801
177
392
432
392
470
228
760
177
697
177
744
392
412
392
523
801
570
177
470
228
177
34
739
470
523
739
177
272
739
801
220
801
177
470
605
177
228
379
177
310
470
228
432
177
379
220
177
494
567
801
801
228
570
177
379
220
177
89
567
310
801
605
177
379
220
177
801
392
220
412
605
177
379
220
177
744
220
470
228
523
801
605
570
177
388
567
272
177
605
567
388
664
801
523
272
605
177
392
412
412
299
177
39
567
388
664
801
523
272
605
177
388
801
739
379
412
89
801
228
177
272
379
177
801
392
523
739
177
379
272
739
801
220
570
177
272
379
177
334
392
310
801
177
392
177
388
801
272
272
801
220
177
744
412
392
523
801
177
272
379
177
412
470
48
801
299
177
133
605
177
272
739
392
272
177
272
379
379
177
334
567
523
739
177
272
379
177
392
605
310
244
177
697
220
801
177
34
801
177
392
605
310
470
228
432
177
272
379
379
177
334
567
523
739
177
579
379
220
177
272
739
470
605
133
605
177
470
272
177
388
801
575
379
228
89
177
379
567
220
177
220
801
392
523
739
244
177
380
801
523
392
567
605
801
177
470
579
177
470
272
177
470
605
570
177
272
739
801
228
177
34
801
177
392
220
801
177
228
379
272
739
470
228
432
177
388
567
272
177
605
739
801
801
744
177
388
801
470
228
432
177
739
801
220
89
801
89
177
272
379
177
272
739
801
177
579
470
228
392
412
177
605
412
392
567
432
739
272
801
220
739
379
567
605
801
760
177
133
177
34
470
412
412
177
228
379
272
177
432
379
177
89
379
34
228
570
177
272
739
392
272
177
34
392
575
760
177
133
177
523
739
379
379
605
801
177
272
379
177
579
470
432
739
272
177
388
392
523
310
760
177
133
177
523
739
379
379
605
801
177
272
379
177
220
470
605
801
570
177
228
379
272
177
579
392
412
412
760
177
133
177
523
739
379
379
605
801
177
272
379
177
412
470
48
801
570
177
228
379
272
177
89
470
801
760
177
697
228
89
177
133
177
310
228
379
34
570
177
133
177
310
228
379
34
177
272
739
392
272
177
34
739
392
272
83
605
177
34
470
272
739
470
228
177
334
801
177
470
605
177
392
412
605
379
177
34
470
272
739
470
228
177
575
379
567
299
177
183
739
392
272
83
605
177
34
739
575
177
133
177
392
605
310
177
575
379
567
177
228
379
34
177
272
379
177
664
379
470
228
177
334
801
299
177
164
379
470
228
177
334
801
570
177
220
470
605
801
177
567
744
177
34
470
272
739
177
334
801
570
177
220
470
605
801
177
567
744
177
379
228
177
272
739
801
177
34
470
228
432
605
177
379
579
177
272
739
470
605
177
605
412
392
470
228
177
392
228
432
801
412
299
177
93
801
83
412
412
177
220
801
388
567
470
412
89
177
379
228
177
272
739
801
177
605
379
567
412
177
379
579
177
272
739
470
605
177
412
470
272
272
412
801
177
34
392
220
220
470
379
220
299
177
93
801
177
34
470
412
412
177
744
470
523
310
177
567
744
177
739
470
605
177
605
272
392
228
89
392
220
89
177
392
228
89
177
220
392
470
605
801
177
470
272
177
739
470
432
739
760
177
483
392
220
220
575
177
470
272
177
579
379
220
34
392
220
89
177
567
228
272
470
412
177
272
739
470
605
177
523
470
272
575
177
18
177
575
379
567
220
177
523
470
272
575
177
18
177
379
567
220
177
523
470
272
575
177
18
177
739
470
605
177
523
470
272
575
177
18
177
470
605
177
392
177
744
392
412
392
523
801
177
379
579
177
433
379
89
760
177
133
605
177
392
177
744
392
412
392
523
801
177
379
579
177
433
379
89
760
177
133
177
392
334
177
34
470
272
739
177
575
379
567
570
177
412
470
272
272
412
801
177
164
392
334
801
605
299
177
133
177
392
334
177
575
379
567
