251
7
36
568
592
637
120
7
633
539
568
117
7
15
633
568
269
131
36
550
568
637
633
568
707
36
15
575
568
15
575
269
568
391
7
36
338
36
568
269
131
36
550
568
637
633
568
235
131
707
36
568
335
338
131
707
577
568
302
575
568
432
550
550
15
721
539
568
414
131
707
131
550
15
370
637
36
575
648
568
302
568
707
15
575
648
568
414
36
568
637
550
568
15
276
131
575
36
568
637
575
568
633
7
36
568
87
575
637
191
36
338
550
36
648
568
302
568
370
87
575
496
36
338
648
568
473
633
637
276
276
568
15
568
707
15
575
648
568
414
36
568
637
550
568
15
276
131
575
36
568
637
575
568
633
7
36
568
87
575
637
191
36
338
550
36
347
568
319
87
633
568
7
36
568
235
131
575
575
36
235
633
550
648
568
414
131
391
577
568
251
7
36
721
568
7
637
633
568
36
15
235
7
568
131
633
7
36
338
648
568
681
131
7
705
568
494
131
568
235
276
36
15
338
36
338
568
391
15
721
568
633
131
568
36
191
15
276
87
15
633
36
568
391
7
36
633
7
36
338
568
131
338
568
575
131
633
568
721
131
87
261
338
36
568
15
276
637
191
36
648
568
494
131
391
347
568
235
131
707
370
276
637
235
15
633
637
131
575
550
648
568
302
568
338
36
15
550
131
575
568
633
131
568
335
637
120
7
633
648
568
473
131
707
36
319
131
269
721
568
269
637
335
335
36
338
36
575
633
648
568
139
637
335
335
36
338
36
575
235
36
568
235
338
36
15
633
36
550
568
269
637
550
370
87
633
36
648
568
139
637
550
370
87
633
36
568
637
550
568
15
568
338
36
15
550
131
575
568
633
131
568
335
637
120
7
633
648
568
251
131
568
335
637
120
7
633
568
637
550
568
15
568
338
36
15
550
131
575
568
633
131
568
335
36
36
276
568
370
15
637
575
648
568
507
637
335
36
568
637
550
568
370
15
637
575
648
568
473
131
568
633
131
568
335
637
120
7
633
568
391
637
633
7
568
338
36
15
550
131
575
568
637
550
568
633
131
568
319
36
568
15
276
637
191
36
568
391
637
633
7
568
338
36
15
550
131
575
648
568
592
637
575
15
276
568
15
575
15
276
721
550
637
550
539
568
251
131
568
335
637
120
7
633
347
568
15
568
338
36
15
550
131
575
568
633
131
568
276
637
191
36
648
568
518
338
131
319
276
36
707
550
568
15
575
269
568
510
131
575
633
338
15
269
637
235
633
637
131
575
550
539
568
488
568
15
707
568
15
575
568
15
575
15
338
235
7
637
550
633
648
568
488
568
319
36
276
637
36
191
36
568
633
7
15
633
568
633
7
36
338
36
568
550
7
131
87
276
269
568
319
36
568
575
131
568
338
87
276
36
550
347
568
131
575
276
721
568
235
7
15
131
550
648
568
592
637
120
7
633
637
575
120
568
15
370
370
36
15
338
550
568
633
131
568
319
36
568
235
7
15
131
550
568
15
575
269
568
391
7
36
575
568
391
36
568
550
276
15
707
568
637
575
568
633
7
36
568
370
637
633
568
15
568
550
7
131
391
568
637
633
568
637
550
648
568
716
87
633
568
391
7
36
575
568
391
36
568
335
637
120
7
633
568
335
131
338
568
15
568
338
36
15
550
131
575
347
568
276
637
496
36
568
338
36
269
575
36
235
496
550
347
568
633
7
36
338
36
261
550
568
15
568
550
721
550
633
36
707
648
568
117
36
568
335
637
120
7
633
568
335
131
338
568
391
7
15
633
568
391
36
568
550
633
15
575
269
568
335
131
338
347
568
235
7
15
131
550
347
568
319
87
633
568
335
637
120
7
633
637
575
120
568
637
550
568
15
568
550
633
338
87
235
633
87
338
36
347
568
633
131
568
36
550
633
15
319
276
637
550
7
568
370
131
391
36
338
347
568
370
131
391
36
338
568
637
550
568
120
131
191
36
338
575
707
36
575
633
568
15
575
269
568
120
131
191
36
338
575
707
36
575
633
568
637
550
568
575
131
633
568
15
575
15
338
235
7
721
648
568
256
131
191
36
338
575
707
36
575
633
568
637
550
568
391
15
338
568
15
575
269
568
391
15
338
568
637
550
568
335
637
120
7
633
637
575
120
648
568
251
7
36
568
235
637
338
235
276
36
568
120
131
36
550
568
276
637
496
36
568
633
7
637
550
539
568
131
87
338
568
338
36
269
575
36
235
496
568
550
496
637
338
707
637
550
7
36
550
568
15
338
36
568
235
7
36
15
370
568
370
36
338
191
36
338
550
637
131
575
550
568
131
335
568
235
131
575
191
36
575
633
637
131
575
15
276
568
391
15
338
335
15
338
36
648
568
117
15
338
568
637
707
370
276
637
36
550
568
36
103
633
338
36
707
36
568
120
131
191
36
338
575
707
36
575
633
568
319
36
235
15
87
550
36
568
391
15
338
550
568
15
338
36
568
335
131
87
120
7
633
568
633
131
568
36
575
335
131
338
235
36
568
338
87
276
36
550
568
131
338
568
637
269
36
15
276
550
347
568
36
191
36
575
568
335
338
36
36
269
131
707
648
568
716
87
633
568
131
633
7
36
338
568
370
36
131
370
276
36
261
550
568
637
269
36
15
276
550
568
335
131
338
235
36
269
568
131
575
568
550
131
707
36
131
575
36
568
36
276
550
36
347
568
36
191
36
575
568
637
335
568
637
633
568
637
550
568
550
131
707
36
633
7
637
575
120
568
276
637
496
36
568
335
338
36
36
269
131
707
347
568
637
550
568
550
633
637
276
276
568
15
568
338
87
276
36
382
568
575
131
633
568
15
575
15
338
235
7
721
648
568
251
7
637
550
568
235
131
575
633
338
15
269
637
235
633
637
131
575
568
391
15
550
568
319
36
235
131
707
637
575
120
568
235
276
36
15
338
568
633
131
568
707
36
568
637
575
568
633
7
36
568
335
15
276
276
568
131
335
568
261
13
631
648
568
432
191
36
575
568
15
550
568
36
15
338
276
721
568
15
550
568
707
721
568
335
637
338
550
633
568
370
15
338
633
721
347
568
261
117
7
721
568
269
637
269
568
488
568
276
131
191
36
568
633
131
568
335
637
120
7
633
577
261
568
488
568
335
338
15
707
36
269
568
637
633
347
568
319
87
633
568
550
633
637
276
276
347
568
488
568
269
131
575
261
633
568
87
575
269
36
338
550
633
15
575
269
568
637
633
648
568
488
633
568
120
131
36
550
568
15
120
15
637
575
550
633
568
707
721
568
319
36
276
637
36
335
550
568
15
550
568
15
568
633
338
87
36
568
15
575
15
338
235
7
637
550
633
648
568
716
87
633
568
633
7
36
338
36
568
637
633
568
391
15
550
648
568
510
131
707
370
36
633
637
633
637
131
575
347
568
335
637
120
7
633
637
575
120
347
568
235
15
370
637
633
15
276
637
550
707
347
568
120
131
191
36
338
575
707
36
575
633
347
568
251
414
432
568
473
678
473
251
432
406
648
568
251
7
15
633
261
550
568
391
7
15
633
568
391
36
568
269
637
269
648
568
488
633
261
550
568
391
7
15
633
568
391
36
568
15
276
391
15
721
550
568
269
637
269
648
568
133
36
269
575
36
235
496
550
568
496
637
235
496
36
269
568
633
7
36
568
550
7
637
633
568
131
87
633
568
131
335
568
370
87
575
496
550
347
568
370
87
575
496
550
568
496
637
235
496
36
269
568
633
7
36
568
550
7
637
633
568
131
87
633
568
131
335
473
131
276
87
633
637
131
568
36
550
633
638
13
423
638
631
638
13
707
131
269
550
347
568
707
131
269
550
568
496
637
235
496
36
269
568
633
7
36
568
550
7
637
633
568
131
87
633
568
131
335
568
550
496
637
575
7
36
15
269
550
347
568
550
496
637
575
7
36
15
269
550
568
633
131
131
496
568
131
87
633
568
633
7
36
568
7
36
15
191
721
568
707
36
633
15
276
568
120
87
721
550
347
568
15
575
269
568
633
7
36
568
7
36
15
191
721
568
707
36
633
15
276
568
120
87
721
550
568
319
36
15
633
568
633
7
36
568
276
637
191
637
575
120
568
550
7
637
633
568
131
87
633
568
131
335
568
575
36
391
568
391
15
191
36
338
550
568
15
575
269
568
633
7
36
568
575
36
391
568
391
15
191
36
338
550
568
269
637
269
575
261
633
568
269
131
568
15
575
721
633
7
637
575
120
648
568
251
7
36
721
568
391
36
338
36
568
633
7
36
568
575
36
391
568
7
637
370
370
637
36
550
648
568
473
131
568
391
7
15
633
568
391
15
550
568
633
7
36
568
370
131
637
575
633
577
568
592
637
575
15
276
568
550
87
707
707
15
633
637
131
575
577
568
494
131
575
36
648
