1.054517e+00,8.719626e-01
9.463601e-01,7.521714e-01
3.403049e+00,2.290584e-01
3.189276e+00,4.036326e-02
1.892801e+00,8.804963e-01
2.953471e+00,2.070801e-02
1.817092e+00,9.963472e-01
1.794958e+00,2.080397e-01
1.992668e+00,1.427653e+00
8.151900e-01,1.637333e-01
2.599285e+00,-2.631400e-01
1.211271e+00,6.817313e-01
1.086614e+00,4.891975e-01
1.236580e+00,3.324887e-01
2.567296e+00,1.842050e-01
1.700246e+00,7.251948e-01
8.909229e-01,9.388385e-01
1.173339e+00,2.013642e-01
1.141522e+00,2.392129e-01
3.311937e+00,-1.448399e-01
1.862359e+00,8.898725e-01
2.132685e+00,2.830351e-01
3.488347e+00,-1.023363e-01
3.439821e+00,4.241389e-01
6.817227e-01,8.035189e-01
1.269109e+00,6.078658e-01
1.241567e+00,2.738700e-01
1.429373e+00,1.416629e+00
1.534005e+00,-1.243717e-01
2.194084e+00,1.048381e+00
2.301567e+00,1.108725e+00
1.445975e+00,5.796077e-01
2.630839e+00,2.121404e-01
1.772381e+00,5.294888e-01
1.648494e+00,5.892037e-01
1.883358e+00,6.918927e-01
1.794143e+00,6.926326e-01
1.244468e+00,-5.830586e-03
3.594132e+00,1.181809e+00
3.137333e+00,1.239934e-01
1.768536e+00,8.051293e-01
4.451543e-01,2.514964e-01
4.108147e-01,5.009410e-01
1.889157e+00,9.190793e-01
2.755481e+00,3.488865e-01
1.746013e+00,1.612462e-01
1.372278e+00,7.189325e-01
7.924750e-01,4.736864e-01
2.599383e+00,3.276213e-01
5.762958e-01,5.909991e-01
1.226952e+00,3.623734e-01
2.132135e+00,3.477343e-01
1.564429e+00,1.611223e-01
9.848617e-01,3.140509e-01
1.183046e+00,-1.154164e-01
2.237378e+00,8.952140e-01
2.706849e-01,3.655548e-01
1.047624e+00,1.868249e-01
9.783951e-01,1.667273e-01
8.139742e-01,3.575286e-01
2.036275e+00,1.436555e-01
1.522852e+00,8.448186e-01
2.243561e+00,1.912201e-01
3.864404e+00,2.734266e-01
2.739592e+00,1.391384e-01
1.798452e+00,6.905944e-01
7.561384e-01,8.460538e-01
2.666679e+00,6.039128e-01
1.073504e+00,1.130264e-01
1.089864e+00,1.156784e-01
1.258892e+00,-4.188510e-02
2.092957e+00,1.045336e+00
2.247917e+00,7.823811e-01
1.046228e+00,2.621109e-01
2.222649e+00,5.643222e-02
7.176465e-01,2.410258e-01
1.295108e+00,-1.835108e-01
2.638062e+00,7.798190e-01
1.002167e+00,5.212325e-01
2.894823e+00,5.933146e-01
2.541966e+00,1.041632e+00
2.140019e+00,1.318079e-01
1.228793e+00,2.489072e-01
5.054104e-01,9.334344e-01
2.489061e+00,2.370608e-01
2.089515e+00,1.989755e-01
1.207881e+00,5.935371e-01
1.184089e+00,-3.200544e-01
2.143908e+00,2.884561e-01
1.841057e+00,3.042523e-02
3.023106e+00,5.929433e-01
2.978477e+00,3.524278e-03
2.151759e+00,6.168886e-01
9.010563e-01,1.036236e+00
3.096251e+00,-7.056952e-01
1.621144e+00,6.032081e-01
3.373899e+00,1.478029e-01
3.257961e+00,5.633617e-02
3.349072e+00,1.406416e-02
1.841483e+00,9.430387e-01
2.647304e+00,5.975760e-01
2.829432e+00,1.449360e-01
8.756505e-01,2.381574e-01
3.005176e+00,2.543386e-01
1.965977e+00,6.139775e-01
2.270335e+00,1.282846e+00
2.054735e+00,5.407500e-01
3.718748e+00,2.042618e-01
2.450694e+00,6.939957e-01
3.259678e+00,-3.177317e-02
1.235385e+00,8.692187e-01
1.107038e+00,1.661440e-01
2.556520e+00,-1.371127e-01
3.175762e+00,-2.057651e-02
2.227357e+00,6.950442e-02
3.150743e+00,-1.864890e-02
2.056807e+00,8.235956e-01
3.160211e+00,6.568390e-01
5.305899e-01,5.209013e-01
1.755244e+00,9.072805e-01
2.540812e+00,-3.054728e-02
2.891453e+00,-6.877028e-02
2.647192e+00,4.056941e-01
2.057226e+00,3.377814e-01
3.188632e+00,4.124124e-01
2.422408e+00,3.817008e-01
3.292363e+00,2.570294e-01
2.677464e+00,-4.949393e-02
2.625485e+00,9.106262e-01
1.757842e+00,-3.450111e-01
7.236414e-01,3.873221e-01
8.365300e-01,1.170630e-01
3.271135e+00,1.088963e+00
1.157591e+00,8.753703e-01
2.898605e+00,-4.134766e-01
1.174268e+00,7.058377e-01
2.067960e+00,6.465604e-01
1.921291e+00,4.884280e-01
2.145033e+00,5.398892e-01
1.158717e+00,1.716259e-01
2.438306e+00,6.298260e-01
1.578367e+00,7.554273e-01
6.566741e-01,-8.049095e-03
2.147468e-01,4.705685e-01
1.115803e+00,3.758597e-01
1.903617e+00,4.429861e-01
1.675571e+00,3.979367e-01
1.690876e+00,2.537274e-01
2.919457e+00,9.364817e-02
2.644158e+00,1.516643e-01
2.672840e+00,2.788832e-01
2.756599e+00,-1.517979e-01
2.670847e+00,-1.481508e-01
2.858288e+00,2.025794e-01
1.397844e+00,8.825607e-01
9.338253e-01,6.423150e-01
2.782132e+00,5.678490e-01
2.818415e+00,1.576744e-02
3.116155e+00,3.896484e-02
1.211382e+00,2.979574e-02
2.537798e+00,8.545581e-03
1.696870e+00,4.836817e-01
2.810880e+00,-1.554427e-01
1.548684e+00,5.989054e-01
2.376740e+00,-2.482212e-01
2.617319e+00,3.918714e-01
2.193233e+00,8.454872e-01
2.077025e+00,1.074235e+00
2.501135e+00,2.204660e-01
6.463810e-01,-2.985106e-02
7.589358e-01,5.632037e-01
2.444828e+00,1.106175e+00
1.829706e+00,1.082079e+00
3.201031e+00,4.315796e-01
6.596672e-01,5.449699e-01
3.033287e+00,5.326041e-01
3.451974e+00,-8.606299e-02
1.208201e+00,4.185754e-01
3.579400e+00,7.307831e-01
1.688128e+00,2.751582e-01
2.118133e+00,2.311809e-01
9.304650e-01,8.812634e-01
2.747648e-01,1.425274e+00
2.986561e+00,2.083570e-01
1.827321e+00,1.036012e+00
1.829824e+00,3.504621e-01
1.606683e+00,5.799381e-01
2.017484e+00,8.451266e-01
1.684113e+00,3.074097e-01
2.121683e+00,-3.060259e-02
3.149601e+00,3.779164e-01
1.806573e+00,6.763426e-01
3.518604e+00,4.244872e-01
2.279241e+00,5.396796e-01
2.082914e+00,1.961414e-01
1.156622e+00,-4.009869e-02
3.127364e+00,3.883192e-01
2.688480e+00,3.222572e-01
3.516693e+00,-4.148386e-01
3.347721e+00,5.281245e-01
