1.164051e+00,1.785608e-01
2.152368e-02,2.600207e-01
1.579534e+00,7.844874e-01
2.063468e-02,-2.944029e-01
5.148481e-01,7.536268e-01
-2.812514e-01,-4.087675e-01
1.899291e+00,1.398602e+00
9.718339e-01,1.555474e+00
-6.529309e-01,2.033120e-01
8.790673e-02,5.163156e-01
1.492586e+00,4.625789e-01
5.632097e-01,1.181095e+00
-6.489861e-01,2.879789e-01
1.551449e+00,7.902947e-01
1.304825e+00,1.101966e+00
9.206388e-03,2.550155e-02
5.434131e-01,8.685086e-01
1.780614e-01,-9.841382e-01
-6.867796e-01,2.006387e-01
3.524798e-02,7.205616e-01
8.920615e-03,1.826012e-01
8.738309e-02,2.083717e-01
-3.114783e-01,3.243748e-01
1.256967e+00,1.010336e+00
1.098887e+00,5.005120e-01
8.275246e-01,1.315521e+00
-2.449887e-03,-4.574716e-01
-2.124715e-02,1.800714e-01
1.028672e+00,1.300911e+00
6.608246e-01,1.319811e+00
6.283999e-01,1.856967e+00
2.663677e-01,3.267480e-01
1.898419e-01,4.171072e-01
-2.689607e-01,4.306302e-01
7.280116e-01,-2.184306e-01
-4.014567e-01,-1.811846e-01
2.954471e-01,6.896267e-01
1.288159e+00,6.740508e-01
3.288689e-01,-3.569019e-01
-3.745606e-01,7.000771e-01
5.354004e-01,-2.551959e-01
4.194899e-03,4.426402e-01
4.012496e-01,7.508235e-02
1.830345e-01,6.801122e-01
1.199525e+00,5.970912e-01
5.853045e-01,-7.930941e-01
9.523772e-01,6.524099e-01
-2.790307e-03,-2.508672e-01
8.557596e-01,1.285885e+00
7.472037e-01,3.473682e-01
-7.032184e-01,-2.642700e-01
-1.156170e-01,4.857661e-01
-3.862288e-01,7.652480e-01
8.422796e-01,1.638617e+00
-5.322530e-01,7.297014e-01
1.083500e+00,8.386223e-01
4.280411e-01,1.397634e+00
4.568485e-01,-1.818183e-01
8.208798e-01,5.958818e-01
9.934922e-01,5.972291e-01
-1.919216e-01,-3.566895e-01
8.186971e-01,1.216298e-01
4.439895e-01,3.347373e-02
2.481842e-01,6.344190e-01
2.806351e-01,-2.691139e-02
9.918754e-01,9.994524e-01
3.964333e-01,8.586257e-01
-1.622268e-01,-9.379927e-01
3.236773e-02,3.097422e-02
1.664141e+00,6.609072e-01
3.229815e-01,5.035273e-01
5.548117e-01,7.575854e-01
3.380210e-01,4.510880e-01
1.144396e+00,1.650401e+00
3.625501e-01,9.709757e-01
1.016061e-01,-2.041855e-01
-2.495143e-01,-2.653630e-01
3.015387e-02,2.617568e-01
6.136848e-01,3.913692e-01
1.472616e+00,7.950087e-01
-4.776409e-01,4.695626e-01
1.225157e+00,8.209582e-01
-1.019429e+00,7.278916e-01
5.409454e-01,1.156337e-01
2.472425e-01,1.802806e-01
1.620818e+00,5.701450e-01
6.666948e-01,6.015926e-01
1.061732e+00,1.161673e+00
1.377380e+00,3.024617e-01
6.140172e-02,-3.367448e-01
2.730091e-01,-6.259679e-02
4.202051e-01,8.502946e-02
1.037471e+00,1.568420e+00
2.395428e-01,3.866237e-01
1.524223e+00,4.303395e-01
9.726533e-01,1.182551e+00
1.230389e+00,1.534873e+00
2.382467e-01,4.669302e-01
8.456958e-01,7.057887e-01
1.531061e-01,-3.636392e-01
4.589005e-01,3.327780e-01
1.115544e+00,8.990667e-01
1.332606e+00,1.244703e+00
5.868536e-01,8.477949e-01
9.036203e-01,7.145046e-01
1.327258e+00,8.015578e-01
5.150672e-01,1.408654e+00
7.029793e-02,1.103565e-01
-5.082654e-01,-2.698688e-01
-2.025079e-01,7.455313e-01
-1.325586e-01,4.667779e-01
8.546606e-01,9.763216e-01
-4.612648e-01,7.260414e-01
1.849743e+00,1.098469e-01
-1.664943e-01,1.236750e-01
5.125445e-01,1.317023e+00
7.265421e-01,1.331484e+00
-5.967993e-02,-6.421653e-01
-5.390776e-02,7.726354e-02
-3.375782e-01,-1.248235e-01
-7.911720e-01,-3.985193e-01
-2.741062e-01,1.461060e-01
6.134220e-01,1.695499e-02
5.865022e-01,-3.978317e-01
1.005061e+00,1.425807e+00
8.236005e-01,1.717861e-01
3.778663e-01,1.349134e-01
-2.772441e-01,8.271003e-03
1.028767e+00,-2.509858e-01
3.407985e-01,6.096250e-01
1.306247e+00,9.248237e-01
1.416909e+00,6.066571e-01
-3.144785e-01,4.690639e-01
1.395859e+00,1.224529e+00
2.032237e-02,-4.928616e-01
-3.628533e-01,3.689718e-01
-7.923852e-01,2.755487e-01
6.609827e-01,2.131904e-01
-5.284020e-02,-9.443503e-01
-3.178489e-01,-1.176599e-02
2.419428e-01,-7.673358e-01
9.856347e-01,7.585069e-01
5.712191e-02,9.922826e-02
-1.327181e-01,5.734127e-01
7.821927e-01,5.475357e-01
4.328888e-01,4.821816e-01
9.475315e-01,5.040177e-01
-4.365381e-01,7.415088e-01
8.589323e-01,8.083877e-01
1.083102e+00,1.130656e+00
8.736687e-02,-1.095037e-01
8.700994e-01,1.110012e+00
2.816374e-01,1.085014e+00
5.984116e-01,9.342988e-01
1.115677e+00,8.650134e-01
-2.183490e-02,-6.892762e-01
1.739920e-01,3.793141e-01
1.562567e-01,1.976418e-01
-3.876752e-01,1.474561e-01
1.344244e+00,4.706699e-01
-8.192477e-02,2.378378e-01
8.271521e-01,1.002722e+00
1.431807e+00,6.628422e-01
2.513699e-01,-7.245030e-03
6.920489e-01,-2.915862e-01
1.680438e+00,1.359160e+00
-7.730895e-01,3.699704e-01
-2.358120e-01,-4.005565e-01
6.903863e-01,4.786002e-01
-1.461200e-01,-1.031567e-01
1.559917e+00,6.611715e-01
1.385203e+00,-3.190920e-01
1.055295e+00,8.646113e-01
-1.427959e-01,4.204214e-01
1.040095e+00,7.919780e-01
1.078024e+00,1.061331e+00
6.517603e-01,7.592186e-01
4.827974e-01,6.568958e-01
-9.259655e-01,-7.397631e-01
1.623454e+00,9.297609e-01
4.701474e-01,4.134220e-01
1.625135e+00,1.555310e-01
2.805846e-01,1.816070e-01
-1.217350e-01,8.421518e-02
1.227946e+00,1.237282e+00
-4.342108e-01,6.955616e-01
1.244405e+00,1.435008e+00
-1.062120e-01,-6.150195e-03
6.080095e-01,6.676898e-02
-3.626239e-01,-5.167500e-01
1.148387e+00,7.001155e-01
8.212637e-02,8.037911e-01
1.352950e-01,1.396219e+00
1.147083e+00,2.153940e-01
6.230328e-01,1.057111e+00
-4.307348e-01,9.736653e-02
7.730565e-01,1.219247e+00
4.696337e-01,8.756028e-01
7.676960e-01,9.399414e-01
5.092949e-01,7.065552e-01
