3.368743e+00,7.716155e+00
4.425176e+00,1.315528e+01
1.167158e+01,9.098084e+00
1.578738e+01,-1.743629e+00
2.444041e+01,1.241154e-01
4.385518e+00,-2.274244e+00
1.721218e+01,-1.038223e+01
2.190059e+01,-9.228300e-01
1.577207e+01,9.466252e+00
1.723214e+01,-4.195103e+00
6.606009e+00,-5.180688e+00
1.924496e+01,3.198746e+00
2.272862e+01,1.191116e+01
4.611352e+00,9.760937e+00
1.102046e+01,7.428135e+00
2.059687e+01,1.277662e+01
8.399589e+00,9.746486e+00
1.937344e+01,2.152472e+00
5.552853e+00,3.978394e+00
1.566846e+01,1.345610e+01
1.910447e+01,2.736798e+00
2.344874e+01,1.175853e+01
1.282725e+01,-3.734772e-02
1.027994e+01,1.073845e+01
1.514360e+01,8.132138e+00
5.682132e+00,6.247321e+00
2.217216e+01,1.162976e+01
1.173825e+01,-7.875415e+00
2.323657e+01,9.760931e+00
2.358363e+01,1.545899e+01
3.418703e+00,2.997186e+00
2.231500e+01,5.933407e+00
1.310341e+01,3.877683e+00
8.935781e+00,2.066657e-02
1.852847e+01,9.070818e+00
1.139731e+01,1.700786e+00
1.417654e+01,-8.933758e+00
1.342393e+01,9.450765e+00
1.816594e+01,4.265156e+00
2.097361e+01,7.871340e+00
3.587104e+00,-5.013619e+00
6.550821e+00,9.295198e-01
1.897842e+01,1.698714e+00
1.904255e+01,1.428817e+01
4.231377e+00,7.346792e+00
1.430854e+01,9.266177e+00
1.220285e+01,5.462292e+00
1.450374e+01,1.361874e+01
1.494158e+01,5.429631e+00
2.001236e+01,1.850734e+01
1.641289e+01,1.244254e+00
1.598693e+01,1.532518e+01
3.654790e+00,1.242195e+01
1.430728e+01,2.674077e-01
1.528564e+01,7.924093e+00
9.258113e+00,7.675638e+00
1.331691e+01,1.121514e+01
1.460191e+01,4.420823e+00
8.681324e+00,-3.621698e+00
1.525173e+01,2.119949e+00
1.134947e+01,4.516481e+00
2.372555e+01,4.117877e+00
3.263599e+00,-1.153081e+00
4.517331e+00,2.898668e+00
5.044850e+00,7.646190e+00
1.052348e+01,4.936981e+00
2.435776e+01,4.693705e+00
1.310838e+01,1.413331e+01
4.845878e+00,-5.782957e+00
1.059532e+01,2.694335e+00
1.580872e+01,-4.220035e-01
5.555752e+00,-4.739590e-01
1.674328e+01,6.728041e+00
2.038224e+01,1.440179e+00
9.606814e+00,3.056783e+00
1.412876e+01,7.155355e+00
2.259365e+01,1.094334e+01
1.656328e+01,1.519704e+01
1.804041e+01,7.625809e+00
9.302160e+00,-7.144550e-01
2.113975e+01,1.465179e+00
1.287087e+01,-4.953431e+00
1.907889e+01,6.324277e+00
8.680345e+00,7.069372e-02
5.399747e+00,-1.031440e+01
7.913820e+00,1.440937e+01
1.850083e+01,7.505460e+00
1.673128e+01,2.839793e+00
2.080179e+01,9.459631e+00
6.296103e+00,3.063033e+00
6.875712e+00,-5.884589e+00
1.706818e+01,2.161655e+00
7.673528e+00,3.071178e+00
1.106760e+01,9.316595e+00
6.899537e+00,9.191021e+00
8.042018e+00,9.891318e+00
1.781233e+01,3.138832e+00
2.128208e+01,5.963747e+00
1.546717e+01,1.118156e+01
2.121772e+01,8.018668e+00
1.968986e+01,1.278477e+01
8.224135e+00,8.457249e+00
1.104656e+01,9.545107e+00
1.582177e+01,6.914859e+00
1.346389e+01,7.535846e+00
1.649908e+01,1.312582e+01
3.221429e+00,-5.738107e+00
1.998713e+01,1.587443e+01
1.769799e+01,2.732609e+00
2.361386e+01,7.334224e+00
2.391015e+01,-2.432091e+00
1.113715e+01,2.967376e+00
2.116059e+01,7.674982e+00
7.713162e+00,9.210686e+00
1.061799e+01,2.812331e+00
1.447280e+01,2.102631e+01
1.788803e+01,1.969274e+01
2.241987e+01,6.943780e+00
6.651902e+00,1.282337e+01
1.400978e+01,1.536258e+00
3.175630e+00,-5.562337e+00
1.073364e+01,1.109023e+01
1.519479e+01,8.444374e+00
7.798044e+00,-2.598086e+00
1.400603e+01,1.237196e+01
1.015132e+01,1.645505e+01
9.815580e+00,1.097427e+01
2.140146e+01,2.970578e+00
3.093545e+00,1.023577e+00
2.474061e+01,1.157431e+01
2.490239e+01,6.625695e+00
2.194606e+01,3.553066e+00
1.011793e+01,5.279393e+00
2.166611e+01,9.162676e+00
4.257189e+00,7.546669e+00
2.468014e+01,1.550284e+01
8.017926e+00,-1.986592e+00
3.910692e+00,7.337274e+00
1.236286e+01,7.060147e+00
1.117645e+01,2.197893e+00
1.408714e+01,1.018353e+01
1.329953e+01,2.828676e+00
1.644006e+01,4.832709e+00
1.117651e+01,2.444033e+00
1.702854e+01,1.770421e+01
1.727428e+01,5.174254e+00
2.291877e+01,6.127044e+00
1.302582e+01,1.455773e+01
1.271027e+01,7.425150e+00
1.415723e+01,4.420875e+00
1.719895e+01,7.802739e+00
1.507804e+01,4.970007e+00
4.561713e+00,2.360466e+00
2.022004e+01,5.861928e+00
6.858624e+00,5.562233e+00
2.041608e+01,1.184170e+01
1.143675e+01,2.381090e+01
1.992200e+01,5.327389e+00
1.615462e+01,1.385279e+01
2.055435e+01,4.124421e+00
2.487226e+01,5.767775e+00
6.398822e+00,-3.104515e-01
1.192182e+01,1.487281e+01
2.449993e+01,1.390015e+01
1.951092e+01,-6.037471e-01
4.743704e+00,1.046298e+01
1.584483e+01,3.539647e+00
2.440349e+01,4.964498e+00
3.379403e+00,-2.972552e+00
5.953237e+00,8.584291e+00
8.447578e+00,9.547217e+00
2.324305e+01,8.171253e+00
5.791327e+00,1.052380e+01
1.909460e+01,-1.149686e+00
1.814458e+01,-4.952581e-01
1.433149e+01,3.116961e+00
5.920059e+00,1.569195e+01
2.048934e+01,8.987652e+00
2.331478e+01,1.485001e+00
9.800659e+00,3.076426e+00
1.297335e+01,-1.581162e+00
1.797270e+01,1.626096e+01
6.641563e+00,8.063229e+00
2.348574e+01,5.109808e-03
1.822422e+01,4.400149e+00
2.032744e+01,3.351470e-01
1.936376e+01,1.621466e+00
2.204606e+01,4.119161e+00
1.401260e+01,1.474288e+00
2.430934e+01,1.527002e+01
5.394692e+00,-3.498241e+00
6.078817e+00,-3.659199e+00
2.252140e+01,4.020343e+00
1.531273e+01,1.401591e+01
1.635111e+01,2.972662e+00
1.342232e+01,1.265242e+00
1.539578e+01,7.740373e+00
1.143891e+01,8.376343e+00
8.312267e+00,4.864710e+00
1.407174e+01,6.756073e+00
