1.000000e+00,1.986552e+01,6.278462e+00
1.000000e+00,6.896481e+00,6.725903e-01
1.000000e+00,1.489997e+01,6.856539e+00
1.000000e+00,1.516145e+01,-3.943809e+00
1.000000e+00,8.477482e+00,-1.141124e+00
1.000000e+00,8.609649e+00,5.517534e+00
1.000000e+00,5.897034e+00,5.898607e+00
1.000000e+00,1.556240e+01,1.624169e+01
1.000000e+00,8.169617e+00,4.918605e+00
1.000000e+00,1.899414e+01,8.297053e+00
1.000000e+00,6.391320e+00,9.324139e+00
1.000000e+00,1.114543e+01,-5.143691e-02
1.000000e+00,1.819643e+01,7.146495e+00
1.000000e+00,1.123140e+01,9.047753e+00
1.000000e+00,1.833097e+01,3.470650e-01
1.000000e+00,1.152696e+01,4.681939e+00
1.000000e+00,1.677386e+01,5.178007e+00
1.000000e+00,1.095442e+01,6.193481e+00
1.000000e+00,1.921786e+01,1.107072e+01
1.000000e+00,1.416674e+01,8.370048e+00
1.000000e+00,1.978838e+01,-8.591333e-01
1.000000e+00,6.187497e+00,-8.682646e+00
1.000000e+00,7.186220e+00,2.170572e+00
1.000000e+00,1.691282e+01,1.279933e+01
1.000000e+00,1.607118e+01,8.150249e+00
1.000000e+00,1.462019e+01,1.758405e+01
1.000000e+00,1.241756e+01,-9.244056e-01
1.000000e+00,1.344532e+01,7.077725e+00
1.000000e+00,7.464525e+00,-7.167071e+00
1.000000e+00,1.858873e+01,1.699922e+01
1.000000e+00,7.637011e+00,1.003371e+01
1.000000e+00,1.673140e+01,-6.654427e+00
1.000000e+00,6.764329e+00,8.337518e+00
1.000000e+00,1.152921e+01,1.295617e+01
1.000000e+00,7.731157e+00,2.602315e+00
1.000000e+00,1.573883e+01,9.082590e+00
1.000000e+00,7.902263e+00,9.123112e+00
1.000000e+00,1.527129e+01,1.048077e+01
1.000000e+00,1.246257e+01,8.633489e+00
1.000000e+00,1.483213e+01,9.933812e+00
1.000000e+00,1.598063e+01,3.376550e+00
1.000000e+00,1.910368e+01,3.933192e+00
1.000000e+00,1.116188e+01,8.611444e-01
1.000000e+00,9.003124e+00,1.097915e+00
1.000000e+00,1.042994e+01,-4.227056e+00
1.000000e+00,7.361376e+00,3.303853e+00
1.000000e+00,1.995628e+01,1.256836e+01
1.000000e+00,1.866865e+01,2.233359e+00
1.000000e+00,1.425891e+01,1.216718e+01
1.000000e+00,1.758887e+01,1.317581e+01
1.000000e+00,9.781463e+00,7.594259e+00
1.000000e+00,1.883827e+01,-3.739116e-01
1.000000e+00,1.004457e+01,8.341425e+00
1.000000e+00,1.334619e+01,7.841934e-01
1.000000e+00,1.766292e+01,5.183377e+00
1.000000e+00,1.510534e+01,3.670004e+00
1.000000e+00,1.198240e+01,1.231070e+01
1.000000e+00,1.460973e+01,-1.471659e+00
1.000000e+00,1.317539e+01,9.381170e+00
1.000000e+00,8.992377e+00,-4.872218e+00
1.000000e+00,1.772010e+01,4.339490e+00
1.000000e+00,1.431982e+01,9.578015e-01
1.000000e+00,1.478153e+01,1.048631e+01
1.000000e+00,1.653724e+01,9.733980e+00
1.000000e+00,1.745813e+01,4.167020e+00
1.000000e+00,1.523362e+01,2.521066e+00
1.000000e+00,6.582598e+00,1.926626e+00
1.000000e+00,1.114433e+01,5.064994e+00
1.000000e+00,8.170062e+00,-2.488876e+00
1.000000e+00,5.760395e+00,-5.211761e+00
1.000000e+00,1.708118e+01,1.355705e+01
1.000000e+00,8.739555e+00,5.250340e-01
1.000000e+00,1.402301e+01,4.572704e+00
1.000000e+00,1.753043e+01,3.164329e+00
1.000000e+00,8.570420e+00,2.273282e+00
1.000000e+00,7.033328e+00,9.999152e+00
1.000000e+00,1.133893e+01,1.196840e+01
1.000000e+00,1.401728e+01,8.658800e-01
1.000000e+00,9.073061e+00,-3.608628e-01
1.000000e+00,5.134081e+00,-4.763544e+00
1.000000e+00,8.050732e+00,7.337149e+00
1.000000e+00,1.661247e+01,1.950370e+00
1.000000e+00,6.990954e+00,5.711414e+00
1.000000e+00,1.594906e+01,2.124861e+01
1.000000e+00,1.047823e+01,3.636549e+00
1.000000e+00,1.199505e+01,7.702062e+00
1.000000e+00,1.610460e+01,3.746455e+00
1.000000e+00,1.919325e+01,1.376163e+01
1.000000e+00,1.736429e+01,5.310556e+00
1.000000e+00,1.895893e+01,1.806047e+01
1.000000e+00,1.828605e+01,8.517218e+00
1.000000e+00,1.738943e+01,1.275239e+00
1.000000e+00,1.082295e+01,-3.204460e+00
1.000000e+00,1.759354e+01,4.744144e+00
1.000000e+00,1.959534e+01,6.892218e+00
1.000000e+00,1.083452e+01,1.031285e+00
1.000000e+00,1.577757e+01,1.207902e+01
1.000000e+00,1.527824e+01,-9.229587e+00
1.000000e+00,1.986625e+01,9.928516e+00
1.000000e+00,1.113695e+01,7.733355e+00
1.000000e+00,1.626125e+01,7.058050e+00
1.000000e+00,9.474191e+00,-4.890625e+00
1.000000e+00,1.143452e+01,8.013274e+00
1.000000e+00,1.996328e+01,9.311482e+00
1.000000e+00,1.260286e+01,9.746195e+00
1.000000e+00,1.539709e+01,7.056914e+00
1.000000e+00,6.366373e+00,-5.278218e+00
1.000000e+00,1.161969e+01,-1.620658e+00
1.000000e+00,1.184302e+01,3.470826e+00
1.000000e+00,1.837220e+01,5.353770e+00
1.000000e+00,6.146008e+00,-3.516784e+00
1.000000e+00,1.623711e+01,2.725160e+00
1.000000e+00,6.398570e+00,-4.215912e+00
1.000000e+00,7.361432e+00,-3.552270e-01
1.000000e+00,1.363738e+01,2.514815e+00
1.000000e+00,1.957947e+01,4.592234e+00
1.000000e+00,1.714217e+01,5.188768e+00
1.000000e+00,1.026745e+01,-3.865099e+00
1.000000e+00,8.736611e+00,1.287314e+01
1.000000e+00,1.495100e+01,3.486212e+00
1.000000e+00,1.408134e+01,1.558493e+01
1.000000e+00,1.536214e+01,1.817738e+00
1.000000e+00,7.930163e+00,5.491112e+00
1.000000e+00,9.597780e+00,-2.412444e-01
1.000000e+00,1.530534e+01,1.122011e+01
1.000000e+00,1.104029e+01,4.161973e+00
1.000000e+00,1.409699e+01,8.100416e+00
1.000000e+00,5.996609e+00,-1.366726e+01
1.000000e+00,6.820257e+00,4.843408e+00
1.000000e+00,1.489161e+01,6.136865e+00
1.000000e+00,8.226655e+00,1.711144e+00
1.000000e+00,1.973412e+01,1.257766e+01
1.000000e+00,1.823168e+01,8.099274e+00
1.000000e+00,5.355977e+00,1.103482e+01
1.000000e+00,6.399953e+00,1.216140e+01
1.000000e+00,1.406196e+01,7.115044e+00
1.000000e+00,1.618150e+01,1.200253e+01
1.000000e+00,1.041457e+01,-1.028577e+00
1.000000e+00,5.143277e+00,2.494615e+00
1.000000e+00,1.179047e+01,1.537879e+00
1.000000e+00,1.019106e+01,9.588993e+00
1.000000e+00,5.024932e+00,9.138076e+00
1.000000e+00,1.282155e+01,1.518160e+01
1.000000e+00,1.985811e+01,1.163480e+01
1.000000e+00,1.013954e+01,3.784879e+00
1.000000e+00,1.520470e+01,5.615768e+00
1.000000e+00,1.090994e+01,1.210370e+01
1.000000e+00,1.551164e+01,7.248880e+00
1.000000e+00,1.386407e+01,1.341151e+01
1.000000e+00,1.264395e+01,4.734972e+00
1.000000e+00,6.772073e+00,6.831077e+00
1.000000e+00,1.958550e+01,3.934465e+00
1.000000e+00,1.739753e+01,-8.119493e-01
1.000000e+00,1.703024e+01,4.448639e+00
1.000000e+00,1.747806e+01,7.273171e+00
1.000000e+00,1.607250e+01,5.514882e+00
1.000000e+00,1.628673e+01,1.692272e+01
1.000000e+00,6.551007e+00,1.040980e+01
1.000000e+00,1.138437e+01,7.808483e+00
1.000000e+00,5.655674e+00,-6.627912e+00
1.000000e+00,1.553993e+01,5.565004e+00
1.000000e+00,5.707475e+00,4.572536e+00
1.000000e+00,1.678513e+01,5.784727e+00
1.000000e+00,1.986778e+01,2.746774e+00
1.000000e+00,9.742096e+00,1.114657e+01
1.000000e+00,5.660434e+00,5.522558e+00
1.000000e+00,1.991420e+01,-1.348801e+00
1.000000e+00,5.677611e+00,7.831705e+00
1.000000e+00,5.104312e+00,7.198774e+00
1.000000e+00,7.245116e+00,9.273425e-01
1.000000e+00,6.707764e+00,9.201887e+00
1.000000e+00,1.474326e+01,-1.017317e+00
1.000000e+00,1.353761e+01,1.790125e+00
1.000000e+00,1.161187e+01,3.498091e+00
1.000000e+00,1.078412e+01,1.180444e+01
1.000000e+00,7.429680e+00,3.575065e+00
1.000000e+00,1.321729e+01,8.587873e+00
1.000000e+00,6.717708e+00,-1.203487e+00
1.000000e+00,1.058418e+01,4.594645e+00
1.000000e+00,1.849640e+01,6.373638e+00
1.000000e+00,8.995999e+00,1.392805e+01
1.000000e+00,1.459412e+01,6.497967e+00
1.000000e+00,1.803364e+01,5.081177e+00
1.000000e+00,1.431594e+01,1.302467e+01
1.000000e+00,6.536416e+00,2.583978e+00
1.000000e+00,9.110353e+00,9.853393e+00
1.000000e+00,9.244503e+00,1.329292e+01
1.000000e+00,1.531761e+01,-1.279488e+00
1.000000e+00,1.112384e+01,6.480379e+00
1.000000e+00,7.385504e+00,6.785652e+00
1.000000e+00,1.780023e+01,1.402917e+01
1.000000e+00,7.853028e+00,-9.546291e-01
1.000000e+00,9.150816e+00,1.533724e+01
1.000000e+00,1.083836e+01,6.967881e+00
1.000000e+00,1.238707e+01,3.849030e-01
1.000000e+00,1.529461e+01,1.460558e+01
1.000000e+00,1.493205e+01,9.786169e+00
1.000000e+00,1.881718e+01,6.303950e+00
1.000000e+00,1.933539e+01,1.975468e+01
1.000000e+00,1.527253e+01,1.120513e+01
