1.041444e+00,3.765341e-01
2.174999e+00,6.149436e-01
1.000391e+00,1.753433e-01
2.329836e+00,5.390681e-01
3.717540e-01,1.730920e+00
1.952328e+00,8.483137e-01
7.952459e-01,1.909383e+00
3.236470e+00,1.384077e+00
1.281628e+00,2.093790e+00
2.687110e+00,2.101653e+00
2.673536e+00,6.063764e-01
1.227477e+00,-2.944766e-01
8.706341e-01,1.685697e-01
2.277121e+00,1.091837e+00
1.069410e+00,9.050267e-01
1.237813e+00,8.807522e-01
2.382006e+00,1.275510e+00
1.997182e+00,1.194765e+00
1.521637e+00,3.528451e-01
1.448692e+00,1.210740e+00
1.820368e+00,8.111873e-01
2.699995e+00,9.037667e-01
8.151731e-01,1.515158e+00
2.017015e+00,6.663728e-01
1.256707e+00,2.368862e+00
7.009691e-01,1.540491e+00
2.794570e+00,9.625160e-01
1.344141e+00,4.154126e-01
1.426717e+00,1.529000e+00
1.608831e+00,1.432822e+00
2.964493e+00,1.116934e+00
1.529451e+00,5.824686e-01
2.582545e+00,2.415617e+00
1.314909e+00,8.926070e-02
5.620760e-01,8.466916e-01
9.797343e-01,1.112911e+00
2.011810e+00,-2.141037e-01
1.165646e+00,2.583643e+00
2.006929e+00,1.478773e+00
-1.964407e-01,1.042837e+00
1.773071e+00,-1.262066e-02
1.395614e+00,1.197807e+00
8.663025e-01,2.844236e-01
1.920777e+00,1.711274e+00
1.666765e+00,8.309179e-01
1.613798e+00,5.545843e-01
2.733581e+00,4.931284e-01
2.145308e+00,5.967779e-02
2.897376e+00,1.334687e+00
2.203324e+00,1.660426e+00
2.577855e+00,1.522691e+00
1.492443e+00,-1.159060e+00
1.128696e+00,2.138467e+00
1.264473e+00,1.567830e+00
2.137511e+00,6.581614e-01
1.841158e+00,8.486863e-02
1.757557e+00,-2.995336e-01
2.161182e+00,4.405825e-01
1.702075e+00,4.193250e-01
1.435430e+00,1.336889e+00
3.977513e+00,-6.100833e-02
2.787268e+00,1.265363e+00
2.267981e+00,1.151120e+00
2.597284e+00,-5.937573e-01
2.132975e+00,1.064588e+00
2.329149e+00,2.146378e+00
1.794912e+00,2.998862e-01
7.073288e-01,1.744280e+00
2.050015e+00,7.856269e-01
2.619663e+00,8.334507e-01
1.600385e+00,5.912886e-01
2.849151e+00,1.018992e-01
2.054145e+00,1.504855e+00
3.156752e+00,1.323937e+00
2.241391e+00,2.561230e-01
1.654357e+00,3.139171e-01
2.516782e+00,1.342217e+00
8.648276e-01,-1.936651e-01
2.311922e+00,9.774101e-01
8.116123e-01,4.122345e-01
1.928552e+00,2.031705e+00
2.129318e+00,1.260719e+00
2.716275e+00,5.122150e-02
1.295474e+00,-1.381774e-01
1.643057e+00,6.947791e-01
2.111090e+00,1.117538e-01
2.251122e+00,-1.225571e+00
3.180199e+00,1.186252e+00
1.416380e+00,2.389674e+00
2.990865e+00,1.858927e+00
2.846105e+00,-6.551938e-01
2.049246e+00,2.104074e+00
2.467807e+00,1.235542e+00
2.992867e+00,1.291926e+00
3.050582e+00,3.714250e-01
2.707247e+00,1.906434e+00
1.979090e+00,-1.067478e+00
2.537765e+00,7.082897e-01
1.560313e+00,6.945563e-01
1.708695e+00,1.081732e+00
1.848123e+00,2.170818e+00
3.356730e+00,4.206416e-01
2.705120e+00,1.572435e+00
2.145915e+00,7.603760e-01
3.273579e+00,-3.615893e-01
2.788950e+00,1.083472e+00
3.666230e+00,2.819277e-01
1.045775e+00,1.246288e+00
2.378511e+00,2.489302e+00
1.378092e+00,4.647466e-01
1.506424e+00,2.496078e+00
2.055473e+00,6.033984e-01
2.785434e+00,1.271013e+00
1.359707e+00,-9.499244e-01
1.715113e+00,2.276268e-01
1.816469e+00,1.776387e-01
2.106265e+00,1.980564e+00
7.262264e-01,4.900514e-01
1.535695e+00,9.813257e-01
1.929989e+00,2.059205e+00
1.553282e+00,2.703756e-01
9.300738e-01,1.238320e-01
1.510914e+00,2.070325e+00
2.126898e+00,-2.356180e-01
1.858432e+00,1.294018e+00
1.406632e+00,-5.292460e-01
1.323886e+00,7.149185e-01
1.225979e+00,9.422143e-01
3.425671e+00,6.700131e-01
2.076999e+00,-2.899539e-01
1.547837e-01,9.447464e-01
2.291009e+00,1.341468e+00
1.100338e+00,2.046540e+00
1.831233e+00,2.005268e+00
1.683555e+00,9.205047e-01
4.019382e-01,2.048316e-02
2.705226e+00,-5.555631e-02
2.828019e+00,9.467235e-01
2.042333e+00,1.166942e+00
3.323070e+00,-1.150135e-01
2.451795e+00,6.937709e-01
1.989516e+00,6.457097e-02
2.423544e+00,2.336403e+00
1.163952e+00,5.483353e-01
2.521344e+00,-4.613954e-01
1.539951e+00,2.235811e-01
3.388984e+00,9.343054e-01
1.051219e+00,1.754042e+00
2.413640e+00,1.474671e+00
1.170849e+00,1.517876e-01
2.318148e+00,1.058980e+00
3.021990e+00,7.256834e-01
1.329676e+00,2.667797e+00
2.236302e+00,8.796224e-01
2.396197e+00,2.025763e+00
2.423259e+00,1.803488e+00
2.280069e+00,2.176531e+00
1.053785e+00,1.252710e+00
1.026359e+00,1.146278e+00
3.342051e+00,8.638690e-01
1.534386e+00,2.120698e+00
1.704664e+00,2.291839e-01
2.573591e+00,-1.319957e-01
3.069279e+00,7.562639e-01
2.794403e+00,1.329578e-01
1.173386e+00,-3.513260e-01
2.012870e+00,8.631096e-01
1.856057e+00,1.624492e+00
2.786428e+00,7.781514e-01
2.576875e+00,1.183813e+00
2.620925e+00,1.199218e+00
2.278043e+00,1.569964e+00
1.714594e+00,-9.040364e-02
3.174222e+00,2.026930e+00
1.500109e+00,1.964398e+00
2.738965e+00,-9.537598e-01
1.890643e+00,9.754321e-01
6.100788e-01,2.237274e+00
1.859767e+00,3.512224e-01
2.974790e+00,1.436808e+00
1.811031e+00,5.049592e-01
2.078148e+00,1.345516e+00
1.443458e+00,3.842101e-01
2.862370e+00,6.899099e-01
2.549808e+00,2.857719e-01
2.834933e+00,1.420336e+00
1.240706e+00,1.755582e+00
1.455627e+00,1.081054e+00
1.979704e+00,2.710562e-01
1.576777e+00,2.504917e+00
1.124398e+00,5.807571e-01
2.746169e+00,5.642599e-01
1.665353e+00,1.137146e+00
1.506115e+00,2.297100e-02
2.275705e+00,1.635260e+00
2.962099e+00,1.526959e+00
1.427442e+00,4.924764e-01
1.733395e+00,7.287347e-01
2.254425e+00,3.475007e-01
1.859641e+00,6.320660e-01
