1.373141e+01,9.100210e+00
1.765203e+01,2.000333e+01
8.518505e+00,1.720330e+01
1.874935e+01,1.387923e+01
7.505707e+00,4.060423e+00
9.416228e+00,1.157077e+01
9.452283e+00,-5.130546e-01
1.590215e+01,7.757707e+00
1.970699e+01,6.820253e+00
1.994768e+01,1.086650e+00
1.009157e+01,6.920074e+00
1.535157e+01,8.211091e+00
1.108260e+01,2.909881e+00
1.411445e+01,2.928432e+00
8.281838e+00,8.415455e+00
1.849338e+01,8.672438e+00
1.276873e+01,-2.244423e+00
1.344451e+01,7.810534e+00
1.111252e+01,1.103326e+01
1.309094e+01,6.905122e+00
1.943652e+01,4.655808e+00
5.812335e+00,3.482631e+00
5.141640e+00,1.369068e+01
1.014607e+01,-1.158582e+00
1.193320e+01,9.756267e+00
1.350335e+01,1.004243e+01
7.386550e+00,1.342389e+00
7.228508e+00,-2.562057e-01
1.397423e+01,1.242520e+01
3.338961e+00,-1.216251e+00
9.200128e+00,1.447063e+00
1.558934e+01,2.480285e+00
1.311729e+01,1.318010e+01
7.695431e+00,1.822744e+00
3.657095e+00,-2.277925e+00
1.275886e+01,1.116044e+01
4.997035e+00,-2.105650e-02
1.325756e+01,-6.829919e-01
1.928447e+01,1.175208e+01
3.625902e+00,2.125509e+00
4.629402e+00,8.378653e+00
7.546683e+00,6.337214e-01
1.599395e+01,1.077516e+01
6.459226e+00,-1.356102e+00
5.738271e+00,9.751530e+00
1.409676e+01,9.411796e+00
4.715938e+00,6.716087e-01
9.061506e+00,1.324516e+00
1.205591e+01,1.967513e+01
1.255638e+01,1.358591e+01
1.733548e+01,8.703396e+00
1.683266e+01,5.123357e+00
1.731935e+01,-1.172500e+00
7.804532e+00,2.202486e+00
4.135600e+00,3.333814e+00
4.449377e+00,1.873114e+01
1.596552e+01,7.971061e+00
1.440421e+01,4.363802e+00
1.901684e+01,1.485855e-01
1.946113e+01,1.406022e+01
1.761834e+01,1.411645e+01
1.704901e+01,1.931311e+01
1.297490e+01,-3.524147e+00
1.329046e+01,-5.634642e+00
1.014668e+01,9.210495e+00
8.757610e+00,2.538849e+00
1.762275e+01,-1.779001e+00
8.137578e+00,5.516440e+00
8.595840e+00,1.630140e+01
1.545579e+01,1.127213e+01
3.290511e+00,-9.026587e+00
1.212365e+01,5.866168e+00
8.419043e+00,6.644452e+00
3.774765e+00,1.220148e+01
1.274265e+01,-3.193424e+00
4.602704e+00,-5.788320e-01
1.247103e+01,1.417021e+01
3.649483e+00,-4.695023e+00
1.588192e+01,4.794073e+00
1.350112e+01,8.059233e+00
1.113268e+01,-1.128696e+00
4.422198e+00,9.369552e+00
1.927827e+01,1.228853e+01
1.056283e+01,1.807572e+01
1.331938e+01,6.804256e+00
1.858041e+01,1.261280e+01
1.206702e+01,1.347661e+00
1.172568e+01,1.217561e+01
7.206335e+00,-4.780646e+00
4.746463e+00,-1.143428e+01
1.912711e+01,6.747564e+00
1.756986e+01,4.762259e+00
9.715255e+00,1.035167e+01
4.816292e+00,7.545996e+00
1.526889e+01,9.772691e-01
5.327435e+00,9.885579e+00
1.066081e+01,6.762064e+00
1.733302e+01,2.104056e+01
3.373714e+00,1.465232e+00
4.850461e+00,-5.109992e+00
9.282734e+00,2.225459e+00
3.959277e+00,4.921789e+00
3.704103e+00,2.478019e+00
1.695470e+01,1.765468e+01
1.848952e+01,1.088997e+01
4.040269e+00,5.678479e+00
1.592198e+01,1.630959e+01
8.801138e+00,4.616719e+00
1.361969e+01,1.321812e+01
6.884217e+00,6.904003e+00
5.532382e+00,6.645254e+00
8.812927e+00,-3.356155e+00
1.247737e+01,-2.283060e+00
4.485746e+00,-9.035069e+00
4.464038e+00,3.399960e+00
1.109536e+01,5.645919e+00
5.206425e+00,-2.504690e+00
3.917793e+00,3.420538e-01
1.559743e+01,1.004639e+01
5.507178e+00,2.398804e+00
7.954478e+00,1.830991e+01
1.619643e+01,1.243987e+01
1.750100e+01,1.971769e+01
5.773985e+00,1.304492e+01
7.282729e+00,-9.158517e+00
1.101994e+01,7.964088e+00
1.271104e+01,1.029859e+01
1.893340e+01,6.622159e+00
1.150759e+01,4.044911e+00
1.561694e+01,2.816915e+00
7.854354e+00,1.326340e+01
1.659139e+01,1.267661e+01
1.079265e+01,1.481958e+00
9.133917e+00,1.945698e+00
1.892974e+01,8.378434e+00
6.097705e+00,-8.929883e+00
1.608499e+01,1.344633e+01
1.248396e+01,8.774485e+00
1.394602e+01,8.805651e+00
1.698560e+01,1.288752e+01
9.487118e+00,8.764268e+00
7.942130e+00,4.200081e-02
1.007056e+01,7.020340e+00
1.591131e+01,1.393360e+01
1.799529e+01,9.580330e+00
1.694276e+01,1.014865e+01
1.375663e+01,8.142342e+00
1.463599e+01,1.697456e+01
1.129527e+01,8.703779e+00
8.428183e+00,-6.376810e+00
1.039538e+01,-5.741720e+00
3.545337e+00,-9.121028e+00
1.725282e+01,5.725533e+00
4.719874e+00,4.041797e+00
1.047740e+01,8.967640e+00
1.601511e+01,1.247780e+01
9.888200e+00,5.394185e+00
7.271953e+00,-5.924088e-01
1.365777e+01,1.963819e+01
7.885337e+00,1.265895e+00
7.458737e+00,1.215892e+01
1.988483e+01,1.762873e+01
9.657099e+00,-5.868560e-01
1.385456e+01,-3.340464e+00
8.616644e+00,-5.171207e+00
1.039399e+01,1.346570e+01
1.867660e+01,1.517710e+01
6.013962e+00,1.372559e+01
3.420662e+00,4.414092e+00
3.678343e+00,-1.723530e+00
1.493780e+01,1.012232e+01
8.628028e+00,8.459236e+00
1.864249e+01,1.418599e+01
7.576256e+00,-1.449901e+00
1.270190e+01,1.830401e+01
1.729026e+01,3.678682e+00
9.281543e+00,8.353854e+00
1.627802e+01,1.356782e+01
4.532473e+00,4.062761e+00
7.576434e+00,3.865907e+00
1.348422e+01,1.473523e+01
1.740134e+01,1.686345e+01
1.317514e+01,1.173289e+01
1.665161e+01,-3.883213e+00
1.971972e+01,1.156000e+01
4.163767e+00,-6.714027e-01
1.864907e+01,-7.147688e-01
1.340268e+01,1.286755e+01
1.977161e+01,1.181722e+01
1.752773e+01,1.970260e+01
5.524034e+00,3.050205e+00
5.585184e+00,9.588546e+00
1.448429e+01,8.990740e+00
1.442610e+01,5.418156e+00
1.352089e+01,9.656229e+00
7.115861e+00,3.397414e+00
1.858718e+01,1.201760e+01
5.376163e+00,-3.859505e+00
4.305315e+00,-7.353778e-01
4.383293e+00,7.139838e+00
