1.052186e+01,1.580138e+01
1.214980e+01,-1.931358e+01
1.340024e+01,1.958951e+00
1.909784e+01,1.333345e+01
1.766054e+01,1.861380e+01
1.245845e+01,1.718562e+01
1.938244e+01,2.302203e+01
1.127287e+01,1.954822e+01
9.371158e+00,-1.011956e+01
1.447168e+01,9.902908e+00
1.479397e+01,2.302330e+01
1.946982e+01,-3.116956e+00
1.445615e+01,3.145526e+01
9.712393e+00,1.524880e+01
1.572321e+01,1.969919e+01
1.497236e+01,8.828567e+00
1.459966e+01,4.657569e+00
1.986751e+01,-3.421002e+00
9.137159e+00,1.221052e+01
1.417394e+01,1.797259e+01
1.515436e+01,-1.703628e+01
1.582943e+01,1.621585e+01
1.052163e+01,1.084481e+01
9.843916e+00,9.040126e+00
1.684120e+01,1.325348e+01
1.066895e+01,2.893328e+01
1.884506e+01,1.941293e+01
1.455434e+01,1.550217e+01
1.012966e+01,1.175570e+01
1.242327e+01,-1.288979e+01
9.503077e+00,-7.672523e+00
1.442853e+01,5.802119e+00
1.381408e+01,1.415985e+01
1.144629e+01,-4.068589e+00
1.317541e+01,5.240747e+00
1.086441e+01,8.266530e+00
1.368990e+01,3.074639e+00
1.009619e+01,-5.955366e+00
1.243538e+01,7.096681e+00
1.898635e+01,1.979768e+01
9.553938e+00,-9.624264e+00
1.885307e+01,1.083878e+01
1.861763e+01,4.207617e+01
1.444566e+01,4.144685e+01
1.273394e+01,3.252279e+01
1.439459e+01,-2.478417e+01
9.919821e+00,1.185736e-02
1.228323e+01,-3.204251e-01
9.954107e+00,-4.786352e+00
1.477322e+01,1.668322e+01
1.925614e+01,7.253254e+00
1.119621e+01,-4.102127e+00
9.859423e+00,9.751575e+00
1.636434e+01,2.142356e+01
1.636593e+01,1.923599e+01
1.200013e+01,1.244375e+01
9.857572e+00,-1.062529e+01
1.326097e+01,1.132022e+00
1.737058e+01,-3.570021e+00
1.299856e+01,1.061961e+00
1.015156e+01,-6.859724e+00
1.873585e+01,3.184738e+01
1.419753e+01,1.434762e+01
1.628091e+01,6.001335e+00
1.975046e+01,1.306153e+01
1.492153e+01,5.508978e+00
1.763349e+01,2.191651e+01
1.038406e+01,6.156862e+00
1.694173e+01,3.573934e+00
1.532901e+01,8.709269e+00
9.053769e+00,7.478548e-01
1.448003e+01,2.909317e+01
1.699659e+01,1.337000e+01
1.400954e+01,3.982264e+01
1.426721e+01,1.553253e+01
1.562741e+01,1.816962e+01
1.449642e+01,-3.216230e+00
1.963402e+01,1.269623e+01
1.345702e+01,6.319380e+00
1.366536e+01,8.924646e+00
1.243469e+01,-2.052183e+00
1.724187e+01,1.528099e+01
1.875524e+01,-1.224557e+00
1.073964e+01,2.021315e+01
1.649567e+01,1.949115e+01
1.851102e+01,2.193938e+01
1.416550e+01,-9.615655e+00
1.406772e+01,2.343472e+01
1.169641e+01,1.671055e+01
1.396418e+01,-1.321107e+01
9.667929e+00,9.493954e+00
1.628704e+01,5.160728e+00
1.894299e+01,1.316379e+01
1.943251e+01,2.513326e+01
9.783023e+00,1.466699e+01
1.323369e+01,-1.617779e+01
1.498919e+01,1.234676e+01
9.073102e+00,1.920654e+01
1.190309e+01,1.136966e+01
1.788728e+01,2.561386e+01
9.636264e+00,4.023596e+01
1.174772e+01,2.468774e+01
1.878520e+01,5.390864e+00
1.352411e+01,9.250981e+00
1.402408e+01,1.870796e+01
1.351364e+01,1.100194e+01
1.021610e+01,2.985622e+01
1.417685e+01,1.147401e+01
1.383628e+01,7.588326e+00
1.903304e+01,1.776365e+01
1.157777e+01,8.570626e+00
1.717783e+01,3.227275e+01
1.085210e+01,1.104409e+01
9.017581e+00,7.289621e+00
1.263448e+01,1.015056e+01
1.084609e+01,5.779853e+00
1.799496e+01,1.063176e+01
1.335247e+01,-5.695501e+00
1.877072e+01,2.968008e+01
1.849285e+01,1.342011e+01
1.696816e+01,1.307056e+01
1.449979e+01,9.665821e+00
1.275805e+01,1.680111e+01
1.859431e+01,3.278028e+01
1.192037e+01,2.363349e+01
1.189424e+01,-2.361274e+00
1.744398e+01,1.643547e+01
1.234413e+01,3.685764e+00
1.552233e+01,4.530304e+00
1.002287e+01,8.159868e+00
1.665700e+01,2.385687e+01
1.352024e+01,1.138621e+01
1.860148e+01,5.615564e+00
1.687849e+01,4.207256e+00
1.606708e+01,8.106589e+00
1.354797e+01,2.423771e+01
1.008887e+01,6.171098e+00
1.240184e+01,1.086820e+01
1.186558e+01,1.453152e+01
1.699604e+01,1.354084e+01
1.989254e+01,3.478989e+01
1.545997e+01,1.510670e+01
1.818197e+01,-9.201192e+00
1.470969e+01,1.053033e+01
1.081540e+01,2.294807e+01
1.614100e+01,-5.720258e+00
1.621871e+01,1.465629e+01
1.019608e+01,1.056197e+01
1.032174e+01,3.157024e+01
1.096840e+01,9.151141e+00
1.800808e+01,1.698396e+01
1.772021e+01,1.546725e+01
1.549647e+01,7.893919e+00
1.216845e+01,1.753144e+01
1.069852e+01,3.164370e+00
1.709558e+01,1.583277e+01
1.494954e+01,8.018311e+00
1.865132e+01,1.893009e+01
1.219471e+01,8.914275e+00
1.269852e+01,-1.957997e+00
1.466965e+01,1.407123e+01
1.439841e+01,1.521859e+00
1.230127e+01,1.596352e+00
1.795034e+01,4.447562e+00
1.167465e+01,-2.948228e+00
1.376658e+01,2.229464e+01
1.004784e+01,1.990694e+01
1.838307e+01,1.175843e+01
1.271894e+01,4.681978e+00
1.689941e+01,1.063049e+01
1.841822e+01,5.859989e+00
1.234263e+01,-8.855408e+00
1.847344e+01,1.673986e+01
1.062196e+01,4.348363e+00
1.492541e+01,-5.535672e-01
1.995082e+01,3.370680e+01
9.392529e+00,1.830623e+01
1.066427e+01,8.690700e+00
1.602081e+01,5.804880e+00
1.460792e+01,1.903246e+01
1.421750e+01,-9.543904e+00
1.276394e+01,2.562273e+01
1.352261e+01,3.651163e+00
1.702894e+01,1.059790e+01
1.542460e+01,9.366198e+00
1.712680e+01,1.195553e+01
1.973160e+01,-2.002590e+00
1.948640e+01,9.760536e+00
1.541900e+01,1.581643e+01
1.923699e+01,9.611139e+00
1.737900e+01,-1.002383e+01
1.515220e+01,1.361623e+01
1.935602e+01,1.288124e+01
1.667844e+01,7.184988e+00
1.075282e+01,-6.525762e+00
1.144924e+01,5.578762e-01
1.355531e+01,-1.407603e+01
1.190624e+01,1.908487e+01
1.627266e+01,7.922887e-01
1.345325e+01,-5.008415e+00
