1.445769e+01,2.851544e+01
2.474718e+01,1.711960e+01
1.054978e+01,1.388471e+01
1.707232e+01,5.549893e-01
2.387968e+01,1.273299e+01
1.110795e+01,2.023068e+01
2.173303e+01,1.916204e+01
1.491124e+01,2.879319e+00
8.338169e+00,-2.589345e+01
1.664328e+01,1.363942e+01
2.170490e+01,-3.668777e+00
9.313123e+00,2.905290e+01
7.488877e+00,1.409644e+01
1.073059e+01,5.774122e+00
2.290330e+01,1.806088e+01
8.401274e+00,2.266853e+01
1.426454e+01,2.444564e+01
2.311281e+01,2.160229e+01
1.848939e+01,1.581079e+01
8.997754e+00,6.567527e+00
1.424618e+01,3.521724e+01
1.392525e+01,-5.027070e+00
1.345072e+01,1.915342e+01
1.881722e+01,2.245291e+01
1.676486e+01,1.251895e+01
1.267046e+01,-1.457015e+00
2.175301e+01,2.089714e+01
1.424738e+01,1.059633e+01
9.170329e+00,2.024027e+01
2.052358e+01,6.192358e+00
8.353700e+00,3.975055e+00
1.481057e+01,1.609062e+01
2.146047e+01,1.857512e+01
1.058360e+01,7.350495e+00
1.996824e+01,2.892537e+01
1.510516e+01,1.123446e+01
1.130585e+01,1.707957e+01
2.432549e+01,8.476907e+00
2.078540e+01,2.170415e+01
1.986645e+01,1.423332e+01
1.112937e+01,3.899621e+00
1.287613e+01,1.187227e+01
1.354814e+01,2.817869e+01
1.802467e+01,1.518832e+01
9.581771e+00,-1.290234e+01
2.255968e+01,4.241370e+01
2.042329e+01,1.000808e+01
1.322471e+01,1.196302e+01
1.301642e+01,3.070383e+00
2.096613e+01,1.331453e+01
1.055927e+01,2.897931e+01
1.783495e+01,1.332873e+01
1.378468e+01,2.675729e+00
8.185463e+00,2.774443e+01
8.250779e+00,-4.442373e+00
1.899182e+01,3.740649e+00
8.632213e+00,-5.567604e+00
2.209575e+01,2.723946e+01
2.331718e+01,1.989007e+01
7.345509e+00,-1.665489e+00
1.580833e+01,1.217482e+01
1.043312e+01,1.695863e+01
1.322147e+01,-1.808819e+01
2.311338e+01,2.354374e+01
1.703444e+01,6.582433e+00
1.634950e+01,1.836368e+01
1.457476e+01,6.381178e+00
1.576259e+01,1.330224e+01
1.641571e+01,2.229368e+01
1.177230e+01,-8.118072e+00
2.181922e+01,1.900089e+01
1.081769e+01,4.290869e+00
2.366547e+01,2.199810e+00
9.838486e+00,1.815857e+01
1.038138e+01,2.244520e+01
2.462341e+01,2.483669e+01
2.074221e+01,2.359068e+01
8.527837e+00,2.311629e+01
2.279646e+01,2.945849e+00
2.456628e+01,3.218219e+00
1.764530e+01,4.586813e+00
2.102212e+01,3.885942e+01
2.012207e+01,1.070103e+01
2.313744e+01,2.375114e+01
1.439846e+01,-2.659423e+00
7.433332e+00,1.063907e+01
2.123016e+01,2.650340e-01
1.774655e+01,1.084012e+01
1.377668e+01,1.753772e+01
7.365296e+00,-1.510435e+00
2.152243e+01,2.133244e+01
1.663843e+01,1.666100e+01
1.485297e+01,3.766687e+01
1.253841e+01,1.821244e+01
1.881986e+01,1.570805e+01
2.497490e+01,3.684831e+01
2.256368e+01,3.101323e+01
1.782636e+01,1.515742e+01
1.281126e+01,-2.116812e+00
1.038497e+01,1.088245e+01
2.344950e+01,3.187739e+01
9.672286e+00,3.454426e+00
8.354625e+00,1.215622e+00
2.228416e+01,3.138301e+01
9.251335e+00,1.391060e+01
2.101407e+01,1.635014e+01
2.366093e+01,1.359071e+01
1.111107e+01,-1.107620e+00
1.884458e+01,8.614132e+00
1.705176e+01,2.053882e-01
2.056933e+01,2.677420e+01
1.005685e+01,3.487313e+01
9.185676e+00,8.486415e+00
1.343963e+01,4.228186e+00
8.584236e+00,1.496189e+01
7.416879e+00,1.365172e+01
1.491963e+01,7.563129e+00
1.782528e+01,1.426632e+01
1.659255e+01,4.795828e+00
1.310084e+01,1.309922e+01
9.286663e+00,1.605809e+01
1.557336e+01,1.423618e+01
2.122398e+01,2.774072e+01
1.824732e+01,3.303885e+00
1.661762e+01,5.584072e+00
1.975086e+01,9.063878e+00
2.475445e+01,3.110162e+01
7.279212e+00,-4.915589e-01
2.212662e+01,4.310656e+00
1.443456e+01,8.310587e-01
1.351795e+01,3.714207e+01
7.717668e+00,-4.180993e+00
7.207382e+00,7.157215e+00
1.005641e+01,1.148556e+01
8.862136e+00,1.325207e+01
9.375239e+00,-4.414251e+00
1.655014e+01,4.830850e+00
1.258057e+01,1.537622e+01
2.495953e+01,4.764286e+01
2.441843e+01,1.487792e+01
7.486165e+00,1.866980e+00
2.143504e+01,-3.963315e+00
1.383809e+01,-1.329836e+01
2.230426e+01,4.836177e+00
2.494295e+01,2.557660e+01
1.783199e+01,6.274231e-01
1.129555e+01,1.350614e+00
2.215391e+01,1.616439e+01
7.519711e+00,1.039212e+01
1.775459e+01,7.792864e+00
2.316709e+01,5.743129e-01
1.527079e+01,-9.771050e-01
1.746264e+01,2.533232e+01
1.975203e+01,2.171329e+01
2.247203e+01,2.414522e+01
1.202482e+01,1.250581e+01
8.642673e+00,2.092294e+01
1.974780e+01,2.023538e+01
1.090864e+01,1.570182e+01
2.075751e+01,2.606177e+01
2.170398e+01,2.487575e+01
1.797141e+01,2.904984e+01
2.103162e+01,4.205316e+00
1.309733e+01,7.868437e+00
1.646115e+01,1.093540e+01
1.624350e+01,2.616865e+01
2.431937e+01,1.891230e+01
1.740768e+01,2.800695e+01
1.386015e+01,1.250340e+01
1.072954e+01,1.985959e+00
1.365217e+01,2.830538e+00
2.147966e+01,-2.485808e+00
1.632114e+01,2.484505e+01
1.998112e+01,3.870452e+01
1.893336e+01,1.852812e+01
1.280234e+01,-1.015631e+01
2.367245e+01,1.382290e+01
8.902300e+00,1.300695e+01
2.114480e+01,-3.003073e+00
1.120392e+01,9.734787e+00
2.372714e+01,6.573105e+00
1.247440e+01,5.429162e+00
1.048631e+01,3.054619e+00
2.384471e+01,3.217610e+01
1.106336e+01,2.564158e+01
2.302868e+01,9.900346e+00
1.920041e+01,9.622065e+00
7.581681e+00,-2.305342e+01
8.115991e+00,6.049800e-01
1.948390e+01,7.705377e+00
2.456308e+01,2.466075e+01
1.746339e+01,1.762694e+01
1.632617e+01,1.290154e+01
7.295296e+00,4.210747e+00
9.323465e+00,8.136000e+00
1.231332e+01,-1.059241e+01
1.997587e+01,1.359021e+01
1.897397e+01,1.483384e+01
1.495943e+01,2.329471e+01
1.846492e+01,1.194679e+00
