5.376162e+00,7.127136e+00
1.118129e+01,6.429544e-01
3.728077e+00,2.613849e+00
1.123517e+01,-1.598767e+00
1.704527e+01,5.723501e+00
7.772066e+00,3.943081e+00
1.612109e+01,-6.317258e-01
1.851325e+01,7.016654e+00
1.738767e+01,4.439423e+00
1.160616e+01,3.695287e+00
1.076837e+01,6.617695e+00
1.983583e+01,6.440609e+00
1.274136e+01,5.041649e+00
5.005060e+00,1.005076e+00
1.966416e+01,5.852428e+00
1.828766e+01,-1.535331e+00
5.811019e+00,1.029566e+01
9.437831e+00,6.364783e+00
1.297568e+01,9.120861e+00
1.631252e+01,3.289339e+00
5.472974e+00,-1.787951e-01
3.860091e+00,3.754879e+00
6.585149e+00,9.999501e+00
1.438232e+01,1.361649e+01
1.361781e+01,6.725707e+00
8.060499e+00,7.007425e+00
1.314676e+01,6.436166e+00
1.426673e+01,4.217720e+00
1.001175e+01,3.286105e+00
1.297183e+01,1.734689e+00
1.194094e+01,-7.489317e+00
6.267959e+00,6.885759e+00
1.441593e+01,1.553669e+00
1.244034e+01,1.441777e+00
1.429748e+01,9.262796e+00
1.976008e+01,5.268016e-01
1.131103e+01,8.210086e+00
8.274363e+00,-3.707087e-01
7.661135e+00,8.909632e+00
3.338485e+00,3.959677e+00
4.633778e+00,2.305130e+00
1.827022e+01,6.933423e+00
1.926678e+01,-1.013439e+00
1.019548e+01,2.482815e+00
3.581398e+00,9.591997e+00
1.394159e+01,1.337268e+00
3.736220e+00,-8.156812e+00
9.066884e+00,8.636970e-01
1.452652e+01,1.546203e+00
8.659762e+00,1.881936e+00
1.424953e+01,4.286905e-01
6.301918e+00,1.813844e+00
1.851874e+01,9.786811e+00
1.601629e+01,5.346207e+00
9.351112e+00,7.978856e+00
4.047110e+00,8.200798e+00
1.999285e+01,1.668327e+01
1.809655e+01,3.167099e+00
6.180441e+00,5.855895e+00
1.939408e+01,5.579401e+00
4.246972e+00,6.905970e+00
1.365990e+01,1.422705e+01
1.648570e+01,8.347756e+00
6.197338e+00,5.762804e+00
1.568551e+01,6.285551e+00
1.884100e+01,-3.994616e-01
9.409010e+00,1.162707e+01
8.672954e+00,1.733696e+00
1.128501e+01,-3.836747e+00
8.203788e+00,-1.353208e+00
7.173860e+00,7.973782e+00
1.802374e+01,6.457415e+00
1.106486e+01,-2.920002e+00
7.295825e+00,1.755553e+00
7.672676e+00,3.673049e+00
9.029894e+00,1.156577e+00
1.121511e+01,8.403694e-01
1.538671e+01,7.181395e+00
1.470739e+01,9.233781e+00
3.153374e+00,8.172769e+00
8.771372e+00,2.057880e+00
3.713851e+00,5.464532e+00
1.128200e+01,8.247937e+00
1.912876e+01,1.424270e+00
1.861931e+01,-4.681578e-01
1.140146e+01,-7.546873e-01
1.224478e+01,7.355678e+00
3.417694e+00,-2.486440e+00
1.296167e+01,4.530538e+00
1.803538e+01,8.886669e+00
6.634708e+00,1.213578e+00
1.570908e+01,3.351646e-01
9.615782e+00,5.231563e+00
4.456569e+00,3.308394e+00
4.601308e+00,6.770227e+00
1.899474e+01,6.613409e+00
4.200909e+00,1.244579e+00
1.491794e+01,1.222572e+01
1.218525e+01,6.717720e+00
8.748388e+00,8.161458e+00
1.923223e+01,8.328086e+00
1.947068e+01,1.298435e+01
1.996600e+01,5.495157e+00
1.997498e+01,6.604281e+00
1.029395e+01,2.080286e+00
1.695230e+01,5.359831e+00
1.819664e+01,1.569195e+01
1.274501e+01,-1.814418e+00
8.563119e+00,6.222072e+00
1.906647e+01,-2.274974e+00
1.106908e+01,2.330750e+00
1.262898e+01,1.193633e+01
5.563528e+00,3.531077e+00
1.656842e+01,3.525748e+00
1.086964e+01,1.248139e+01
1.345054e+01,2.600059e+00
5.753482e+00,-2.687712e+00
1.673507e+01,5.538685e+00
9.346272e+00,9.999821e+00
1.791270e+01,-5.358062e+00
1.272183e+01,5.866063e+00
7.831319e+00,1.342460e+01
7.924618e+00,5.718536e+00
9.872995e+00,2.212422e+00
3.046783e+00,8.098199e+00
3.973074e+00,1.629208e+01
3.697941e+00,2.113691e+00
8.411060e+00,3.598740e+00
1.729972e+01,8.361892e+00
1.236290e+01,6.558463e+00
1.902785e+01,7.060103e+00
1.393253e+01,1.284573e+01
1.832847e+01,9.906143e+00
1.237592e+01,9.272470e+00
1.372747e+01,8.545135e+00
1.147723e+01,5.958286e+00
1.860485e+01,7.695749e+00
1.974884e+01,9.021502e+00
1.130196e+01,-3.750880e+00
1.452763e+01,6.022223e+00
1.537550e+01,8.583096e+00
1.475190e+01,3.198047e+00
3.225406e+00,1.036763e+01
1.298697e+01,5.742086e+00
1.367655e+01,1.900056e+00
9.414507e+00,4.704965e+00
5.903843e+00,3.006411e+00
1.174792e+01,7.540182e+00
3.952528e+00,5.292066e+00
1.600524e+01,9.166418e+00
1.001625e+01,2.793064e+00
1.342081e+01,-8.430272e-01
8.038621e+00,4.540243e+00
1.296874e+01,1.275875e+01
1.616261e+01,5.935287e-01
1.023185e+01,8.177336e+00
1.746206e+01,5.128519e+00
1.241733e+01,-3.739439e+00
5.659213e+00,3.915394e+00
1.119220e+01,7.107281e+00
1.808335e+01,1.145581e-01
1.124923e+01,4.612104e+00
3.248620e+00,-8.282601e-01
9.923669e+00,3.692667e+00
6.140135e+00,-5.804762e+00
9.592643e+00,1.091665e+01
1.503897e+01,7.970107e+00
1.826386e+01,6.508818e+00
1.205679e+01,3.480516e+00
5.048937e+00,1.418759e+00
1.887125e+01,2.012410e+00
4.380026e+00,1.730510e-01
1.350284e+01,4.560195e+00
6.089426e+00,6.021016e+00
7.090459e+00,8.121969e-01
1.743774e+01,-4.642360e-01
1.475681e+01,5.795651e+00
1.141690e+01,3.392900e+00
1.030399e+01,5.353655e+00
1.345231e+01,3.911511e+00
1.310253e+01,5.283345e+00
6.581278e+00,5.308246e+00
1.981768e+01,9.758937e-01
1.608184e+01,-2.693283e+00
9.866437e+00,6.253306e+00
1.394941e+01,6.756808e+00
3.163757e+00,8.809779e-01
1.323047e+01,-2.207799e+00
3.768956e+00,4.978905e+00
4.300034e+00,5.551403e+00
1.317485e+01,-2.707448e+00
6.316700e+00,5.495188e+00
4.916691e+00,4.736905e+00
1.845138e+01,1.042908e+01
1.912623e+01,9.108944e-02
3.105513e+00,1.318231e+00
1.272241e+01,3.658390e-01
1.138422e+01,2.825933e-01
1.165694e+01,9.171538e+00
8.678476e+00,2.652310e+00
