1.000000e+00,1.703427e+01,1.906901e+00
1.000000e+00,6.032457e+00,1.706710e+00
1.000000e+00,5.157699e+00,7.561451e-01
1.000000e+00,2.232032e+01,-6.266160e-01
1.000000e+00,2.425308e+01,1.021961e+00
1.000000e+00,5.402375e+00,1.332204e+00
1.000000e+00,2.481777e+01,1.679251e+00
1.000000e+00,1.243181e+01,3.495023e+00
1.000000e+00,1.523165e+01,7.876622e-01
1.000000e+00,1.678735e+01,2.432614e+00
1.000000e+00,2.296143e+01,1.122857e+00
1.000000e+00,5.370360e+00,1.533959e+00
1.000000e+00,7.711568e+00,-3.675894e-01
1.000000e+00,8.217447e+00,3.438144e-02
1.000000e+00,1.437167e+01,6.428600e-01
1.000000e+00,6.407295e+00,1.535833e+00
1.000000e+00,1.546935e+01,1.189540e+00
1.000000e+00,1.976703e+01,1.562912e+00
1.000000e+00,1.519091e+01,1.123850e-01
1.000000e+00,7.434846e+00,1.271177e+00
1.000000e+00,2.004629e+01,1.300330e+00
1.000000e+00,2.499613e+01,3.186549e+00
1.000000e+00,7.490143e+00,1.669643e+00
1.000000e+00,2.059298e+01,4.969593e-01
1.000000e+00,2.114073e+01,1.663069e+00
1.000000e+00,1.996890e+01,9.168052e-01
1.000000e+00,1.328715e+01,-2.027706e+00
1.000000e+00,2.049796e+01,1.320127e+00
1.000000e+00,1.207344e+01,9.589332e-01
1.000000e+00,5.849010e+00,1.085179e+00
1.000000e+00,5.996841e+00,1.251251e+00
1.000000e+00,1.334042e+01,1.668507e+00
1.000000e+00,6.229530e+00,6.088623e-01
1.000000e+00,1.796582e+01,2.375631e+00
1.000000e+00,8.524239e+00,-9.382009e-01
1.000000e+00,1.163428e+01,2.785011e+00
1.000000e+00,1.258692e+01,2.971942e+00
1.000000e+00,2.416549e+01,1.005752e+00
1.000000e+00,8.036223e+00,2.792784e-01
1.000000e+00,1.389520e+01,1.329424e+00
1.000000e+00,1.613813e+01,8.909179e-02
1.000000e+00,7.927123e+00,6.893388e-01
1.000000e+00,2.035697e+01,-1.167616e+00
1.000000e+00,2.440705e+01,-5.112770e-01
1.000000e+00,1.787929e+01,3.883749e+00
1.000000e+00,5.165399e+00,6.397279e-02
1.000000e+00,2.413856e+01,1.109330e+00
1.000000e+00,1.087536e+01,-6.418915e-01
1.000000e+00,1.376214e+01,-1.797057e+00
1.000000e+00,2.187473e+01,2.395615e+00
1.000000e+00,1.849238e+01,2.012397e+00
1.000000e+00,6.266436e+00,-2.189815e+00
1.000000e+00,2.478041e+01,1.728018e+00
1.000000e+00,1.304705e+01,1.745793e+00
1.000000e+00,2.114825e+01,1.030086e+00
1.000000e+00,1.107131e+01,7.402233e-01
1.000000e+00,8.319894e+00,4.958128e-01
1.000000e+00,2.165446e+01,8.758689e-01
1.000000e+00,2.253950e+01,1.491839e+00
1.000000e+00,1.069143e+01,1.615270e+00
1.000000e+00,1.678157e+01,6.904105e-01
1.000000e+00,2.061591e+01,2.868640e+00
1.000000e+00,5.534201e+00,4.291529e-01
1.000000e+00,1.963229e+01,1.326476e+00
1.000000e+00,2.170599e+01,5.947557e-01
1.000000e+00,1.978631e+01,6.992638e-01
1.000000e+00,1.059489e+01,2.144770e+00
1.000000e+00,1.481362e+01,1.687166e+00
1.000000e+00,1.017735e+01,7.653121e-01
1.000000e+00,1.233984e+01,1.137785e+00
1.000000e+00,2.155352e+01,1.245430e+00
1.000000e+00,1.075940e+01,6.289693e-01
1.000000e+00,1.038169e+01,1.886061e+00
1.000000e+00,6.401466e+00,-3.275116e-01
1.000000e+00,1.435299e+01,7.323882e-03
1.000000e+00,6.655428e+00,1.020026e+00
1.000000e+00,2.196825e+01,2.166482e+00
1.000000e+00,1.198772e+01,1.947184e+00
1.000000e+00,8.404964e+00,2.027260e-01
1.000000e+00,2.129104e+01,1.602612e+00
1.000000e+00,9.053501e+00,6.652646e-01
1.000000e+00,1.912885e+01,1.404793e+00
1.000000e+00,1.336639e+01,2.207180e+00
1.000000e+00,1.763361e+01,1.265803e+00
1.000000e+00,1.802017e+01,9.075664e-01
1.000000e+00,1.816169e+01,4.441843e-01
1.000000e+00,7.333298e+00,-2.834728e-01
1.000000e+00,9.247901e+00,-4.970192e-01
1.000000e+00,1.781217e+01,2.397766e+00
1.000000e+00,6.314980e+00,4.000133e-01
1.000000e+00,1.689519e+01,5.924025e-01
1.000000e+00,2.407586e+01,1.278209e+00
1.000000e+00,1.793802e+01,2.156246e+00
1.000000e+00,1.616637e+01,1.000911e+00
1.000000e+00,2.192418e+01,3.167372e-01
1.000000e+00,1.425558e+01,-8.556874e-02
1.000000e+00,1.765673e+01,1.760826e+00
1.000000e+00,7.677644e+00,6.893161e-01
1.000000e+00,1.617156e+01,-3.752843e-02
1.000000e+00,9.794798e+00,-7.258076e-01
1.000000e+00,1.799871e+01,1.470040e+00
1.000000e+00,2.426334e+01,3.290532e+00
1.000000e+00,8.172021e+00,9.201217e-01
1.000000e+00,1.383389e+01,2.542642e+00
1.000000e+00,6.618843e+00,1.941712e-01
1.000000e+00,1.140948e+01,7.441359e-01
1.000000e+00,8.557386e+00,-3.260708e-01
1.000000e+00,2.064030e+01,1.340958e+00
1.000000e+00,5.703429e+00,1.353759e+00
1.000000e+00,1.316794e+01,1.637151e+00
1.000000e+00,8.864338e+00,8.851229e-02
1.000000e+00,1.276278e+01,-2.315104e-01
1.000000e+00,6.266420e+00,2.271292e+00
1.000000e+00,1.080066e+01,8.891245e-01
1.000000e+00,7.454691e+00,-4.539089e-01
1.000000e+00,2.067346e+01,1.393061e+00
1.000000e+00,1.201211e+01,-3.211737e-01
1.000000e+00,8.001400e+00,2.019734e+00
1.000000e+00,2.038290e+01,1.430743e+00
1.000000e+00,8.488163e+00,2.582892e+00
1.000000e+00,1.943936e+01,2.108833e+00
1.000000e+00,2.067338e+01,2.091405e+00
1.000000e+00,1.952307e+01,5.279054e-02
1.000000e+00,1.373695e+01,5.335021e-01
1.000000e+00,1.170166e+01,1.129358e+00
1.000000e+00,1.997647e+01,9.525902e-01
1.000000e+00,1.156540e+01,1.260659e+00
1.000000e+00,6.033454e+00,8.476824e-01
1.000000e+00,1.616260e+01,-4.407683e-01
1.000000e+00,9.056951e+00,1.569470e+00
1.000000e+00,2.303172e+01,1.349565e+00
1.000000e+00,1.074468e+01,1.251811e+00
1.000000e+00,1.869091e+01,1.171183e+00
1.000000e+00,1.288041e+01,3.368311e+00
1.000000e+00,5.200687e+00,9.083615e-02
1.000000e+00,9.150076e+00,1.059700e+00
1.000000e+00,7.565948e+00,6.115099e-01
1.000000e+00,1.837097e+01,1.891817e+00
1.000000e+00,2.026125e+01,9.408873e-01
1.000000e+00,8.775578e+00,-1.623140e-01
1.000000e+00,5.079839e+00,5.807316e-01
1.000000e+00,8.053645e+00,2.583633e+00
1.000000e+00,1.407701e+01,1.583860e+00
1.000000e+00,1.823553e+01,2.176117e+00
1.000000e+00,2.336595e+01,2.443917e+00
1.000000e+00,1.313639e+01,-7.594467e-01
1.000000e+00,1.810766e+01,1.308760e+00
1.000000e+00,5.706903e+00,8.525897e-01
1.000000e+00,1.919582e+01,1.581824e+00
1.000000e+00,1.213768e+01,4.903292e-02
1.000000e+00,1.745789e+01,1.250177e+00
1.000000e+00,1.881225e+01,1.625291e+00
1.000000e+00,1.038430e+01,3.440767e+00
1.000000e+00,2.150003e+01,8.102078e-01
1.000000e+00,2.441233e+01,1.348113e+00
1.000000e+00,2.256808e+01,1.455495e+00
1.000000e+00,2.088709e+01,1.066969e+00
1.000000e+00,2.245112e+01,1.938452e+00
1.000000e+00,2.238523e+01,1.244294e+00
1.000000e+00,2.003323e+01,3.931006e-01
1.000000e+00,9.861180e+00,1.425706e+00
1.000000e+00,1.473307e+01,1.150151e+00
1.000000e+00,1.966558e+01,1.028728e+00
1.000000e+00,2.382205e+01,-3.077659e-01
1.000000e+00,1.458850e+01,-1.137671e-01
1.000000e+00,2.456800e+01,3.699244e-01
1.000000e+00,1.802033e+01,1.570912e+00
1.000000e+00,1.077182e+01,1.299866e+00
1.000000e+00,2.415671e+01,-6.209931e-02
1.000000e+00,1.695992e+01,1.758571e+00
1.000000e+00,1.366053e+01,2.116572e+00
1.000000e+00,1.476188e+01,-1.193808e-01
1.000000e+00,7.251465e+00,2.091879e+00
1.000000e+00,2.294954e+01,-6.466658e-01
1.000000e+00,1.777646e+01,7.265610e-01
1.000000e+00,1.248275e+01,-3.868574e-01
1.000000e+00,8.073561e+00,-5.335874e-01
1.000000e+00,9.625832e+00,1.327480e+00
1.000000e+00,2.064008e+01,2.454838e+00
1.000000e+00,1.630138e+01,6.332363e-01
1.000000e+00,2.144907e+01,1.302104e+00
1.000000e+00,2.157471e+01,1.241853e+00
1.000000e+00,2.128148e+01,7.870999e-01
1.000000e+00,1.998511e+01,2.046105e+00
1.000000e+00,7.077798e+00,1.947483e+00
1.000000e+00,6.833312e+00,1.208512e+00
1.000000e+00,5.397963e+00,2.205656e+00
1.000000e+00,2.425191e+01,5.474236e-01
1.000000e+00,5.766175e+00,1.464783e+00
1.000000e+00,2.134704e+01,1.881245e+00
1.000000e+00,8.041702e+00,2.950377e-01
1.000000e+00,2.235654e+01,-5.702068e-01
1.000000e+00,6.178043e+00,8.046135e-01
1.000000e+00,6.368928e+00,1.151276e+00
1.000000e+00,1.778642e+01,1.606054e+00
1.000000e+00,1.670823e+01,3.593240e-01
1.000000e+00,1.315344e+01,2.139947e+00
1.000000e+00,1.224316e+01,1.928130e+00
1.000000e+00,1.495418e+01,1.348287e+00
1.000000e+00,1.795790e+01,2.687425e+00
