1.000000e+00,1.028499e+01,2.679637e+00
1.000000e+00,1.589568e+01,-1.415326e+00
1.000000e+00,1.742206e+01,1.654513e+01
1.000000e+00,1.262795e+01,2.249494e+01
1.000000e+00,1.105332e+01,9.875365e+00
1.000000e+00,1.377850e+01,2.156119e+01
1.000000e+00,1.923137e+01,3.741396e+01
1.000000e+00,1.211221e+01,2.079754e+01
1.000000e+00,1.741296e+01,1.703250e+01
1.000000e+00,1.027634e+01,3.039477e+01
1.000000e+00,1.831191e+01,-1.779907e+00
1.000000e+00,1.923869e+01,1.055707e+01
1.000000e+00,1.685324e+01,-6.101835e+00
1.000000e+00,1.914309e+01,2.292203e+00
1.000000e+00,1.955310e+01,2.864484e+01
1.000000e+00,1.745556e+01,1.550781e+01
1.000000e+00,9.706509e+00,1.094640e+00
1.000000e+00,9.278392e+00,-4.169270e+00
1.000000e+00,1.881451e+01,1.460609e+01
1.000000e+00,1.569808e+01,4.198894e+01
1.000000e+00,1.791402e+01,2.093149e+01
1.000000e+00,1.219383e+01,2.056352e+00
1.000000e+00,1.771656e+01,3.833067e+01
1.000000e+00,1.935842e+01,3.510689e+01
1.000000e+00,1.611218e+01,-3.472957e+01
1.000000e+00,1.256718e+01,-6.406389e+00
1.000000e+00,1.602596e+01,2.008661e+01
1.000000e+00,1.014588e+01,3.193737e+01
1.000000e+00,1.808823e+01,1.924467e+01
1.000000e+00,1.297719e+01,1.531631e+01
1.000000e+00,1.660547e+01,1.655289e+01
1.000000e+00,1.149373e+01,1.227236e+00
1.000000e+00,1.579220e+01,-3.714342e+00
1.000000e+00,9.342700e+00,9.296330e+00
1.000000e+00,1.244451e+01,1.148236e+01
1.000000e+00,1.430184e+01,2.412816e+01
1.000000e+00,1.690856e+01,1.338128e+01
1.000000e+00,9.942052e+00,1.758401e+01
1.000000e+00,1.356661e+01,4.472649e+00
1.000000e+00,1.991616e+01,1.739451e+01
1.000000e+00,1.559644e+01,1.042000e+00
1.000000e+00,9.994623e+00,-5.986506e+00
1.000000e+00,1.617268e+01,1.262513e+01
1.000000e+00,1.618273e+01,2.151737e+01
1.000000e+00,9.750251e+00,2.516796e+01
1.000000e+00,9.435482e+00,2.895410e+01
1.000000e+00,1.676640e+01,-3.390343e+00
1.000000e+00,1.053369e+01,7.134528e+00
1.000000e+00,1.214485e+01,4.490041e+00
1.000000e+00,1.086807e+01,8.857816e+00
1.000000e+00,1.052542e+01,-7.826110e+00
1.000000e+00,1.512240e+01,1.472749e+01
1.000000e+00,1.381269e+01,5.583510e-01
1.000000e+00,1.183527e+01,1.530033e+01
1.000000e+00,1.837377e+01,2.905517e+01
1.000000e+00,1.981695e+01,2.060199e+01
1.000000e+00,1.552897e+01,4.071989e+00
1.000000e+00,1.428301e+01,-4.316172e+00
1.000000e+00,1.292515e+01,1.518664e+01
1.000000e+00,1.746623e+01,2.721201e+01
1.000000e+00,1.403341e+01,-3.677275e+00
1.000000e+00,1.450631e+01,1.568420e+01
1.000000e+00,1.740263e+01,3.599971e+00
1.000000e+00,1.980807e+01,2.171152e-01
1.000000e+00,1.361554e+01,-1.058174e+01
1.000000e+00,1.625294e+01,1.370889e+01
1.000000e+00,1.377268e+01,4.367856e+00
1.000000e+00,1.236154e+01,1.165435e+01
1.000000e+00,1.439468e+01,8.553153e+00
1.000000e+00,1.239210e+01,8.500899e+00
1.000000e+00,1.293784e+01,2.040006e+01
1.000000e+00,1.719473e+01,-2.539159e+00
1.000000e+00,1.166133e+01,1.965940e+01
1.000000e+00,9.880417e+00,1.185516e+01
1.000000e+00,1.227077e+01,-1.433158e+01
1.000000e+00,1.903806e+01,3.237683e+01
1.000000e+00,1.060932e+01,8.278248e+00
1.000000e+00,1.414109e+01,1.685335e+01
1.000000e+00,1.664903e+01,3.091816e+01
1.000000e+00,1.977891e+01,1.830849e+01
1.000000e+00,1.836008e+01,1.239212e+01
1.000000e+00,1.351531e+01,6.367387e+00
1.000000e+00,1.265466e+01,2.140404e+01
1.000000e+00,1.452004e+01,1.248777e+01
1.000000e+00,9.619578e+00,8.355185e+00
1.000000e+00,1.943155e+01,1.872299e+01
1.000000e+00,1.553410e+01,2.214977e+01
1.000000e+00,1.293627e+01,4.661019e+00
1.000000e+00,1.120607e+01,2.876542e+01
1.000000e+00,1.993012e+01,1.978510e+01
1.000000e+00,1.804074e+01,-5.522149e+00
1.000000e+00,1.172249e+01,9.683398e+00
1.000000e+00,1.539939e+01,1.399511e+01
1.000000e+00,1.593923e+01,2.836242e+01
1.000000e+00,1.805062e+01,2.078045e+00
1.000000e+00,1.014401e+01,9.180495e+00
1.000000e+00,1.847789e+01,8.446395e-01
1.000000e+00,1.368151e+01,-1.730549e+00
1.000000e+00,1.933124e+01,1.348999e+01
1.000000e+00,1.675714e+01,1.421384e+01
1.000000e+00,1.865068e+01,1.332403e+01
1.000000e+00,1.502855e+01,1.546971e+01
1.000000e+00,9.324545e+00,4.049508e+00
1.000000e+00,1.521081e+01,1.929196e+01
1.000000e+00,1.317259e+01,9.068315e+00
1.000000e+00,1.976311e+01,1.611269e+01
1.000000e+00,1.448540e+01,2.116891e+01
1.000000e+00,1.047220e+01,2.946227e+01
1.000000e+00,1.367882e+01,-1.708184e+00
1.000000e+00,1.011999e+01,-3.072204e+00
1.000000e+00,9.209415e+00,2.299860e+00
1.000000e+00,1.598679e+01,9.172954e+00
1.000000e+00,9.058110e+00,-1.789780e+00
1.000000e+00,9.886387e+00,5.413676e+00
1.000000e+00,1.853280e+01,2.943170e+01
1.000000e+00,1.617422e+01,-1.260757e+00
1.000000e+00,1.887113e+01,5.941134e+00
1.000000e+00,1.806079e+01,1.084684e+01
1.000000e+00,1.104560e+01,1.787682e+01
1.000000e+00,1.148513e+01,-3.561287e+00
1.000000e+00,1.254562e+01,1.143860e+01
1.000000e+00,1.091185e+01,-1.551329e+00
1.000000e+00,1.142867e+01,2.238327e+01
1.000000e+00,1.216648e+01,-8.725527e+00
1.000000e+00,1.618869e+01,1.495316e+01
1.000000e+00,1.095308e+01,2.239737e+01
1.000000e+00,1.394926e+01,8.781619e+00
1.000000e+00,1.352231e+01,5.525335e+00
1.000000e+00,1.107676e+01,-4.019652e+00
1.000000e+00,9.664737e+00,1.851142e+01
1.000000e+00,1.311911e+01,1.659519e+01
1.000000e+00,1.529115e+01,4.733401e-01
1.000000e+00,1.755975e+01,1.437467e+01
1.000000e+00,1.632121e+01,1.640531e+01
1.000000e+00,1.490501e+01,1.685059e+01
1.000000e+00,1.366628e+01,2.475549e+01
1.000000e+00,1.609190e+01,3.087864e+01
1.000000e+00,1.599011e+01,2.902206e+01
1.000000e+00,1.048546e+01,3.552787e+01
1.000000e+00,1.638304e+01,3.335984e+01
1.000000e+00,1.555588e+01,1.969606e+01
1.000000e+00,1.757657e+01,2.048918e+01
1.000000e+00,1.719488e+01,8.510508e+00
1.000000e+00,1.396845e+01,-1.273783e+00
1.000000e+00,1.574027e+01,-5.285013e+00
1.000000e+00,1.298521e+01,3.220481e+01
1.000000e+00,1.764648e+01,6.791034e+00
1.000000e+00,1.074376e+01,1.326531e+01
1.000000e+00,1.774392e+01,2.655613e+01
1.000000e+00,1.353990e+01,1.622624e+01
1.000000e+00,1.866502e+01,-5.956966e+00
1.000000e+00,1.020074e+01,2.687713e+01
1.000000e+00,9.127173e+00,9.378661e+00
1.000000e+00,1.032585e+01,1.758399e+01
1.000000e+00,1.167225e+01,4.223863e+01
1.000000e+00,1.609260e+01,-5.556652e+00
1.000000e+00,9.237614e+00,2.669004e+01
1.000000e+00,1.235402e+01,5.602131e+00
1.000000e+00,1.614566e+01,1.388046e+00
1.000000e+00,1.966253e+01,1.585909e+01
1.000000e+00,1.298072e+01,1.837060e+01
1.000000e+00,1.761774e+01,1.301442e+01
1.000000e+00,9.232675e+00,-3.304555e+00
1.000000e+00,1.841353e+01,2.562095e+01
1.000000e+00,1.870340e+01,1.426672e+01
1.000000e+00,1.239773e+01,-4.112321e+01
1.000000e+00,9.310844e+00,-4.178056e+00
1.000000e+00,1.179607e+01,1.238775e+01
1.000000e+00,1.370037e+01,1.766926e+01
1.000000e+00,1.948321e+01,-5.146403e+00
1.000000e+00,1.755974e+01,3.156858e+01
1.000000e+00,1.240347e+01,2.491750e+01
1.000000e+00,1.574071e+01,2.502626e+01
1.000000e+00,1.050247e+01,7.136147e+00
1.000000e+00,9.344348e+00,1.128077e+01
1.000000e+00,1.649021e+01,1.046805e+01
1.000000e+00,1.949126e+01,8.216780e+00
1.000000e+00,1.194760e+01,9.161482e+00
1.000000e+00,1.311104e+01,1.321420e+01
1.000000e+00,1.738785e+01,4.083890e+01
1.000000e+00,1.508881e+01,1.313457e+01
1.000000e+00,1.715074e+01,-8.140424e+00
1.000000e+00,1.573804e+01,9.587652e+00
1.000000e+00,9.338336e+00,1.014570e+01
1.000000e+00,1.584403e+01,2.892265e+01
1.000000e+00,1.955648e+01,1.356992e+01
1.000000e+00,1.057893e+01,1.262639e+01
1.000000e+00,1.278436e+01,-3.386335e+00
1.000000e+00,1.488419e+01,-6.036700e+00
1.000000e+00,1.398371e+01,5.694755e+00
1.000000e+00,1.140756e+01,8.340719e+00
1.000000e+00,1.737963e+01,2.570352e+01
1.000000e+00,1.172207e+01,1.148518e+01
1.000000e+00,1.032811e+01,-1.200587e+01
1.000000e+00,1.505775e+01,2.889504e+01
1.000000e+00,1.752050e+01,5.279899e+00
1.000000e+00,1.658425e+01,-1.577575e-01
1.000000e+00,1.710067e+01,1.143052e+01
1.000000e+00,1.506982e+01,1.979091e+01
1.000000e+00,1.411580e+01,7.728486e+00
