1.253780e+01,-8.240000e-02
9.611800e+00,3.419000e-01
1.845580e+01,5.433000e-01
1.709410e+01,-2.850000e-02
1.907390e+01,3.412000e-01
2.425550e+01,-6.700000e-03
1.998290e+01,2.941000e-01
2.007780e+01,3.949000e-01
1.980050e+01,3.622000e-01
2.171970e+01,1.712000e-01
1.129030e+01,8.297000e-01
1.697560e+01,2.862000e-01
1.390490e+01,5.420000e-02
1.680230e+01,1.485000e-01
1.034210e+01,4.755000e-01
1.416580e+01,1.035000e-01
7.570200e+00,2.523000e-01
8.245000e+00,8.140000e-02
1.110420e+01,3.099000e-01
2.359190e+01,1.430000e-01
1.419350e+01,2.665000e-01
8.385900e+00,-1.000000e-03
2.029410e+01,3.711000e-01
2.010070e+01,5.313000e-01
1.478420e+01,2.610000e-02
2.415110e+01,6.014000e-01
6.326500e+00,3.286000e-01
7.243400e+00,1.265000e-01
5.304700e+00,4.770000e-01
2.272460e+01,6.980000e-01
2.247020e+01,6.057000e-01
1.927910e+01,5.659000e-01
1.545260e+01,-2.882000e-01
7.342300e+00,-1.827000e-01
1.688430e+01,1.248000e-01
2.112630e+01,5.991000e-01
1.147640e+01,1.670000e-02
2.448760e+01,-6.750000e-02
1.667520e+01,-1.536000e-01
7.400400e+00,6.115000e-01
5.699400e+00,6.126000e-01
1.703520e+01,2.224000e-01
1.281400e+01,1.082600e+00
2.045170e+01,8.952000e-01
1.318210e+01,5.963000e-01
6.569900e+00,9.130000e-02
1.133190e+01,2.641000e-01
1.402600e+01,6.216000e-01
1.712870e+01,3.695000e-01
1.540490e+01,3.291000e-01
1.199820e+01,3.397000e-01
5.962500e+00,6.110000e-02
2.333300e+01,6.258000e-01
7.066400e+00,6.024000e-01
2.048460e+01,4.237000e-01
1.125020e+01,2.579000e-01
1.340160e+01,2.803000e-01
1.528440e+01,2.583000e-01
5.839600e+00,4.840000e-01
1.567910e+01,7.592000e-01
5.128600e+00,1.200000e-03
1.132630e+01,1.352000e-01
2.145850e+01,2.194000e-01
2.125180e+01,5.637000e-01
1.476920e+01,3.600000e-02
2.194220e+01,2.261000e-01
5.642600e+00,8.600000e-03
1.202260e+01,2.803000e-01
1.785220e+01,1.278000e-01
1.161700e+01,2.423000e-01
1.113110e+01,8.560000e-02
8.579900e+00,4.086000e-01
1.402220e+01,7.173000e-01
1.801620e+01,7.009000e-01
2.097520e+01,5.646000e-01
2.240750e+01,6.368000e-01
7.790400e+00,3.275000e-01
2.147470e+01,2.590000e-01
1.874570e+01,1.308000e-01
1.964640e+01,2.435000e-01
1.056640e+01,1.196000e-01
6.582200e+00,-4.420000e-02
2.085770e+01,4.187000e-01
2.201060e+01,4.814000e-01
1.620180e+01,3.258000e-01
2.345620e+01,5.990000e-02
1.206610e+01,2.683000e-01
1.295590e+01,4.441000e-01
1.644730e+01,-1.768000e-01
1.503850e+01,2.717000e-01
1.359800e+01,1.320000e-01
5.925600e+00,2.936000e-01
1.950100e+01,2.920000e-02
2.176740e+01,1.714000e-01
2.037370e+01,5.260000e-01
1.030660e+01,4.939000e-01
1.077500e+01,5.663000e-01
1.744350e+01,-2.544000e-01
2.128290e+01,-1.855000e-01
9.248100e+00,1.312000e-01
1.026430e+01,-1.223000e-01
1.522690e+01,2.314000e-01
1.038380e+01,2.802000e-01
2.434300e+01,6.030000e-02
6.909400e+00,-7.250000e-02
1.379250e+01,6.893000e-01
1.276190e+01,4.436000e-01
1.861170e+01,2.696000e-01
2.356830e+01,5.693000e-01
7.645800e+00,-7.190000e-02
1.581610e+01,6.200000e-01
6.321600e+00,6.377000e-01
1.582180e+01,2.200000e-03
1.361700e+01,7.287000e-01
5.058100e+00,-1.328000e-01
1.648930e+01,8.850000e-02
2.176290e+01,-6.264000e-01
1.686260e+01,3.493000e-01
1.710140e+01,3.621000e-01
1.435070e+01,2.785000e-01
1.454100e+01,4.080000e-01
1.119660e+01,2.719000e-01
1.635540e+01,-1.015000e-01
1.057860e+01,-7.490000e-02
2.276950e+01,6.430000e-01
6.152800e+00,-7.560000e-02
1.353330e+01,4.528000e-01
1.446970e+01,2.192000e-01
5.827300e+00,6.333000e-01
1.305900e+01,-3.112000e-01
2.231160e+01,3.685000e-01
1.535020e+01,5.183000e-01
2.452220e+01,3.580000e-02
1.876380e+01,2.305000e-01
2.217210e+01,1.954000e-01
2.251260e+01,4.898000e-01
8.689600e+00,1.349000e-01
1.699650e+01,4.068000e-01
8.768800e+00,1.698000e-01
1.086950e+01,5.547000e-01
1.297270e+01,-8.350000e-02
2.060280e+01,7.200000e-01
2.498170e+01,4.603000e-01
8.165800e+00,2.131000e-01
1.236950e+01,3.075000e-01
1.280800e+01,3.450000e-01
7.943300e+00,1.341000e-01
1.092370e+01,-2.510000e-02
6.237400e+00,2.288000e-01
1.225120e+01,8.790000e-02
8.374400e+00,3.799000e-01
9.320700e+00,-1.036000e-01
2.070000e+01,6.440000e-01
1.735060e+01,6.768000e-01
1.249740e+01,4.669000e-01
1.510550e+01,1.054200e+00
9.844400e+00,3.026000e-01
1.362610e+01,5.130000e-02
1.880950e+01,2.390000e-01
1.789850e+01,-1.833000e-01
2.216830e+01,-6.520000e-02
1.438250e+01,3.548000e-01
1.859270e+01,4.616000e-01
2.271930e+01,-9.660000e-02
2.305890e+01,7.081000e-01
1.696350e+01,1.951000e-01
1.253720e+01,6.912000e-01
2.333070e+01,3.685000e-01
1.472600e+01,9.710000e-02
2.252740e+01,7.325000e-01
1.833240e+01,2.277000e-01
2.471460e+01,7.074000e-01
7.457500e+00,3.240000e-01
1.630530e+01,7.200000e-03
5.044900e+00,8.990000e-02
8.215200e+00,4.826000e-01
1.722310e+01,7.430000e-02
1.204080e+01,1.831000e-01
2.101390e+01,3.365000e-01
1.781640e+01,3.060000e-01
2.131540e+01,3.654000e-01
2.188920e+01,6.383000e-01
1.075420e+01,-6.690000e-02
1.411160e+01,3.369000e-01
1.698760e+01,1.595000e-01
2.046490e+01,2.886000e-01
2.459110e+01,4.312000e-01
1.213070e+01,4.546000e-01
6.613300e+00,5.245000e-01
1.576240e+01,5.739000e-01
2.441960e+01,1.500000e-01
1.816340e+01,3.840000e-02
1.239400e+01,2.599000e-01
2.111460e+01,4.442000e-01
1.235420e+01,3.832000e-01
1.514880e+01,5.367000e-01
1.099850e+01,1.506000e-01
5.122300e+00,3.069000e-01
2.063740e+01,5.069000e-01
9.122800e+00,4.099000e-01
