1.000000e+00,1.629770e+01,9.976149e+00
1.000000e+00,1.353214e+01,7.412488e+00
1.000000e+00,1.598161e+01,7.859006e-01
1.000000e+00,9.097313e+00,1.116034e+01
1.000000e+00,1.979981e+01,1.116851e+01
1.000000e+00,1.897193e+01,8.353296e+00
1.000000e+00,1.954201e+01,1.515161e+01
1.000000e+00,1.212300e+01,1.113367e+01
1.000000e+00,9.221178e+00,8.859411e+00
1.000000e+00,1.300649e+01,2.959964e+00
1.000000e+00,1.086698e+01,1.196815e+01
1.000000e+00,1.050020e+01,1.331948e+01
1.000000e+00,1.304204e+01,1.288361e+01
1.000000e+00,1.365947e+01,4.580763e+00
1.000000e+00,1.149339e+01,-4.827064e+00
1.000000e+00,1.129757e+01,1.249474e+01
1.000000e+00,1.838078e+01,1.608153e+01
1.000000e+00,9.779990e+00,4.485454e+00
1.000000e+00,1.997118e+01,1.352741e+01
1.000000e+00,1.954678e+01,5.810356e+00
1.000000e+00,1.420855e+01,1.114066e+01
1.000000e+00,1.383812e+01,-8.080820e-01
1.000000e+00,1.432057e+01,1.249822e+01
1.000000e+00,1.095808e+01,-5.240338e-01
1.000000e+00,1.258264e+01,-3.988183e+00
1.000000e+00,1.222567e+01,2.237430e+00
1.000000e+00,1.992774e+01,6.626210e+00
1.000000e+00,1.175694e+01,7.265873e+00
1.000000e+00,1.125644e+01,3.886216e+00
1.000000e+00,9.066196e+00,1.844530e+01
1.000000e+00,9.558215e+00,1.372821e+01
1.000000e+00,1.698291e+01,5.282304e+00
1.000000e+00,1.023140e+01,-3.732881e+00
1.000000e+00,1.616503e+01,3.673527e+00
1.000000e+00,1.991345e+01,-3.353246e+00
1.000000e+00,1.591411e+01,-1.819892e+00
1.000000e+00,1.250656e+01,1.612071e+01
1.000000e+00,1.362062e+01,5.934102e+00
1.000000e+00,9.965604e+00,6.831970e+00
1.000000e+00,1.214635e+01,1.042802e+00
1.000000e+00,9.223287e+00,9.716345e+00
1.000000e+00,1.895299e+01,-6.794995e+00
1.000000e+00,1.889005e+01,4.507490e+00
1.000000e+00,1.167312e+01,1.243532e+00
1.000000e+00,9.390109e+00,-2.982172e-01
1.000000e+00,1.399073e+01,6.875835e+00
1.000000e+00,1.528532e+01,-1.616086e+00
1.000000e+00,9.708588e+00,1.065950e+01
1.000000e+00,9.038764e+00,-7.399220e-01
1.000000e+00,1.611347e+01,8.465614e+00
1.000000e+00,1.682491e+01,-5.675268e+00
1.000000e+00,1.154930e+01,1.144778e+01
1.000000e+00,1.922581e+01,9.847506e+00
1.000000e+00,1.029534e+01,-4.955323e-01
1.000000e+00,9.483453e+00,1.193900e+01
1.000000e+00,1.706578e+01,2.261863e+01
1.000000e+00,1.868176e+01,5.212812e+00
1.000000e+00,1.797472e+01,1.029435e+01
1.000000e+00,1.230677e+01,6.260831e+00
1.000000e+00,1.309751e+01,9.926137e+00
1.000000e+00,1.026063e+01,-2.912590e+00
1.000000e+00,1.392828e+01,-7.383313e-01
1.000000e+00,1.290981e+01,3.548075e-02
1.000000e+00,1.616989e+01,6.355689e-01
1.000000e+00,1.654505e+01,2.435985e+00
1.000000e+00,1.095796e+01,5.511206e+00
1.000000e+00,1.173354e+01,5.145981e-01
1.000000e+00,1.177047e+01,-1.458171e+00
1.000000e+00,1.535809e+01,1.056328e+00
1.000000e+00,1.542613e+01,8.719269e+00
1.000000e+00,1.914805e+01,1.671730e+01
1.000000e+00,1.757636e+01,5.503861e+00
1.000000e+00,1.977513e+01,2.869189e+00
1.000000e+00,1.325901e+01,-1.378489e+00
1.000000e+00,1.876753e+01,2.398640e-01
1.000000e+00,1.507017e+01,-4.364898e+00
1.000000e+00,1.239021e+01,-8.770314e-01
1.000000e+00,1.908541e+01,4.056388e+00
1.000000e+00,9.302282e+00,-3.317684e+00
1.000000e+00,1.927151e+01,1.327978e+01
1.000000e+00,1.281042e+01,-3.001205e+00
1.000000e+00,9.154816e+00,8.041275e+00
1.000000e+00,1.540823e+01,1.208932e+01
1.000000e+00,1.014601e+01,1.370603e+00
1.000000e+00,1.923661e+01,1.022101e+01
1.000000e+00,1.059681e+01,-1.785257e-01
1.000000e+00,9.489538e+00,-4.219783e+00
1.000000e+00,1.373820e+01,1.165128e+01
1.000000e+00,1.028416e+01,7.070183e+00
1.000000e+00,1.720245e+01,3.461080e+00
1.000000e+00,1.569868e+01,3.285143e+00
1.000000e+00,1.548711e+01,9.055441e+00
1.000000e+00,1.263862e+01,3.775374e+00
1.000000e+00,1.773353e+01,9.920471e-01
1.000000e+00,1.309180e+01,-8.890835e-01
1.000000e+00,1.413242e+01,5.146238e+00
1.000000e+00,1.730270e+01,7.659192e+00
1.000000e+00,1.511731e+01,3.743652e+00
1.000000e+00,1.076803e+01,7.642885e+00
1.000000e+00,1.068096e+01,1.374373e+01
1.000000e+00,1.632006e+01,-4.300539e+00
1.000000e+00,1.427200e+01,1.623801e+01
1.000000e+00,9.320235e+00,5.898479e+00
1.000000e+00,1.250751e+01,-9.441163e+00
1.000000e+00,1.480252e+01,1.446584e+01
1.000000e+00,9.841390e+00,1.273734e+00
1.000000e+00,1.354012e+01,5.363481e+00
1.000000e+00,1.640407e+01,-1.837852e+00
1.000000e+00,1.158690e+01,-2.155983e+00
1.000000e+00,1.399895e+01,9.152622e+00
1.000000e+00,1.221377e+01,-2.473232e+00
1.000000e+00,1.547655e+01,2.044139e+00
1.000000e+00,1.901289e+01,6.322059e+00
1.000000e+00,1.319318e+01,1.941652e+01
1.000000e+00,1.401421e+01,7.654016e+00
1.000000e+00,9.830502e+00,2.805226e+00
1.000000e+00,1.929868e+01,1.606904e+01
1.000000e+00,1.421897e+01,7.175055e+00
1.000000e+00,1.928580e+01,-2.498237e+00
1.000000e+00,1.263893e+01,5.536157e+00
1.000000e+00,9.478039e+00,1.036688e+00
1.000000e+00,1.705998e+01,1.763801e+01
1.000000e+00,1.527014e+01,9.667221e+00
1.000000e+00,1.723984e+01,2.481860e+00
1.000000e+00,1.658623e+01,2.154528e-02
1.000000e+00,9.858875e+00,-6.596895e+00
1.000000e+00,1.511055e+01,4.309949e+00
1.000000e+00,1.541923e+01,6.884987e+00
1.000000e+00,1.736965e+01,2.675629e+00
1.000000e+00,1.916463e+01,6.241524e+00
1.000000e+00,1.429853e+01,3.739550e-01
1.000000e+00,1.493223e+01,1.897541e+01
1.000000e+00,1.096441e+01,1.390119e+00
1.000000e+00,1.351837e+01,6.353858e+00
1.000000e+00,1.047391e+01,-1.870191e-02
1.000000e+00,1.118417e+01,5.587117e+00
1.000000e+00,1.094371e+01,-1.022160e+00
1.000000e+00,1.387244e+01,9.449797e+00
1.000000e+00,1.923022e+01,6.056964e+00
1.000000e+00,1.743244e+01,4.881911e+00
1.000000e+00,1.708783e+01,1.683041e+01
1.000000e+00,1.344152e+01,8.823288e+00
1.000000e+00,1.459690e+01,5.074992e+00
1.000000e+00,1.157710e+01,-2.099139e+00
1.000000e+00,9.895395e+00,3.498557e+00
1.000000e+00,1.735914e+01,2.013814e+01
1.000000e+00,1.149866e+01,-9.682151e+00
1.000000e+00,1.662200e+01,1.022946e+01
1.000000e+00,1.387943e+01,1.094460e+01
1.000000e+00,1.317524e+01,4.491071e+00
1.000000e+00,1.710368e+01,1.132051e+01
1.000000e+00,9.097882e+00,1.504696e+00
1.000000e+00,9.209495e+00,4.332221e+00
1.000000e+00,1.529585e+01,1.618134e+01
1.000000e+00,1.387324e+01,4.018614e+00
1.000000e+00,1.475735e+01,8.797137e+00
1.000000e+00,1.689341e+01,-1.088927e+00
1.000000e+00,1.219448e+01,6.424250e+00
1.000000e+00,1.957695e+01,1.069747e+01
1.000000e+00,1.014073e+01,3.000313e+00
1.000000e+00,1.871002e+01,1.307791e+00
1.000000e+00,9.395301e+00,6.467329e+00
1.000000e+00,1.401144e+01,-6.323697e+00
1.000000e+00,1.965398e+01,4.970917e+00
1.000000e+00,1.495813e+01,5.236083e+00
1.000000e+00,1.753127e+01,1.007013e+01
1.000000e+00,1.539585e+01,4.240925e+00
1.000000e+00,1.897930e+01,8.267758e+00
1.000000e+00,1.545898e+01,-5.105367e+00
1.000000e+00,1.449582e+01,5.020404e+00
1.000000e+00,1.147966e+01,4.079358e+00
1.000000e+00,1.113200e+01,2.496886e+00
1.000000e+00,9.994709e+00,-1.823612e+00
1.000000e+00,1.600642e+01,3.582079e+00
1.000000e+00,1.742377e+01,1.543926e+01
1.000000e+00,1.901011e+01,1.907153e+01
1.000000e+00,1.441018e+01,3.657598e+00
1.000000e+00,1.086536e+01,1.397265e+00
1.000000e+00,1.326434e+01,2.602667e+00
1.000000e+00,1.307418e+01,-5.794976e+00
1.000000e+00,1.526157e+01,3.460539e+00
1.000000e+00,1.391639e+01,8.154907e+00
1.000000e+00,1.736109e+01,1.305444e+00
1.000000e+00,9.169100e+00,1.116284e+01
1.000000e+00,1.848754e+01,1.581894e+01
1.000000e+00,1.127153e+01,6.941869e+00
1.000000e+00,1.285511e+01,-2.138114e+00
1.000000e+00,1.283661e+01,1.303464e+01
1.000000e+00,1.758080e+01,1.299637e+01
1.000000e+00,9.512061e+00,-9.077054e+00
1.000000e+00,1.024883e+01,-2.385173e+00
1.000000e+00,1.008038e+01,2.803565e+00
1.000000e+00,1.691997e+01,3.123434e+00
1.000000e+00,1.190046e+01,1.068347e+01
1.000000e+00,1.971416e+01,3.480599e+00
1.000000e+00,1.303942e+01,1.226269e+01
1.000000e+00,1.660611e+01,1.910205e+01
1.000000e+00,1.218537e+01,5.165379e+00
1.000000e+00,1.327904e+01,-5.322096e+00
1.000000e+00,1.825521e+01,4.134304e+00
