2.495105e+00,8.416541e-01
7.918862e-01,1.992703e+00
4.624037e+00,-2.747900e-01
2.661962e+00,2.699135e+00
2.916799e+00,1.160158e+00
1.493191e+00,-7.713707e-01
1.599556e+00,1.410419e+00
7.468489e-01,2.498553e+00
2.912038e+00,1.119659e-01
-2.431853e-02,1.024850e+00
3.228691e+00,1.672741e-01
3.599269e+00,4.054283e-01
8.924998e-01,1.073038e+00
8.913708e-01,1.263796e+00
8.727236e-01,1.393313e+00
1.976268e+00,3.693605e-01
8.137339e-01,1.371161e+00
1.932995e+00,6.394191e-01
1.561794e+00,1.253443e+00
1.407567e+00,1.309063e+00
2.306858e+00,-5.542004e-01
2.535755e+00,5.552752e-01
3.229903e+00,7.971736e-01
2.169872e+00,1.677185e-01
9.348532e-01,-2.338431e-02
2.054242e+00,9.808061e-01
3.550390e+00,1.143598e+00
2.217575e+00,1.586605e-01
2.424982e+00,1.981626e-01
1.900082e+00,3.247994e-02
2.149127e+00,9.535559e-01
9.765716e-01,1.288188e-01
2.683109e+00,-9.605209e-02
2.532341e+00,1.547754e+00
4.387239e+00,-4.700299e-01
2.252940e+00,4.025682e-01
2.633242e+00,3.442191e-01
2.099471e+00,1.804126e+00
1.395953e+00,5.581275e-01
2.783702e+00,1.390698e+00
7.774354e-01,1.037885e-01
2.554637e+00,1.323503e+00
2.315094e+00,-1.390056e-01
9.593136e-01,3.925567e-01
2.733424e+00,2.203601e-01
6.466048e-01,9.523851e-01
2.857325e+00,-1.204483e+00
7.073526e-01,1.312552e+00
1.307909e+00,1.140828e-01
1.662801e+00,2.016649e+00
-2.349581e-01,2.492403e+00
1.267453e+00,1.673672e-01
3.177033e+00,4.139029e-02
8.913345e-01,1.307213e+00
1.708837e+00,3.670069e-01
2.074424e+00,-2.539825e-01
2.513595e+00,9.928996e-01
2.332938e+00,1.128315e+00
2.625893e+00,-8.332721e-02
2.400788e+00,2.363399e+00
2.338527e+00,7.323475e-04
2.944186e+00,-1.236607e+00
1.945400e+00,4.896900e-01
1.899842e+00,1.526534e+00
-6.090339e-01,1.364904e+00
4.110621e+00,1.532375e+00
1.156904e+00,2.192371e+00
3.234783e-01,6.068661e-01
2.471961e+00,-5.231510e-01
2.186132e+00,1.181106e+00
2.326169e+00,-8.527913e-02
1.727804e+00,3.311455e-01
2.452004e+00,8.925748e-01
2.014709e+00,1.355931e+00
1.966525e+00,3.609043e-01
1.597690e+00,5.486417e-01
3.599821e+00,-2.074966e-01
5.279470e-01,9.534665e-02
2.312950e+00,2.494882e-01
3.153461e+00,1.025476e+00
3.797966e-01,1.830715e+00
1.176816e+00,1.736873e+00
2.522667e+00,3.720389e-01
1.901064e+00,1.171873e-01
5.545921e+00,8.932555e-01
3.479319e+00,-7.463173e-02
3.636432e+00,6.551627e-01
2.484615e+00,5.694349e-02
1.955868e+00,2.543414e+00
1.189571e+00,8.057402e-01
1.988332e+00,-4.583656e-01
1.642990e+00,1.011869e+00
3.440533e+00,1.348468e-01
2.259587e+00,1.956740e+00
2.089609e+00,2.293776e+00
4.159899e+00,-9.015505e-02
1.212651e+00,8.209841e-01
2.889869e+00,2.140717e-01
2.795269e+00,-2.446959e-01
4.173068e+00,-5.670695e-01
1.658075e+00,9.960810e-01
1.157819e+00,1.467575e+00
2.260697e+00,-5.768494e-01
3.573097e+00,-4.822833e-01
2.192531e+00,1.540919e+00
2.584861e+00,6.913383e-01
3.346363e+00,4.681233e-01
1.276577e+00,-3.574051e-01
1.316358e+00,-3.182877e-01
6.871973e-01,2.117672e+00
1.939874e+00,2.061337e+00
2.301273e+00,7.900504e-01
3.148600e-01,8.342811e-01
5.044241e+00,-3.589616e-01
1.207794e+00,1.920390e+00
2.641778e+00,1.949887e+00
2.457719e+00,4.897223e-01
4.069290e+00,1.155604e+00
1.312517e+00,7.475355e-01
2.279592e+00,6.056042e-01
3.691382e+00,1.159083e+00
8.375878e-01,-1.057149e+00
1.273809e+00,1.138034e+00
2.049377e+00,-2.629511e-01
1.351946e+00,1.665783e+00
-1.815423e-01,2.000716e+00
3.254277e+00,7.279694e-01
-1.818541e-01,1.868797e+00
1.955012e+00,1.792846e+00
4.905912e-01,1.661280e+00
2.045607e+00,-4.521857e-01
2.952482e+00,3.563183e-01
1.132714e+00,3.800923e-01
3.612044e+00,9.093894e-01
2.676969e+00,1.004513e+00
2.410756e+00,1.628415e+00
7.301782e-01,1.410667e+00
2.516074e+00,2.237551e-01
2.094070e+00,5.295103e-01
3.418209e+00,2.007105e-01
1.108937e+00,3.249288e-01
1.662257e+00,1.290572e+00
3.363458e+00,8.939116e-01
1.943037e+00,1.199093e+00
2.888733e+00,-5.416757e-02
3.505065e-01,1.178709e+00
1.968945e+00,1.683453e-01
1.746098e+00,1.664998e-02
9.012411e-01,1.126589e+00
2.396649e+00,6.655841e-01
2.211111e+00,3.615511e-01
2.437225e+00,-7.094219e-01
1.746421e+00,9.234627e-01
1.872585e-01,1.790783e-03
2.817295e+00,3.298463e-01
1.573988e+00,2.029386e-01
3.207933e+00,3.567764e-01
1.239928e+00,3.583448e-01
2.077748e+00,2.231131e+00
3.733475e-01,1.060761e+00
1.311596e+00,1.371273e+00
2.693284e+00,1.163318e+00
6.402163e-01,2.999799e-01
1.148238e+00,5.248457e-01
2.870746e+00,1.883777e+00
3.298508e+00,5.271541e-01
2.020950e+00,1.213089e+00
1.447211e+00,2.759687e+00
3.527281e+00,5.232936e-01
-8.125272e-02,1.631758e+00
1.620734e+00,7.714832e-01
-2.763368e-01,1.723301e+00
3.265976e+00,-4.175635e-01
2.894507e+00,8.273328e-01
3.762818e+00,-8.083237e-02
1.471383e+00,-7.126850e-01
1.003518e+00,1.213972e+00
4.148370e+00,4.537202e-01
2.877208e+00,1.787783e+00
1.753865e+00,1.539746e+00
2.278222e+00,1.210560e+00
3.440118e+00,1.038659e-01
3.505415e-01,1.822008e+00
1.147914e+00,2.771521e-01
3.021080e+00,1.089124e+00
8.292699e-01,2.418115e-01
9.891333e-01,3.843862e-02
3.070574e-01,1.561931e+00
1.023870e+00,9.259606e-01
3.008794e+00,3.120682e-01
4.064739e+00,9.595032e-02
2.987781e+00,-8.237270e-02
3.512757e+00,-2.500892e-01
3.187525e+00,-8.493813e-01
9.574328e-01,7.856196e-01
2.547031e+00,1.653485e+00
1.088365e+00,1.053361e+00
4.294580e+00,-7.457701e-01
3.066526e+00,8.711625e-01
1.460299e+00,2.276485e+00
