2.064505e+01,2.568539e-01
1.940206e+01,2.183811e+00
1.731799e+01,2.595395e-01
7.002291e+00,1.742747e+00
2.164518e+01,5.159562e-01
2.385852e+01,-1.376566e+00
1.214537e+01,2.496330e-01
6.061630e+00,4.033025e-01
1.752426e+01,4.949174e-02
2.406976e+01,-1.271801e+00
9.499966e+00,1.268315e+00
1.497759e+01,-7.619587e-01
2.475287e+01,-2.046344e-01
1.287158e+01,1.350653e+00
4.827938e+00,4.969474e-01
2.317190e+01,1.611361e+00
1.508079e+01,-2.686321e-01
1.874961e+01,9.733489e-01
6.696879e+00,1.737029e+00
5.623722e+00,-4.383668e-01
2.413010e+01,-1.091080e+00
1.167909e+01,-8.505157e-01
5.843497e+00,-2.830571e-01
1.715929e+01,6.726053e-01
1.121799e+01,2.000553e-01
1.884137e+01,2.929035e-01
1.315031e+01,1.710152e+00
7.615323e+00,1.000232e+00
1.483780e+01,-3.005265e-01
8.996894e+00,-6.670607e-01
1.185541e+01,-3.757178e-01
1.954774e+01,9.991609e-01
1.511131e+01,-1.006436e+00
2.195447e+01,2.901083e-01
1.878017e+01,9.040042e-01
7.324270e+00,1.029505e+00
1.911285e+01,1.028122e+00
2.380595e+01,1.535152e-01
7.293174e+00,1.141745e+00
2.422310e+01,-1.054781e+00
9.604694e+00,9.634023e-01
6.457229e+00,8.075155e-01
2.475782e+01,4.229013e-01
2.040282e+01,6.275361e-01
2.219938e+01,1.075264e+00
3.179348e+00,8.763681e-01
1.449067e+01,1.547778e-01
1.265771e+01,4.288401e-01
1.182616e+01,-3.002954e-01
7.367615e+00,1.162144e+00
6.208567e+00,4.541495e-01
4.837368e+00,-5.533906e-01
1.644912e+01,2.232368e+00
1.712475e+01,5.107101e-01
1.710947e+01,-3.509200e-01
6.015512e+00,-5.109235e-01
2.495849e+01,-4.452399e-01
3.299305e+00,4.320317e-01
1.980320e+01,7.552095e-01
1.176208e+01,-1.245792e+00
1.239261e+01,-4.429549e-01
2.182561e+01,2.381247e-01
7.234571e+00,1.347904e+00
9.743181e+00,7.570305e-01
1.896056e+01,6.996758e-01
8.225768e+00,7.456509e-02
1.907583e+01,7.395376e-01
5.957519e+00,-4.971697e-01
7.056521e+00,1.526633e+00
1.109019e+01,4.656675e-01
1.301838e+01,2.711923e-01
1.175359e+01,-1.123331e+00
8.053313e+00,6.074910e-01
5.777001e+00,-4.720134e-01
1.447260e+01,1.505619e-01
1.818567e+01,-1.330731e+00
5.859150e+00,-1.877578e-01
1.875206e+01,3.968155e-01
2.204748e+01,6.444390e-01
1.248725e+01,2.726754e-01
3.858066e+00,1.539050e+00
2.277540e+01,2.045336e+00
5.705613e+00,-5.098984e-01
1.272342e+01,7.701249e-01
3.551765e+00,6.409321e-01
7.699773e+00,6.794664e-01
1.753994e+01,-6.664504e-02
2.103016e+01,-1.927968e-01
2.039379e+01,2.160135e-01
6.846155e+00,1.342009e+00
7.890541e+00,1.023392e+00
5.345593e+00,-1.988314e-01
4.156023e+00,1.532446e+00
1.015729e+01,2.304758e+00
6.684246e+00,6.042359e-01
1.455314e+01,-5.918692e-01
1.470688e+01,2.028764e-01
9.804100e+00,1.015315e+00
9.662031e+00,5.564825e-01
1.381183e+01,1.370988e+00
2.405970e+01,-5.032357e-01
2.319988e+01,7.001398e-01
6.978000e+00,1.225263e+00
1.289531e+01,3.849598e-03
2.300143e+01,1.125599e+00
9.677862e+00,4.613091e-01
5.054491e+00,-3.113951e-02
4.336716e+00,1.215736e+00
1.980633e+01,5.971709e-01
7.256494e+00,1.343411e+00
4.590887e+00,9.665734e-01
9.994139e+00,6.046742e-01
1.606959e+01,1.591029e+00
1.789954e+01,6.401019e-02
9.179950e+00,1.413559e-01
6.491012e+00,4.015770e-01
1.800555e+01,-7.597773e-01
2.432218e+01,-4.410965e-01
9.458903e+00,2.670211e-01
3.484755e+00,6.372812e-01
5.118994e+00,-5.851957e-01
2.302609e+01,8.057473e-01
5.114370e+00,-7.938269e-01
1.432425e+01,2.890922e-02
1.998036e+01,1.847699e+00
2.350012e+01,2.049182e-01
2.014957e+01,1.898862e+00
1.509440e+01,-2.810408e-01
2.248160e+01,8.097250e-01
1.059495e+01,1.806300e+00
6.364872e+00,4.277517e-01
1.497045e+01,-5.926984e-01
1.037030e+01,1.515165e+00
5.887485e+00,-1.975959e-01
2.213212e+01,2.518237e-01
3.527779e+00,4.614146e-01
1.567782e+01,3.225911e-01
6.625651e+00,1.157926e+00
4.376421e+00,5.855175e-01
1.886337e+01,2.343638e-01
1.817907e+01,-2.185727e-01
3.956047e+00,1.325042e+00
1.372188e+01,9.333822e-01
8.939121e+00,1.837081e-01
2.071066e+01,1.257694e-01
2.140989e+01,-2.430475e-01
1.248605e+01,6.466969e-01
2.384418e+01,6.283723e-02
6.939059e+00,1.369370e+00
1.191770e+01,-3.525431e-03
9.708175e+00,5.613448e-01
6.843901e+00,5.973446e-01
1.736153e+01,-6.807829e-02
1.654039e+01,1.848438e+00
2.157495e+01,-2.163249e-01
1.127228e+01,-5.474741e-01
1.309672e+01,9.969679e-01
1.803354e+01,-1.180978e+00
2.093825e+01,-6.396711e-01
1.224695e+01,-8.412657e-01
3.068248e+00,2.697157e-01
6.753544e+00,1.415906e+00
2.380997e+01,-8.995237e-01
1.488090e+01,-1.209160e+00
2.152622e+01,-4.025516e-01
3.901134e+00,1.142407e+00
9.602549e+00,7.047600e-01
1.790306e+01,-5.583921e-01
1.608509e+01,2.018498e+00
1.076820e+01,8.565307e-01
1.413288e+01,8.733646e-01
6.534773e+00,1.140084e+00
1.184348e+01,-4.245775e-01
4.177340e+00,1.801642e+00
1.755278e+01,4.652669e-01
3.139177e+00,1.397644e+00
1.914018e+01,8.429687e-01
1.047063e+01,1.559900e+00
3.934089e+00,1.429994e+00
3.509046e+00,5.684341e-01
2.409517e+01,-3.826337e-01
7.351984e+00,1.092890e+00
1.314823e+01,5.667549e-01
2.042868e+01,1.378655e-01
1.707311e+01,1.557539e+00
5.242500e+00,-8.829733e-01
3.692280e+00,2.131517e+00
1.096271e+01,3.320187e-01
1.103435e+01,4.460084e-01
1.923394e+01,8.828242e-01
2.040532e+01,4.556617e-01
1.939748e+01,4.410672e-01
1.156076e+01,-8.839972e-01
2.212633e+01,3.944137e-01
1.659118e+01,9.886016e-01
1.996053e+01,1.518893e+00
7.214454e+00,1.652465e+00
1.911035e+01,1.346764e-01
6.811337e+00,1.740634e+00
2.485264e+01,1.987214e-01
