7.447164e+00,-8.558955e-01
7.476342e+00,-9.030028e-01
1.039757e+01,-3.876388e-01
1.621768e+01,8.437340e-01
1.446208e+01,-1.014789e+00
7.840579e+00,-1.283715e+00
1.035719e+01,-2.477293e-01
7.741275e+00,-1.218924e+00
1.727974e+01,-1.243668e+00
1.905517e+01,1.363424e+00
1.511693e+01,6.776412e-01
1.694712e+01,-9.758127e-01
1.327362e+01,3.220949e-01
1.868756e+01,1.426945e+00
9.157354e+00,1.311138e+00
1.114822e+01,-1.149782e+00
8.718436e+00,3.879472e-01
1.090535e+01,-1.205912e+00
1.321454e+01,4.860791e-01
8.264202e+00,-7.656939e-01
1.504536e+01,4.373473e-01
1.683887e+01,-7.446566e-01
7.472111e+00,-8.534214e-01
1.474116e+01,-3.323763e-01
1.868584e+01,1.443919e+00
1.158154e+01,-3.677906e-01
9.300036e+00,1.500100e+00
7.026050e+00,2.547854e-01
1.354227e+01,-3.695210e-01
1.770937e+01,-7.854501e-01
1.522863e+01,8.163815e-01
1.728413e+01,-1.242186e+00
1.289941e+01,1.167221e+00
1.110490e+01,-1.219786e+00
1.333188e+01,1.473537e-01
1.231932e+01,1.444869e+00
7.641079e+00,-1.120719e+00
1.295978e+01,1.085914e+00
1.483009e+01,-6.436670e-02
1.066267e+01,-1.015838e+00
1.345151e+01,-7.717725e-02
1.157185e+01,-4.281284e-01
8.307229e+00,-6.666351e-01
8.199800e+00,-9.820200e-01
1.461935e+01,-6.069828e-01
1.124519e+01,-1.045570e+00
7.702681e+00,-1.242748e+00
1.934907e+01,8.416595e-01
1.063315e+01,-9.169033e-01
1.205623e+01,8.556026e-01
8.701488e+00,3.383492e-01
1.759605e+01,-9.815961e-01
1.720418e+01,-1.167159e+00
7.374357e+00,-6.559655e-01
1.827609e+01,7.288717e-01
1.267279e+01,1.524584e+00
1.808197e+01,2.100248e-01
7.881438e+00,-1.298715e+00
1.230240e+01,1.337808e+00
1.016802e+01,3.072845e-01
1.680842e+01,-6.393098e-01
1.700468e+01,-1.073889e+00
1.103977e+01,-1.172738e+00
1.999253e+01,-8.075106e-01
1.398056e+01,-1.132113e+00
1.184634e+01,3.009852e-01
1.788924e+01,-3.483183e-01
1.462566e+01,-6.226603e-01
1.591066e+01,1.340182e+00
9.181093e+00,1.406045e+00
1.227856e+01,1.293800e+00
1.657227e+01,-5.420667e-02
1.198484e+01,6.822623e-01
1.918761e+01,1.243398e+00
1.961004e+01,1.685029e-01
1.569322e+01,1.546883e+00
1.135131e+01,-9.301995e-01
1.102624e+01,-1.222541e+00
1.633199e+01,5.266316e-01
1.665323e+01,-2.668313e-01
1.499249e+01,3.286734e-01
1.443361e+01,-1.014856e+00
1.068701e+01,-1.021116e+00
8.149672e+00,-1.054668e+00
1.247258e+01,1.512360e+00
1.893019e+01,1.480720e+00
1.335626e+01,1.160018e-01
1.193494e+01,5.185092e-01
1.854144e+01,1.250568e+00
1.697391e+01,-1.016987e+00
1.606092e+01,1.176862e+00
8.755438e+00,4.839687e-01
1.633209e+01,5.222000e-01
9.087180e+00,1.151784e+00
1.772087e+01,-7.019284e-01
1.606478e+01,1.111076e+00
1.052081e+01,-6.635739e-01
1.035547e+01,-2.959727e-01
8.065458e+00,-1.150466e+00
1.281354e+01,1.323470e+00
1.744456e+01,-1.142315e+00
1.607401e+01,1.160941e+00
1.885741e+01,1.491442e+00
1.116012e+01,-1.204090e+00
1.297114e+01,1.046777e+00
1.996332e+01,-6.940046e-01
1.818538e+01,4.672647e-01
1.680792e+01,-6.528071e-01
1.439224e+01,-1.036313e+00
1.310493e+01,7.929707e-01
1.441438e+01,-9.903283e-01
1.766298e+01,-8.530181e-01
1.366670e+01,-7.029816e-01
7.339372e+00,-5.633058e-01
8.247701e+00,-8.161608e-01
1.858075e+01,1.300990e+00
1.397138e+01,-1.210057e+00
1.911112e+01,1.357777e+00
1.893348e+01,1.448517e+00
1.760266e+01,-9.488219e-01
8.580179e+00,-7.353938e-02
1.188415e+01,4.145649e-01
1.377232e+01,-9.137579e-01
1.896812e+01,1.509167e+00
1.025498e+01,3.451031e-02
1.529952e+01,1.047877e+00
1.325867e+01,3.667561e-01
1.986502e+01,-4.726825e-01
1.385802e+01,-1.039133e+00
1.073154e+01,-1.060514e+00
1.990238e+01,-5.613853e-01
1.188143e+01,3.911228e-01
1.239556e+01,1.434489e+00
1.109732e+01,-1.191445e+00
1.294416e+01,1.131125e+00
7.499916e+00,-9.333708e-01
1.379368e+01,-9.537203e-01
1.121182e+01,-1.115086e+00
1.904408e+01,1.455486e+00
1.385029e+01,-1.052280e+00
1.608270e+01,1.125849e+00
1.225235e+01,1.239183e+00
1.405463e+01,-1.196436e+00
1.297816e+01,1.099785e+00
1.201641e+01,7.403206e-01
7.774103e+00,-1.247040e+00
1.419035e+01,-1.199564e+00
1.084397e+01,-1.215991e+00
1.570632e+01,1.452597e+00
1.697838e+01,-9.867217e-01
1.636027e+01,5.136154e-01
1.061641e+01,-8.836534e-01
9.440854e+00,1.447583e+00
9.525455e+00,1.447320e+00
1.409848e+01,-1.223170e+00
1.692533e+01,-9.234599e-01
1.288950e+01,1.229454e+00
1.821526e+01,5.296980e-01
1.193362e+01,5.079243e-01
1.241855e+01,1.483946e+00
1.545701e+01,1.319130e+00
1.160322e+01,-3.296362e-01
1.838206e+01,9.719634e-01
1.930952e+01,9.342948e-01
1.164131e+01,-2.953319e-01
7.474423e+00,-8.037784e-01
8.520417e+00,-1.600850e-01
7.295236e+00,-4.619975e-01
1.592626e+01,1.336112e+00
7.665595e+00,-1.124545e+00
1.310942e+01,7.610362e-01
1.204998e+01,8.540864e-01
1.474834e+01,-2.879068e-01
1.571553e+01,1.504459e+00
8.897119e+00,7.446466e-01
1.580705e+01,1.496392e+00
1.596603e+01,1.298405e+00
8.945164e+00,8.909021e-01
1.417241e+01,-1.178647e+00
1.153122e+01,-4.514063e-01
1.833170e+01,8.655766e-01
1.136763e+01,-8.474391e-01
1.897511e+01,1.482866e+00
1.993216e+01,-6.653599e-01
1.147642e+01,-6.106479e-01
1.643926e+01,2.449589e-01
7.514967e+00,-9.022917e-01
1.941214e+01,6.533565e-01
1.168434e+01,-1.531350e-01
8.072307e+00,-1.114935e+00
1.444044e+01,-9.780871e-01
1.298575e+01,1.062786e+00
1.321221e+01,4.799546e-01
1.226686e+01,1.256410e+00
9.080275e+00,1.196124e+00
1.537385e+01,1.175677e+00
1.553618e+01,1.420986e+00
1.147675e+01,-6.881117e-01
1.676028e+01,-5.373396e-01
1.319954e+01,5.655826e-01
