1.389131e+01,1.244841e-01
1.537101e+01,-2.308240e-01
1.348413e+01,4.256047e-01
1.986010e+01,2.509065e-01
1.335405e+01,4.107727e-01
1.516413e+01,-4.565553e-01
9.083632e+00,-4.122777e-01
1.805178e+01,5.317436e-01
9.322016e+00,-4.756971e-01
1.310143e+01,4.106431e-01
1.284721e+01,6.024314e-01
1.716380e+01,4.162637e-03
1.316307e+01,4.746627e-01
1.551751e+01,-4.849935e-01
1.493544e+01,-3.033988e-01
1.441631e+01,2.402884e-01
1.581699e+01,-3.717544e-01
1.321311e+01,2.310176e-01
1.100545e+01,7.806222e-02
1.880480e+01,5.230152e-01
1.346421e+01,5.218494e-01
1.990989e+01,1.792080e-01
1.214877e+01,4.991765e-01
9.371558e+00,-3.580841e-01
1.722043e+01,1.238167e-01
1.013441e+01,-2.816391e-01
9.221350e+00,-3.912834e-01
1.398665e+01,1.997302e-02
1.320937e+01,4.168800e-01
1.761514e+01,1.184360e-01
1.276735e+01,5.688165e-01
1.584188e+01,-3.575057e-01
1.248735e+01,5.643929e-01
1.385406e+01,3.482747e-01
1.856540e+01,4.773357e-01
1.698798e+01,-2.114393e-01
9.458427e+00,-3.516252e-01
1.649806e+01,-2.676932e-01
1.028729e+01,-2.305341e-01
1.745383e+01,9.914477e-02
9.312983e+00,-2.837690e-01
1.623632e+01,-4.532461e-01
1.127943e+01,1.457331e-01
1.788389e+01,3.905987e-01
1.859394e+01,4.394258e-01
1.803024e+01,4.878351e-01
1.475522e+01,-4.350516e-02
1.468860e+01,-1.495434e-01
1.164398e+01,4.689533e-01
1.923022e+01,4.182264e-01
1.822267e+01,3.714909e-01
1.170824e+01,2.444487e-01
1.278109e+01,4.395366e-01
1.358319e+01,1.764715e-01
1.961919e+01,2.480689e-01
1.055729e+01,-2.087122e-01
1.429013e+01,-6.870084e-02
1.787198e+01,2.146143e-01
9.987742e+00,-4.673337e-01
1.906044e+01,3.984891e-01
1.214292e+01,4.831111e-01
1.119490e+01,1.556961e-01
1.657405e+01,-1.701743e-01
1.809740e+01,4.096904e-01
1.791171e+01,2.420476e-01
1.212114e+01,4.360397e-01
1.338885e+01,3.598939e-01
1.455206e+01,-1.038074e-01
1.437585e+01,-1.739191e-03
1.654857e+01,-1.048026e-01
1.606038e+01,-2.879649e-01
1.635041e+01,-4.026125e-01
1.107910e+01,4.824238e-01
1.850420e+01,5.984110e-01
1.594577e+01,-3.430345e-01
1.278224e+01,3.260005e-01
1.918999e+01,3.410683e-01
1.703331e+01,-6.562886e-02
1.247172e+01,5.697129e-01
1.930136e+01,4.822488e-01
1.147719e+01,5.327104e-01
1.269758e+01,4.101756e-01
1.749954e+01,1.605166e-01
1.355766e+01,3.359473e-01
9.828426e+00,-3.405106e-01
1.601729e+01,-2.754140e-01
1.934942e+01,3.588196e-01
1.763456e+01,1.107459e-01
1.040907e+01,-1.855881e-01
1.088526e+01,-1.105265e-01
1.193734e+01,4.025874e-01
9.949897e+00,-2.308553e-01
1.505750e+01,-5.064111e-01
1.900556e+01,4.916173e-01
1.773988e+01,3.011469e-01
1.360811e+01,2.791927e-01
1.536949e+01,-3.910945e-01
1.258015e+01,5.874773e-01
9.281402e+00,-2.846874e-01
1.261335e+01,6.703649e-01
1.833704e+01,4.005487e-01
1.640852e+01,-3.508358e-01
1.270550e+01,4.869170e-01
1.767511e+01,3.442801e-01
1.811820e+01,5.746293e-01
9.181720e+00,-2.690448e-01
1.382141e+01,1.778099e-01
9.478383e+00,-3.064343e-01
1.857358e+01,6.026088e-01
1.684889e+01,7.611105e-02
9.979687e+00,-1.271051e-01
1.969735e+01,5.554840e-01
1.658508e+01,-2.053661e-01
1.807466e+01,4.170064e-01
1.061844e+01,-3.545450e-02
9.813853e+00,-3.250478e-01
1.897904e+01,5.681861e-01
1.840644e+01,6.961151e-01
1.524645e+01,-3.766430e-01
1.725607e+01,1.695994e-01
1.391733e+01,3.007678e-01
1.466035e+01,-1.724893e-01
1.572529e+01,-2.382121e-01
1.578096e+01,-3.072516e-01
1.565912e+01,-4.613866e-01
1.444527e+01,-1.884099e-01
1.200349e+01,2.966601e-01
1.114676e+01,1.076824e-01
9.097371e+00,-3.738709e-01
1.157992e+01,4.202682e-01
1.082066e+01,3.043699e-02
1.938801e+01,5.161273e-01
1.312808e+01,5.621525e-01
1.514657e+01,-4.605137e-01
1.430491e+01,1.362095e-01
1.194138e+01,5.128667e-01
1.738016e+01,1.545061e-01
1.699303e+01,-7.002134e-02
1.584141e+01,-2.394109e-01
1.544377e+01,-3.882466e-01
1.817713e+01,5.003665e-01
1.154621e+01,3.755100e-01
1.563487e+01,-4.486742e-01
1.600861e+01,-3.738586e-01
1.729718e+01,2.911026e-01
1.917909e+01,4.106902e-01
1.226742e+01,5.376800e-01
1.795869e+01,4.942096e-01
1.732008e+01,2.346128e-01
1.710026e+01,-1.810269e-01
1.447508e+01,2.957595e-02
1.537306e+01,-4.383743e-01
1.729632e+01,2.213146e-01
1.087060e+01,3.096845e-01
1.936125e+01,6.635484e-01
1.733166e+01,-6.876297e-02
1.227539e+01,5.973496e-01
9.989575e+00,-3.446176e-01
1.027881e+01,-3.636880e-01
1.599811e+01,-3.057831e-01
1.242035e+01,7.319100e-01
1.555429e+01,-4.488515e-01
1.793892e+01,2.799277e-01
1.883330e+01,4.088447e-01
1.826486e+01,5.424523e-01
1.108605e+01,1.952285e-01
9.390353e+00,-3.762012e-01
1.809750e+01,3.696574e-01
1.900301e+01,6.916523e-01
1.712912e+01,-6.603847e-02
1.489904e+01,-1.070435e-01
1.966370e+01,3.897666e-01
1.550342e+01,-3.536513e-01
9.243480e+00,-4.320883e-01
1.830705e+01,5.851201e-01
9.727604e+00,-4.731757e-01
1.601560e+01,-5.372817e-01
1.358872e+01,2.142673e-01
1.470104e+01,-2.900511e-01
1.417179e+01,4.800828e-02
1.607982e+01,-3.743332e-01
1.903841e+01,4.501055e-01
1.386312e+01,1.075174e-01
1.539811e+01,-2.745485e-01
1.913549e+01,4.420508e-01
1.046705e+01,-6.197834e-02
9.696951e+00,-5.287716e-01
1.627900e+01,-4.009202e-01
1.695412e+01,-2.105952e-01
1.342823e+01,2.915469e-01
9.605039e+00,-4.687840e-01
1.073801e+01,-2.454276e-02
1.620090e+01,-2.133745e-01
1.726600e+01,2.530728e-01
1.451900e+01,-4.822126e-02
1.861909e+01,5.286761e-01
1.978753e+01,4.537444e-01
1.482956e+01,-3.188886e-01
1.896432e+01,6.577014e-01
1.175352e+01,2.311754e-01
