2.163956e+01,-6.886310e-01
1.090166e+01,-5.805263e-02
1.497217e+01,-1.551302e+00
2.388990e+01,-5.458071e-01
2.382494e+01,-5.689101e-01
1.450670e+01,-8.278576e-01
1.901682e+01,7.063443e-01
2.099950e+01,-1.000591e+00
2.225671e+01,8.766574e-01
1.054727e+01,1.812306e+00
1.895942e+01,1.149448e+00
1.424777e+01,-4.243049e-01
1.928261e+01,1.746012e+00
2.347647e+01,7.615376e-01
1.701441e+01,1.166142e+00
1.725630e+01,1.143646e+00
1.891581e+01,9.724847e-01
2.054489e+01,2.107715e-01
1.233779e+01,-4.085462e-02
2.448504e+01,-1.106242e+00
2.306480e+01,1.668384e+00
2.337823e+01,1.603530e+00
2.374315e+01,1.381655e-01
1.558955e+01,-2.136001e-01
1.137556e+01,-1.304318e+00
1.727182e+01,6.542917e-01
1.442730e+01,-5.050954e-01
1.957213e+01,1.960195e+00
1.039519e+01,2.064627e+00
1.040965e+01,1.904026e+00
2.120451e+01,-2.079871e+00
9.049553e+00,-1.237079e+00
1.526078e+01,-1.018427e+00
9.952997e+00,1.518161e+00
1.011972e+01,1.838863e+00
1.542114e+01,-7.634251e-01
1.240489e+01,-2.622934e-01
1.169684e+01,-1.350831e+00
1.191760e+01,-1.809352e+00
1.206513e+01,-4.628289e-01
1.705078e+01,1.654356e+00
2.460683e+01,-1.454760e+00
1.779898e+01,-1.577716e+00
2.075084e+01,-6.692896e-01
1.881252e+01,1.117613e-01
1.816064e+01,-1.453702e+00
1.977493e+01,2.006171e+00
2.346007e+01,6.083032e-01
1.068023e+01,1.763883e+00
9.780543e+00,1.353886e+00
1.946139e+01,1.993031e+00
2.187984e+01,-1.695091e-01
1.764219e+01,-5.338035e-01
2.342287e+01,1.165195e+00
2.412920e+01,-1.374693e+00
1.055076e+01,1.530892e+00
1.140440e+01,-1.802465e+00
1.349930e+01,2.342726e+00
1.606335e+01,1.494963e+00
2.439418e+01,-1.592789e+00
1.775620e+01,-8.279178e-01
2.212573e+01,1.008983e+00
2.380450e+01,-5.651220e-01
2.166365e+01,-6.990364e-01
1.824301e+01,-9.809217e-01
1.459602e+01,-1.174784e+00
1.464232e+01,-1.497690e+00
1.826890e+01,-1.145525e+00
1.750046e+01,-5.898869e-02
1.013269e+01,2.089278e+00
1.950961e+01,1.513951e+00
2.144719e+01,-1.529973e+00
2.075017e+01,-6.501445e-01
1.775837e+01,-1.005493e+00
1.414954e+01,4.314016e-01
2.045891e+01,2.438014e-01
1.990288e+01,1.902527e+00
2.211529e+01,7.399494e-01
2.366808e+01,-4.931672e-02
1.757681e+01,-1.006402e+00
1.493838e+01,-1.280018e+00
1.161833e+01,-1.625805e+00
2.144803e+01,-1.236448e+00
2.093264e+01,-1.212953e+00
1.644207e+01,2.092172e+00
1.725599e+01,2.358815e-01
9.283011e+00,2.938676e-01
1.426695e+01,1.428066e-01
1.835515e+01,-1.432769e+00
1.928103e+01,1.262356e+00
1.575264e+01,5.557798e-01
1.259912e+01,3.040786e-01
1.694904e+01,1.456972e+00
1.979706e+01,2.556127e+00
1.182406e+01,-1.559090e+00
1.262727e+01,2.937868e-01
1.933446e+01,2.064028e+00
1.644119e+01,2.484591e+00
2.355657e+01,5.566364e-01
1.047491e+01,1.884374e+00
1.288601e+01,1.695774e+00
1.603892e+01,1.218028e+00
1.951965e+01,1.702193e+00
1.685144e+01,1.436375e+00
1.831421e+01,-1.858128e+00
1.748472e+01,-3.076856e-01
1.186469e+01,-1.764770e+00
9.672876e+00,1.445532e+00
1.599753e+01,1.286905e+00
1.484855e+01,-1.519223e+00
1.394171e+01,1.196138e+00
1.061993e+01,1.961817e+00
2.444401e+01,-1.388820e+00
1.924003e+01,1.457248e+00
1.598424e+01,9.163978e-01
2.084414e+01,-1.295758e+00
2.105634e+01,-1.061748e+00
1.784492e+01,-1.241130e+00
2.487010e+01,-1.155643e+00
1.724576e+01,3.548085e-01
9.819252e+00,1.523586e+00
1.873115e+01,4.598073e-01
1.921922e+01,1.697741e+00
2.179640e+01,-7.581141e-02
1.466699e+01,-8.531391e-01
1.451192e+01,-3.631015e-01
2.278188e+01,1.957114e+00
1.082208e+01,8.071123e-01
9.991119e+00,2.337574e+00
2.359806e+01,2.068338e-01
1.978590e+01,2.439775e+00
1.932667e+01,2.367632e+00
1.092210e+01,7.676103e-01
2.328626e+01,1.230771e+00
2.190143e+01,2.002826e-01
2.238151e+01,1.597639e+00
2.427047e+01,-2.485323e+00
1.665810e+01,1.689937e+00
2.317481e+01,2.095320e+00
1.250521e+01,1.389411e-01
2.331418e+01,1.174708e+00
1.390555e+01,1.177337e+00
1.444457e+01,-7.402101e-01
2.169785e+01,-5.816189e-01
1.049223e+01,2.251246e+00
1.996516e+01,2.082937e+00
1.560727e+01,-1.829978e-03
2.430008e+01,-1.269027e+00
9.065299e+00,-1.229097e+00
2.216294e+01,5.153001e-01
1.374777e+01,1.700952e+00
2.256770e+01,2.197630e+00
1.429474e+01,1.255900e-01
1.972421e+01,2.035291e+00
2.274141e+01,1.751296e+00
1.329451e+01,2.194221e+00
2.308992e+01,1.719302e+00
2.362928e+01,1.560099e-01
1.860798e+01,-2.536914e-01
1.650061e+01,2.025908e+00
1.562046e+01,5.601165e-01
1.758814e+01,-2.048554e-01
2.484757e+01,-8.105775e-01
1.560431e+01,-3.289689e-01
2.255637e+01,1.826390e+00
2.126663e+01,-1.235134e+00
2.079490e+01,-6.814211e-01
1.351967e+01,2.285597e+00
9.801370e+00,1.792704e+00
2.449431e+01,-9.924480e-01
1.031069e+01,2.249052e+00
1.989779e+01,1.815061e+00
2.155146e+01,-1.197718e+00
2.083394e+01,-6.984584e-01
2.328961e+01,9.885455e-01
1.589669e+01,9.984375e-01
1.213438e+01,-9.209505e-01
1.469014e+01,-1.071064e+00
2.467452e+01,-1.252586e+00
1.454656e+01,-1.463293e+00
1.550775e+01,-7.994326e-01
1.577473e+01,9.012653e-01
1.109217e+01,-3.017640e-01
1.241843e+01,-5.067584e-01
1.526600e+01,-4.003518e-01
1.985113e+01,2.355143e+00
2.496444e+01,-2.036405e-01
2.196236e+01,3.195777e-01
1.168918e+01,-9.344623e-01
2.357244e+01,6.742240e-01
2.348673e+01,6.763460e-01
1.405504e+01,4.283948e-01
2.333704e+01,9.965376e-01
1.649719e+01,2.013809e+00
2.480062e+01,-6.631542e-01
2.418798e+01,-1.077563e+00
2.324971e+01,1.998267e+00
1.200338e+01,-9.906094e-01
2.166293e+01,-4.547139e-01
2.282477e+01,2.327107e+00
