1.000000e+00,1.216980e+01,1.901267e+01
1.000000e+00,1.515714e+01,5.599529e+00
1.000000e+00,1.182596e+01,6.946752e+00
1.000000e+00,1.604907e+01,1.210888e+00
1.000000e+00,1.575062e+01,1.403635e+01
1.000000e+00,9.928381e+00,1.685336e+01
1.000000e+00,1.245070e+01,7.955914e+00
1.000000e+00,1.439576e+01,7.631832e+00
1.000000e+00,1.963931e+01,-4.481936e+00
1.000000e+00,1.061609e+01,9.228744e+00
1.000000e+00,1.188553e+01,1.536912e+01
1.000000e+00,1.534557e+01,4.112946e-01
1.000000e+00,1.473256e+01,-5.655808e+00
1.000000e+00,1.849120e+01,2.324915e+00
1.000000e+00,1.556009e+01,1.363829e+01
1.000000e+00,1.227523e+01,9.849067e+00
1.000000e+00,1.712994e+01,2.432607e+01
1.000000e+00,1.936230e+01,1.685896e+01
1.000000e+00,1.052400e+01,-6.020849e+00
1.000000e+00,1.042531e+01,4.987154e+00
1.000000e+00,1.487451e+01,9.245245e+00
1.000000e+00,1.408688e+01,1.157865e+01
1.000000e+00,1.307408e+01,-1.341380e+00
1.000000e+00,1.748737e+01,1.626273e+01
1.000000e+00,1.705723e+01,5.385338e+00
1.000000e+00,1.235656e+01,1.548349e+01
1.000000e+00,1.896386e+01,2.700638e+01
1.000000e+00,1.827980e+01,3.554558e+00
1.000000e+00,1.529838e+01,1.679876e+01
1.000000e+00,1.403973e+01,6.805561e+00
1.000000e+00,1.609185e+01,4.720682e-02
1.000000e+00,1.026236e+01,1.483907e+01
1.000000e+00,1.237596e+01,1.296740e+01
1.000000e+00,1.680149e+01,-3.519425e+00
1.000000e+00,1.252474e+01,-1.408711e+00
1.000000e+00,1.229031e+01,5.591053e+00
1.000000e+00,1.265499e+01,-5.332115e-02
1.000000e+00,9.279566e+00,1.278345e+01
1.000000e+00,1.779244e+01,1.404665e+01
1.000000e+00,1.040593e+01,-2.685788e+00
1.000000e+00,1.763244e+01,3.496241e+00
1.000000e+00,1.688969e+01,1.448484e+01
1.000000e+00,1.661131e+01,5.739786e+00
1.000000e+00,1.422177e+01,9.987766e+00
1.000000e+00,1.309823e+01,1.799775e+01
1.000000e+00,1.217173e+01,1.011248e+01
1.000000e+00,1.354229e+01,1.543818e+00
1.000000e+00,1.481114e+01,1.506973e+01
1.000000e+00,1.314466e+01,1.744718e+01
1.000000e+00,1.018575e+01,-8.041075e+00
1.000000e+00,1.917535e+01,1.973193e+01
1.000000e+00,1.464913e+01,-6.721575e+00
1.000000e+00,9.258373e+00,3.968331e+00
1.000000e+00,1.674621e+01,2.815281e+01
1.000000e+00,1.096044e+01,1.255384e+01
1.000000e+00,1.004037e+01,6.947344e+00
1.000000e+00,1.938453e+01,5.655735e+00
1.000000e+00,1.521420e+01,1.775052e+00
1.000000e+00,9.928077e+00,3.584054e+00
1.000000e+00,1.356133e+01,-2.016898e+00
1.000000e+00,1.317025e+01,1.328353e+01
1.000000e+00,1.032668e+01,-2.821889e+00
1.000000e+00,1.427671e+01,1.990010e+01
1.000000e+00,1.252833e+01,-1.735252e+00
1.000000e+00,1.766739e+01,2.380358e+01
1.000000e+00,1.296691e+01,1.132580e+00
1.000000e+00,9.090637e+00,1.208303e+01
1.000000e+00,1.741852e+01,1.186415e+01
1.000000e+00,9.164595e+00,1.493395e+01
1.000000e+00,1.014977e+01,-4.082246e-01
1.000000e+00,1.103225e+01,-2.027741e+00
1.000000e+00,9.047641e+00,6.534011e+00
1.000000e+00,1.018627e+01,6.928523e+00
1.000000e+00,9.175408e+00,7.795687e+00
1.000000e+00,9.975120e+00,1.518167e+01
1.000000e+00,1.434422e+01,1.385369e+01
1.000000e+00,1.749626e+01,3.530182e+00
1.000000e+00,1.901389e+01,8.632530e+00
1.000000e+00,1.243310e+01,6.856653e+00
1.000000e+00,1.410213e+01,8.116506e+00
1.000000e+00,1.730676e+01,2.516166e+01
1.000000e+00,1.616516e+01,3.874430e+01
1.000000e+00,1.893312e+01,7.653293e+00
1.000000e+00,1.537841e+01,1.786124e+01
1.000000e+00,1.683136e+01,9.693139e+00
1.000000e+00,1.589257e+01,-4.851619e+00
1.000000e+00,1.542732e+01,1.207012e+01
1.000000e+00,1.629044e+01,-5.651984e-02
1.000000e+00,1.404705e+01,5.044469e+00
1.000000e+00,1.057715e+01,1.058226e+01
1.000000e+00,1.006710e+01,1.064583e+01
1.000000e+00,1.151785e+01,8.088146e+00
1.000000e+00,1.520288e+01,1.059286e+01
1.000000e+00,1.282936e+01,-5.211952e-01
1.000000e+00,1.976653e+01,1.495318e+01
1.000000e+00,1.234831e+01,1.113155e+01
1.000000e+00,1.822165e+01,5.516929e+00
1.000000e+00,1.141112e+01,-1.418041e+00
1.000000e+00,1.482039e+01,2.055731e+01
1.000000e+00,1.181336e+01,2.987237e+00
1.000000e+00,1.577965e+01,2.921479e+01
1.000000e+00,1.209479e+01,-7.791329e+00
1.000000e+00,1.972865e+01,4.520906e+00
1.000000e+00,1.637774e+01,1.069650e+01
1.000000e+00,1.254179e+01,-2.854111e+00
1.000000e+00,1.050620e+01,-4.512379e-01
1.000000e+00,1.296022e+01,-2.322501e+00
1.000000e+00,1.804179e+01,9.739536e+00
1.000000e+00,1.950274e+01,1.917941e+01
1.000000e+00,1.142911e+01,4.319896e+00
1.000000e+00,1.984793e+01,3.584121e+00
1.000000e+00,1.933653e+01,1.646460e+01
1.000000e+00,9.882519e+00,2.879581e+00
1.000000e+00,9.377284e+00,2.230997e+00
1.000000e+00,1.734458e+01,7.641407e-02
1.000000e+00,1.977602e+01,-2.160156e+00
1.000000e+00,9.525787e+00,6.109753e-01
1.000000e+00,1.219133e+01,2.795354e+00
1.000000e+00,1.646568e+01,1.962008e+01
1.000000e+00,1.250108e+01,8.791649e+00
1.000000e+00,1.091281e+01,1.512062e+01
1.000000e+00,1.322599e+01,4.733249e+00
1.000000e+00,9.780124e+00,5.361561e-01
1.000000e+00,1.820027e+01,9.257467e+00
1.000000e+00,1.533956e+01,1.206290e+01
1.000000e+00,9.377889e+00,-7.897393e+00
1.000000e+00,9.555018e+00,1.638238e+01
1.000000e+00,1.451529e+01,5.652190e+00
1.000000e+00,9.011906e+00,5.415312e+00
1.000000e+00,1.682265e+01,2.176535e+01
1.000000e+00,1.430569e+01,1.787660e+00
1.000000e+00,9.077347e+00,-2.072951e+00
1.000000e+00,1.431681e+01,8.894649e+00
1.000000e+00,1.123407e+01,3.161929e+00
1.000000e+00,1.828858e+01,2.241336e+01
1.000000e+00,1.293105e+01,1.906185e+01
1.000000e+00,9.206397e+00,6.998384e+00
1.000000e+00,1.826226e+01,2.844362e+01
1.000000e+00,1.070870e+01,9.910941e+00
1.000000e+00,1.839016e+01,2.172536e+01
1.000000e+00,1.232412e+01,-9.013169e+00
1.000000e+00,1.858401e+01,3.784745e-01
1.000000e+00,1.684371e+01,-2.813593e-01
1.000000e+00,1.552076e+01,2.324896e+01
1.000000e+00,9.862975e+00,-8.161613e+00
1.000000e+00,1.130439e+01,1.125738e+00
1.000000e+00,1.172420e+01,2.897060e+01
1.000000e+00,1.882496e+01,1.853564e+01
1.000000e+00,1.638816e+01,8.969433e+00
1.000000e+00,1.563622e+01,1.144119e+01
1.000000e+00,1.074496e+01,-1.231204e+00
1.000000e+00,1.810587e+01,9.285018e+00
1.000000e+00,1.834179e+01,1.036160e+01
1.000000e+00,1.117609e+01,1.677032e+01
1.000000e+00,1.258601e+01,8.292595e+00
1.000000e+00,1.846376e+01,1.775757e+01
1.000000e+00,1.977379e+01,2.030326e+00
1.000000e+00,1.083774e+01,8.235358e+00
1.000000e+00,1.334198e+01,2.282796e+01
1.000000e+00,1.175823e+01,3.285715e+00
1.000000e+00,1.498477e+01,-1.576229e-02
1.000000e+00,9.092689e+00,6.884281e+00
1.000000e+00,1.467823e+01,1.297610e+01
1.000000e+00,1.900700e+01,1.606594e+01
1.000000e+00,1.763428e+01,3.613189e+00
1.000000e+00,1.956597e+01,-1.424834e+01
1.000000e+00,1.761931e+01,7.947698e+00
1.000000e+00,1.485687e+01,2.324178e+01
1.000000e+00,1.421443e+01,-8.592678e+00
1.000000e+00,1.354574e+01,9.450936e+00
1.000000e+00,1.718408e+01,2.500140e+01
1.000000e+00,9.610368e+00,1.250334e+01
1.000000e+00,1.255161e+01,9.816915e+00
1.000000e+00,1.337850e+01,-3.945385e+00
1.000000e+00,1.492092e+01,1.863300e+01
1.000000e+00,1.157814e+01,-2.751833e+00
1.000000e+00,1.704898e+01,3.377405e+00
1.000000e+00,1.567348e+01,2.162903e+01
1.000000e+00,1.454429e+01,2.109147e+01
1.000000e+00,1.118419e+01,-1.052364e+01
1.000000e+00,1.813378e+01,1.411154e+01
1.000000e+00,1.312381e+01,2.831719e+01
1.000000e+00,1.050768e+01,1.346515e+01
1.000000e+00,1.434762e+01,6.271688e+00
1.000000e+00,1.054748e+01,8.880997e+00
1.000000e+00,1.238787e+01,4.054428e+00
1.000000e+00,1.011634e+01,-1.172725e+00
1.000000e+00,1.438200e+01,1.476451e+01
1.000000e+00,1.809850e+01,1.039426e+01
1.000000e+00,1.686971e+01,6.053996e+00
1.000000e+00,9.358821e+00,-4.265146e+00
1.000000e+00,9.995277e+00,6.490582e+00
1.000000e+00,1.336311e+01,1.859584e+01
1.000000e+00,1.366261e+01,-2.881600e+00
1.000000e+00,1.108834e+01,3.204490e+00
1.000000e+00,1.760814e+01,2.148845e+01
1.000000e+00,1.802184e+01,8.216326e+00
1.000000e+00,1.095662e+01,-2.641464e+00
1.000000e+00,1.270340e+01,5.448753e+00
1.000000e+00,1.547640e+01,1.146465e+01
