2.491635e+01,5.944585e+02
1.590601e+01,3.181799e+02
1.556371e+01,-1.066177e+02
1.133498e+01,-1.417446e+02
5.235169e+00,1.231925e+02
9.706623e+00,2.184669e+01
2.208502e+01,4.689734e+02
1.860274e+01,1.064518e+02
1.495404e+00,-1.592863e+02
8.455738e+00,6.790980e+01
1.568112e+01,1.957107e+02
1.669645e+01,2.716942e+02
7.463903e+00,2.106643e+02
1.319624e+01,3.526426e+01
8.505969e+00,-1.671703e+02
4.372600e+00,5.313425e+02
1.654880e+01,2.255853e+02
1.228995e+01,-1.512942e+02
4.904133e+00,-2.277016e+02
9.213169e+00,1.156792e+02
3.613408e+00,-1.415654e+01
8.385360e+00,1.905951e+02
1.535312e+00,1.982974e+02
8.914774e+00,4.039755e+02
2.243700e+01,6.893199e+02
3.811926e+00,-3.204800e+02
2.171855e+01,1.422081e+02
1.800013e+01,3.163665e+02
1.614052e+01,2.080645e+02
8.990238e+00,6.009650e+01
9.801705e+00,-4.650764e+01
2.212803e+01,3.317363e+02
2.452547e+01,6.475693e+02
2.385294e+01,5.196885e+02
2.433101e+01,4.996380e+02
1.073054e+01,2.021795e+02
1.003481e+01,2.478640e+01
6.991582e+00,2.536175e+02
1.742093e+01,3.088883e+02
7.361160e+00,1.006463e+02
2.626748e+00,1.593034e+02
2.039935e+01,3.380956e+02
2.978518e+00,-1.099800e+01
2.126798e+01,-3.006243e+01
1.876993e+01,5.276910e+02
1.184551e+01,9.835469e+01
1.896714e+01,2.656719e+02
8.618078e+00,-1.718122e+02
2.840961e+00,2.527520e+02
1.326153e+00,1.153192e+01
2.113945e+01,1.395886e+02
2.063800e+01,1.387801e+02
2.452073e+01,9.113831e+02
1.115018e+01,3.776087e+02
1.690528e+01,1.881012e+02
7.255330e+00,2.183345e+02
7.942151e+00,-7.358626e+01
1.844911e+01,8.859393e+01
1.503632e+01,8.379623e+01
2.794929e+00,-1.349392e+02
1.352926e+01,1.605718e+02
1.563024e+01,3.288090e+02
1.519873e+01,4.436895e+00
1.371475e+01,2.179656e+02
6.923418e+00,3.188649e+02
4.167180e+00,-3.968932e+02
1.867157e+01,6.140026e+02
8.988514e+00,2.207910e+02
1.290035e+01,-8.821488e+01
1.961292e+01,2.015828e+02
1.616218e+00,2.351447e+01
9.135081e+00,1.391961e+02
1.227740e+01,1.080376e+02
5.945363e+00,1.714351e+02
9.023889e+00,2.182712e+02
9.495705e+00,2.321788e+02
1.144512e+01,1.042589e+02
1.813116e+01,4.830662e+02
5.362610e+00,-3.291138e+02
7.972145e+00,1.508132e+02
1.667751e+01,4.199348e+01
1.954702e+01,1.589530e+02
5.558697e+00,1.043637e+02
6.315874e+00,-5.836973e+01
1.185449e+01,-1.888725e+02
2.251425e+00,2.246222e+02
1.829540e+01,3.157145e+02
1.684751e+01,2.326905e+02
6.271759e+00,8.016237e+01
1.079904e+01,1.748272e+02
6.902216e+00,4.146244e+02
1.820502e+01,9.079149e-01
1.468480e+01,1.694883e+02
1.470775e+01,1.313671e+02
2.412976e+01,2.696061e+02
2.090473e+01,4.083240e+02
2.380406e+01,4.914275e+02
1.544192e+01,8.745763e+01
1.177948e+01,-3.368977e+00
1.703375e+01,9.989500e+01
1.189187e+01,6.143322e+01
2.086811e+01,3.579535e+02
1.578034e+01,2.323683e+02
2.364596e+01,4.531371e+02
5.364489e+00,2.635213e+02
1.214812e+01,1.154694e+02
1.533387e+01,3.973692e+02
1.896263e+01,2.585821e+02
1.836530e+01,3.907372e+02
2.417088e+01,6.433705e+02
9.459244e+00,1.259958e+02
1.457726e+01,3.387465e+02
5.350025e+00,-2.638688e+01
1.475034e+01,1.750355e+02
1.878504e+01,1.394389e+02
1.644866e+01,3.324833e+02
4.297668e+00,-1.835499e+01
2.426014e+01,6.124322e+02
2.193151e+01,3.883260e+02
1.448052e+01,2.489595e+02
5.094192e+00,5.269325e+02
1.504623e+01,1.764414e+02
7.743976e+00,2.810423e+02
4.599748e+00,1.199968e+02
3.757485e+00,-1.590066e+00
9.460946e+00,-3.710538e+01
2.015930e+01,3.057965e+02
7.561684e+00,-9.562354e+01
1.485294e+00,-7.164939e+01
1.981916e+01,4.984203e+02
1.569226e+01,-1.694772e+02
1.083488e+01,-1.865802e+01
2.015810e+01,5.880099e+02
1.113143e+01,1.829197e+02
1.030414e+01,1.427612e+02
2.480013e+01,4.549659e+02
2.443746e+01,3.563920e+02
1.883436e+01,3.215883e+02
4.786377e+00,-2.071170e+02
8.798090e+00,2.823410e+01
1.783313e+01,1.377175e+02
2.998709e+00,2.192239e+02
1.723111e+01,1.519205e+02
2.083870e+01,4.199586e+02
2.021864e+01,5.249849e+02
2.422791e+01,6.158095e+02
2.019778e+01,5.115802e+02
8.768332e+00,1.148842e+02
1.654536e+01,4.265442e+02
1.273084e+01,-2.365476e+02
1.569165e+00,1.415747e+02
1.813352e+01,4.982849e+01
4.116127e+00,1.276680e+02
2.918696e+00,-4.532532e+02
2.351676e+01,6.963386e+02
2.398922e+01,3.275044e+02
1.894251e+01,1.819463e+02
1.434180e+01,4.286903e+02
2.121469e+01,3.431205e+02
9.590120e+00,1.150817e+02
1.907656e+01,1.870020e+02
1.141390e+01,-1.503294e+02
1.369094e+01,6.395515e+01
1.730610e+01,3.547733e+01
1.582039e+01,4.451718e+02
2.112623e+01,3.725502e+02
1.869001e+01,-7.803750e+01
1.814253e+01,2.030466e+01
5.121940e+00,2.663857e+01
4.471086e+00,-1.342390e+01
5.895105e+00,-5.806961e+01
4.760066e+00,-2.659934e+02
7.452016e+00,7.827016e+01
1.188565e+01,4.511282e+02
6.011107e+00,-8.838490e+01
1.794566e+01,1.028301e+02
2.383106e+01,4.214379e+02
4.403403e+00,-7.002883e+01
1.923469e+01,3.285764e+02
1.448635e+01,1.566519e+02
2.353075e+01,3.499963e+02
1.459576e+00,-1.462656e+02
1.659248e+01,3.151257e+02
1.508272e+01,3.255846e+02
2.207946e+00,3.593237e+02
6.332146e+00,2.719382e+01
2.046493e+01,3.820780e+02
1.039317e+01,-2.491194e+02
1.982545e+01,3.675685e+02
1.575264e+01,7.024397e+01
1.565142e+01,4.625934e+02
1.928072e+01,4.885578e+02
2.369774e+01,3.183296e+02
7.057223e+00,-3.524421e+01
1.505309e+01,-8.112158e+01
2.112914e+01,1.181234e+02
9.825944e+00,-2.733026e+02
9.005470e+00,1.698904e+02
2.054745e+01,5.218959e+02
2.339948e+01,7.735069e+02
