1.000000e+00,2.157018e+01,1.596713e+01
1.000000e+00,1.083506e+01,1.498337e+01
1.000000e+00,1.933340e+01,1.027487e+00
1.000000e+00,1.312137e+01,1.433918e+01
1.000000e+00,1.566872e+01,-7.626802e+00
1.000000e+00,2.200729e+01,-9.647680e+00
1.000000e+00,2.220439e+01,1.592197e+01
1.000000e+00,2.432769e+01,1.149524e+01
1.000000e+00,1.241752e+01,-4.645322e+00
1.000000e+00,1.166052e+01,9.569766e+00
1.000000e+00,1.657119e+01,-2.227808e+00
1.000000e+00,2.012917e+01,2.730131e+00
1.000000e+00,2.429476e+01,8.899389e+00
1.000000e+00,1.789688e+01,1.601852e+01
1.000000e+00,8.230127e+00,1.363893e+01
1.000000e+00,1.041405e+01,1.455750e+01
1.000000e+00,1.279313e+01,7.653362e-01
1.000000e+00,1.311327e+01,6.695957e+00
1.000000e+00,7.686219e+00,-7.064039e+00
1.000000e+00,2.109700e+01,1.868948e+01
1.000000e+00,2.094537e+01,1.676002e+01
1.000000e+00,2.213493e+01,2.104795e+00
1.000000e+00,1.786983e+01,6.411580e+00
1.000000e+00,1.008877e+01,1.800516e+01
1.000000e+00,1.800580e+01,-1.975013e+01
1.000000e+00,1.310158e+01,-1.470422e+00
1.000000e+00,1.219952e+01,1.686667e+01
1.000000e+00,8.106562e+00,4.019077e-01
1.000000e+00,2.166710e+01,1.500325e-01
1.000000e+00,2.120901e+01,1.608575e+01
1.000000e+00,8.564863e+00,1.326538e+01
1.000000e+00,1.670030e+01,1.183933e+01
1.000000e+00,1.537212e+01,6.290169e+00
1.000000e+00,2.103794e+01,9.493613e+00
1.000000e+00,1.863764e+01,2.044134e+01
1.000000e+00,1.216562e+01,1.954726e+00
1.000000e+00,1.356484e+01,1.823015e+01
1.000000e+00,8.865047e+00,1.946927e+01
1.000000e+00,2.268782e+01,2.315911e+01
1.000000e+00,2.311851e+01,1.834455e+01
1.000000e+00,2.089277e+01,1.078849e+01
1.000000e+00,8.656403e+00,-8.631026e+00
1.000000e+00,2.446928e+01,1.678402e+01
1.000000e+00,1.808909e+01,-3.022703e+00
1.000000e+00,1.916072e+01,8.581896e+00
1.000000e+00,2.474095e+01,1.334100e+01
1.000000e+00,2.428526e+01,2.008669e+01
1.000000e+00,2.211447e+01,1.664410e+01
1.000000e+00,1.861432e+01,6.175295e+00
1.000000e+00,1.838650e+01,9.206284e+00
1.000000e+00,2.218288e+01,1.028081e+01
1.000000e+00,1.579995e+01,3.018746e-01
1.000000e+00,7.900283e+00,5.632522e+00
1.000000e+00,7.330650e+00,3.892269e+00
1.000000e+00,2.176847e+01,1.338700e+01
1.000000e+00,8.481843e+00,-1.336031e+01
1.000000e+00,9.280937e+00,9.160903e+00
1.000000e+00,2.497473e+01,1.589011e+01
1.000000e+00,2.411105e+01,1.961276e+01
1.000000e+00,8.367154e+00,6.281611e+00
1.000000e+00,1.076540e+01,2.888287e+00
1.000000e+00,1.457116e+01,2.125923e+01
1.000000e+00,1.677569e+01,1.077973e+01
1.000000e+00,1.268772e+01,7.506193e+00
1.000000e+00,2.211395e+01,2.730404e+01
1.000000e+00,2.161144e+01,1.242232e+01
1.000000e+00,7.238442e+00,8.673343e+00
1.000000e+00,1.744541e+01,-1.053039e+01
1.000000e+00,2.295474e+01,1.494476e+01
1.000000e+00,1.761828e+01,8.569875e+00
1.000000e+00,1.205090e+01,-4.773738e+00
1.000000e+00,2.135533e+01,1.638001e+01
1.000000e+00,2.293372e+01,8.054114e+00
1.000000e+00,8.882900e+00,2.763646e+01
1.000000e+00,1.261024e+01,6.405887e+00
1.000000e+00,2.390444e+01,1.514471e+00
1.000000e+00,1.734019e+01,1.024911e+01
1.000000e+00,2.278917e+01,6.665596e+00
1.000000e+00,1.415658e+01,1.291071e+01
1.000000e+00,2.356021e+01,3.709706e+00
1.000000e+00,7.175883e+00,9.620067e-01
1.000000e+00,1.079201e+01,-9.952167e+00
1.000000e+00,1.655108e+01,-1.373936e+00
1.000000e+00,2.161185e+01,1.144571e+01
1.000000e+00,1.769050e+01,1.472127e+01
1.000000e+00,8.632961e+00,4.886157e+00
1.000000e+00,1.884796e+01,1.614119e+01
1.000000e+00,1.127297e+01,7.543543e+00
1.000000e+00,2.166577e+01,2.100731e+01
1.000000e+00,2.107898e+01,4.123682e+00
1.000000e+00,2.049009e+01,1.159291e+01
1.000000e+00,9.331956e+00,6.763264e+00
1.000000e+00,2.362035e+01,3.008886e+01
1.000000e+00,1.097300e+01,-4.216589e+00
1.000000e+00,1.999630e+01,9.729470e-01
1.000000e+00,1.470823e+01,1.331326e+01
1.000000e+00,1.318233e+01,1.822799e+01
1.000000e+00,1.007800e+01,-1.651730e+00
1.000000e+00,2.010598e+01,1.048846e+01
1.000000e+00,8.852033e+00,2.359276e+00
1.000000e+00,2.021110e+01,1.923436e+01
1.000000e+00,1.158858e+01,6.566040e+00
1.000000e+00,1.011869e+01,1.404351e+01
1.000000e+00,8.431499e+00,3.587765e+00
1.000000e+00,1.884891e+01,-5.964915e-02
1.000000e+00,9.024306e+00,2.522488e+01
1.000000e+00,2.462509e+01,9.851583e-02
1.000000e+00,1.572506e+01,1.262137e+01
1.000000e+00,1.896808e+01,2.605014e+01
1.000000e+00,1.109955e+01,2.464983e+00
1.000000e+00,8.976861e+00,2.264255e+01
1.000000e+00,1.766154e+01,7.132209e+00
1.000000e+00,9.380018e+00,9.992759e+00
1.000000e+00,1.740605e+01,1.452633e+01
1.000000e+00,1.580072e+01,1.833508e+01
1.000000e+00,2.050157e+01,2.011306e+01
1.000000e+00,2.443494e+01,1.683055e+01
1.000000e+00,2.361336e+01,2.220125e+01
1.000000e+00,7.953952e+00,1.520069e+01
1.000000e+00,1.969006e+01,1.415825e+01
1.000000e+00,1.141063e+01,-7.124126e-01
1.000000e+00,1.423930e+01,7.257865e+00
1.000000e+00,1.282289e+01,1.901671e+00
1.000000e+00,1.006834e+01,1.557803e+01
1.000000e+00,1.759233e+01,3.518415e+00
1.000000e+00,2.106856e+01,1.069264e+01
1.000000e+00,2.084377e+01,-2.747548e+00
1.000000e+00,2.305429e+01,3.626289e+00
1.000000e+00,1.965989e+01,7.129142e+00
1.000000e+00,2.095650e+01,-1.793215e+00
1.000000e+00,1.775066e+01,1.225284e+01
1.000000e+00,1.049463e+01,1.059284e+01
1.000000e+00,1.242262e+01,4.187494e+00
1.000000e+00,2.193939e+01,2.858276e+01
1.000000e+00,1.693975e+01,2.161911e+01
1.000000e+00,2.195276e+01,-3.131137e+00
1.000000e+00,1.009763e+01,1.202070e+01
1.000000e+00,2.073557e+01,1.483015e+01
1.000000e+00,7.049425e+00,-5.759525e+00
1.000000e+00,1.754173e+01,2.444660e+01
1.000000e+00,2.071781e+01,1.422599e+01
1.000000e+00,7.050688e+00,-5.865625e+00
1.000000e+00,7.936126e+00,1.303368e+01
1.000000e+00,1.282940e+01,1.051966e+01
1.000000e+00,1.230904e+01,-2.269936e+00
1.000000e+00,2.373334e+01,1.176858e+01
1.000000e+00,2.444900e+01,7.335571e+00
1.000000e+00,1.012034e+01,9.444313e+00
1.000000e+00,1.842312e+01,-5.394760e-01
1.000000e+00,1.746786e+01,-1.107609e+00
1.000000e+00,1.572686e+01,8.720659e+00
1.000000e+00,1.387391e+01,1.843453e+01
1.000000e+00,1.305415e+01,1.874555e+01
1.000000e+00,1.701013e+01,5.690101e+00
1.000000e+00,8.966955e+00,-5.717441e+00
1.000000e+00,8.343647e+00,2.476875e+00
1.000000e+00,1.169466e+01,1.152368e+01
1.000000e+00,1.858632e+01,5.062598e+00
1.000000e+00,2.423382e+01,2.959412e+01
1.000000e+00,1.574118e+01,-7.229747e+00
1.000000e+00,2.211625e+01,2.062324e+00
1.000000e+00,2.193005e+01,1.052035e+01
1.000000e+00,2.495608e+01,-1.619852e+00
1.000000e+00,8.717292e+00,1.508368e+01
1.000000e+00,2.462019e+01,1.732093e+01
1.000000e+00,1.091552e+01,5.646561e+00
1.000000e+00,2.105022e+01,2.176537e+01
1.000000e+00,8.552646e+00,-1.094960e+01
1.000000e+00,2.287769e+01,9.261462e+00
1.000000e+00,1.736373e+01,1.375579e+01
1.000000e+00,2.438633e+01,-9.779923e-01
1.000000e+00,1.724703e+01,1.619094e+01
1.000000e+00,1.430890e+01,2.649041e+00
1.000000e+00,2.193677e+01,1.843135e+01
1.000000e+00,1.825747e+01,5.416867e+00
1.000000e+00,1.790190e+01,2.639108e+00
1.000000e+00,2.402319e+01,8.481706e+00
1.000000e+00,8.149059e+00,3.645525e+00
1.000000e+00,2.278175e+01,6.370466e+00
1.000000e+00,1.229377e+01,8.671360e+00
1.000000e+00,1.371775e+01,1.373823e+01
1.000000e+00,1.016674e+01,1.154202e+01
1.000000e+00,8.176429e+00,1.888289e+01
1.000000e+00,1.738117e+01,1.137503e+01
1.000000e+00,1.796956e+01,-1.064256e+00
1.000000e+00,1.426339e+01,2.503363e+01
1.000000e+00,1.282672e+01,7.550186e+00
1.000000e+00,1.756839e+01,4.942218e+00
1.000000e+00,1.908800e+01,-4.454173e+00
1.000000e+00,1.340957e+01,3.716961e-01
1.000000e+00,8.973588e+00,-1.797843e+01
1.000000e+00,1.658856e+01,7.849903e+00
1.000000e+00,1.040522e+01,1.407522e+01
1.000000e+00,1.271635e+01,2.024677e+01
1.000000e+00,1.840910e+01,-8.974086e-02
1.000000e+00,2.273336e+01,1.063271e+01
1.000000e+00,1.852468e+01,-9.853854e-01
1.000000e+00,9.701161e+00,2.008553e+01
1.000000e+00,2.322073e+01,1.088120e+00
1.000000e+00,1.331529e+01,-1.374170e+01
