2.356442e+01,2.137355e+02
9.854141e+00,-5.256684e+01
1.601251e+01,5.217610e+01
2.058760e+01,2.895275e+02
1.505379e+01,8.912230e+01
1.408850e+01,5.763734e+01
1.291956e+01,5.872216e+01
2.028743e+01,2.372157e+02
2.349060e+01,1.517232e+02
2.302921e+01,3.210401e+02
1.275158e+01,9.832039e+00
2.060196e+01,2.099511e+02
1.746475e+01,-4.776107e+01
2.332188e+01,1.257789e+02
2.457657e+01,1.188186e+02
2.238886e+01,1.403552e+02
1.699203e+01,1.983820e+02
9.972096e+00,9.251557e+01
9.591412e+00,5.121260e+01
1.694997e+01,2.267766e+02
1.127593e+01,2.007974e+02
1.484704e+01,1.125318e+02
1.398895e+01,2.132055e+02
1.604350e+01,2.092930e+02
1.757351e+01,2.008619e+02
2.354755e+01,1.775743e+02
1.902118e+01,1.392090e+02
1.684607e+01,3.208892e+02
2.117569e+01,1.540401e+02
2.078248e+01,5.832421e+01
1.162252e+01,-9.219872e+01
1.015885e+01,2.378751e+00
1.126553e+01,3.363536e+01
1.843755e+01,2.263955e+02
1.424215e+01,1.837488e+02
1.876743e+01,-1.574261e+00
1.458845e+01,1.262374e+02
1.037925e+01,4.705379e+01
2.494106e+01,1.348959e+02
1.004949e+01,8.874792e+00
2.043577e+01,1.073622e+02
2.228604e+01,2.774545e+02
1.549188e+01,3.077808e+02
2.438158e+01,1.085925e+02
1.779416e+01,-2.295671e+01
1.482635e+01,4.037172e+01
1.336723e+01,-1.651964e+01
2.381257e+01,2.033226e+02
1.292255e+01,-8.615510e+01
1.349838e+01,-6.465680e+00
2.424432e+01,2.054262e+02
2.348449e+01,5.556413e+01
1.128269e+01,-1.474470e+01
2.499971e+01,2.794756e+02
2.078951e+01,1.628407e+02
1.608197e+01,-5.620114e+01
1.123396e+01,-9.273258e+01
1.272966e+01,7.686874e+01
1.888757e+01,3.233913e+01
2.035253e+01,1.802927e+02
2.339793e+01,6.435957e+01
1.982982e+01,9.198266e+01
2.017709e+01,6.126723e+01
1.700894e+01,1.875853e+02
1.303085e+01,-1.922868e+01
1.420926e+01,1.364814e+02
2.158124e+01,1.670623e+02
2.046849e+01,1.245740e+01
1.922283e+01,1.900988e+01
2.429431e+01,1.386241e+02
1.186187e+01,3.069225e+02
2.127921e+01,1.494266e+02
1.941624e+01,-4.512912e+01
2.266634e+01,4.325351e+01
9.424584e+00,2.133309e+02
1.986107e+01,6.498195e+01
1.563373e+01,2.579144e+01
1.751114e+01,1.475393e+02
1.658698e+01,8.217392e+01
1.027022e+01,1.257728e+02
9.167110e+00,5.945136e+01
2.086382e+01,2.335623e+02
1.517073e+01,-7.390269e+01
1.294500e+01,-4.308989e+01
2.199252e+01,3.351485e+02
1.937643e+01,-6.022997e+01
1.564538e+01,-7.858977e+01
1.718371e+01,2.599402e+02
1.922684e+01,6.985688e+01
1.711338e+01,6.874155e+01
2.320200e+01,2.533051e+02
1.713861e+01,-2.794058e+01
2.248032e+01,3.106838e+02
1.979611e+01,1.627057e+02
2.387942e+01,1.917083e+02
1.795608e+01,1.383504e+02
1.168808e+01,7.257641e+01
2.468886e+01,1.971763e+02
1.555657e+01,4.712281e+00
1.826108e+01,2.515824e+02
1.682853e+01,7.940778e+01
2.067894e+01,8.772429e+01
1.785825e+01,1.220662e+02
2.241718e+01,2.640455e+02
1.181833e+01,2.285613e+02
1.061741e+01,2.514938e+01
9.225454e+00,5.939380e+01
2.320229e+01,7.223842e+01
2.328951e+01,2.962998e+02
2.372869e+01,3.018710e+02
1.925109e+01,-2.262744e+01
9.328430e+00,1.088853e+02
1.177410e+01,-1.545894e+01
1.426380e+01,2.514451e+02
1.490572e+01,2.857883e+02
1.439447e+01,1.348663e+02
1.935495e+01,2.248495e+01
2.238455e+01,3.447390e+01
1.220144e+01,-5.125815e+01
2.248096e+01,2.176481e+02
1.248012e+01,2.502592e+01
1.335889e+01,-2.954937e+01
1.448408e+01,1.121839e+02
1.853994e+01,1.780274e+02
2.057683e+01,1.548854e+02
2.270119e+01,2.176673e+02
1.447575e+01,1.431196e+02
1.580127e+01,5.119835e+01
1.091890e+01,1.579422e+01
1.523661e+01,9.940252e+01
1.677563e+01,2.698974e+02
2.397581e+01,2.058062e+02
2.090096e+01,-9.186408e+01
2.036194e+01,2.353293e+02
1.215881e+01,6.416007e+01
2.306747e+01,4.762593e+02
1.099221e+01,1.408850e+02
1.055334e+01,1.827310e+01
1.385049e+01,1.079395e+02
1.213106e+01,-1.447010e+02
1.765409e+01,2.131984e+02
2.011853e+01,1.821700e+02
2.336828e+01,1.417721e+02
2.369183e+01,1.972588e+02
1.987103e+01,9.838872e+01
1.310419e+01,1.495032e+02
1.602359e+01,-1.091685e+02
1.346606e+01,1.491002e+02
1.842616e+01,3.603173e+02
1.268519e+01,1.468118e+02
1.978771e+01,1.706816e+02
1.893276e+01,2.242151e+02
9.737520e+00,1.769739e+02
1.949770e+01,1.562985e+02
1.290865e+01,-4.936215e+00
1.876309e+01,7.974422e+01
1.448875e+01,1.327229e+02
1.886769e+01,2.453243e+02
1.422882e+01,3.747041e+01
1.502497e+01,6.788910e+01
1.355389e+01,5.626870e+01
2.336160e+01,2.275400e+00
1.500823e+01,3.803172e+01
1.164051e+01,1.140577e+02
1.910919e+01,1.070336e+02
1.991581e+01,1.012530e+02
1.213180e+01,-8.045413e+01
1.509615e+01,1.744284e+01
1.740466e+01,8.031827e+01
1.784530e+01,2.614820e+01
1.697304e+01,3.246337e+02
2.289986e+01,1.695182e+02
1.254296e+01,1.482630e+01
9.729597e+00,-1.994312e+01
1.575292e+01,6.025237e+01
1.451589e+01,8.807447e+01
2.494297e+01,-3.530527e+01
1.342994e+01,1.699831e+01
1.025696e+01,1.058163e+02
2.216317e+01,1.171171e+02
2.209839e+01,1.886242e+02
1.796380e+01,-1.052501e+01
1.225883e+01,-9.114311e+01
1.772704e+01,1.101041e+02
1.054570e+01,-3.743717e+01
1.089442e+01,1.684587e+02
1.051987e+01,-3.604907e+01
1.184559e+01,7.688066e+01
9.465213e+00,-6.883708e+01
1.468995e+01,1.409459e+02
1.836450e+01,3.164735e+02
2.360580e+01,1.945555e+02
2.326768e+01,3.325090e+01
2.090262e+01,1.254153e+02
1.579175e+01,1.131477e+02
1.519466e+01,3.290800e+01
1.331033e+01,-5.248867e+01
1.110023e+01,1.183291e+02
1.361778e+01,2.939693e+01
1.342422e+01,7.988829e+01
