7.358500e+00,8.739000e-01
4.657700e+00,4.030000e-02
4.178200e+00,5.971000e-01
9.087400e+00,5.457000e-01
1.597740e+01,7.852000e-01
1.856150e+01,2.720000e-02
1.538280e+01,4.858000e-01
1.681350e+01,2.721000e-01
1.232810e+01,1.638000e-01
1.034750e+01,2.967000e-01
1.270800e+01,9.193000e-01
1.260150e+01,4.966000e-01
1.655130e+01,-4.406000e-01
7.844400e+00,5.616000e-01
1.355870e+01,3.238000e-01
1.679840e+01,-9.900000e-03
1.592520e+01,4.697000e-01
5.475000e+00,-2.243000e-01
6.654000e+00,5.801000e-01
1.276880e+01,2.153000e-01
9.669400e+00,6.961000e-01
1.809930e+01,3.950000e-01
3.957000e+00,6.163000e-01
1.719720e+01,7.592000e-01
5.738300e+00,1.827000e-01
1.162000e+01,2.159000e-01
1.588640e+01,7.213000e-01
1.222270e+01,9.935000e-01
3.918500e+00,1.016700e+00
1.895710e+01,3.926000e-01
1.495200e+01,3.590000e-02
7.419800e+00,1.261000e-01
3.141100e+00,-1.367000e-01
1.876910e+01,6.691000e-01
1.418710e+01,2.765000e-01
5.849600e+00,5.825000e-01
3.449200e+00,4.778000e-01
3.679200e+00,9.890000e-02
7.529000e+00,8.384000e-01
1.463350e+01,5.020000e-02
1.569580e+01,8.262000e-01
1.289050e+01,-3.122000e-01
1.539820e+01,2.967000e-01
1.957450e+01,-3.190000e-02
4.656500e+00,-3.583000e-01
1.277080e+01,1.089200e+00
6.092000e+00,3.600000e-01
1.104160e+01,5.630000e-02
5.556700e+00,2.450000e-01
9.298700e+00,1.059200e+00
9.262100e+00,5.940000e-01
1.132240e+01,4.048000e-01
8.065900e+00,1.105000e-01
1.567480e+01,6.863000e-01
6.543600e+00,5.564000e-01
1.887940e+01,2.486000e-01
1.624040e+01,5.657000e-01
1.321040e+01,-1.372000e-01
9.613700e+00,4.493000e-01
8.326000e+00,-1.060000e-02
6.831600e+00,2.707000e-01
1.237450e+01,5.367000e-01
3.488800e+00,1.367000e-01
1.806560e+01,3.138000e-01
1.618690e+01,1.411000e+00
8.954700e+00,-2.675000e-01
1.216400e+01,7.375000e-01
1.764810e+01,5.168000e-01
1.377940e+01,6.204000e-01
1.392960e+01,7.225000e-01
3.207800e+00,5.167000e-01
1.145790e+01,-2.600000e-02
9.054400e+00,1.653000e-01
1.859660e+01,5.972000e-01
3.449100e+00,9.720000e-02
1.924360e+01,4.010000e-01
1.766950e+01,6.664000e-01
1.248710e+01,7.889000e-01
6.401100e+00,2.644000e-01
5.305500e+00,1.717000e-01
1.615150e+01,2.864000e-01
1.029650e+01,3.464000e-01
6.800200e+00,-2.654000e-01
8.695600e+00,6.217000e-01
1.217670e+01,5.783000e-01
1.069250e+01,6.427000e-01
5.152700e+00,9.735000e-01
1.253420e+01,9.305000e-01
6.687100e+00,3.297000e-01
1.118160e+01,2.708000e-01
1.496910e+01,3.340000e-01
1.061800e+01,5.066000e-01
6.946600e+00,1.125000e-01
4.853700e+00,3.677000e-01
1.474700e+01,3.409000e-01
1.118330e+01,5.280000e-01
1.078590e+01,8.631000e-01
3.309800e+00,3.890000e-01
1.862300e+01,1.003200e+00
1.963940e+01,5.960000e-01
4.094900e+00,6.964000e-01
1.692930e+01,-3.990000e-02
6.436400e+00,3.755000e-01
9.337000e+00,-3.081000e-01
1.868480e+01,1.037400e+00
8.501300e+00,-2.900000e-03
5.892400e+00,5.145000e-01
1.341700e+01,2.383000e-01
1.031140e+01,8.751000e-01
1.129440e+01,7.160000e-02
1.069950e+01,6.304000e-01
1.597780e+01,6.324000e-01
1.339350e+01,4.228000e-01
1.227010e+01,6.123000e-01
6.455700e+00,1.677100e+00
1.828670e+01,-4.468000e-01
5.784000e+00,6.356000e-01
1.509560e+01,3.713000e-01
7.173500e+00,-6.570000e-02
1.939530e+01,2.425000e-01
4.090300e+00,5.408000e-01
6.167900e+00,-1.672000e-01
1.990550e+01,9.025000e-01
1.500780e+01,1.037800e+00
1.492430e+01,4.091000e-01
1.926600e+01,2.464000e-01
1.685790e+01,5.369000e-01
1.955520e+01,1.043400e+00
1.273250e+01,1.431000e-01
1.767090e+01,6.136000e-01
1.992420e+01,1.020600e+00
6.582200e+00,1.296000e-01
1.000090e+01,7.990000e-01
3.755600e+00,2.496000e-01
7.285300e+00,2.599000e-01
1.721250e+01,1.300600e+00
1.506550e+01,9.954000e-01
1.959780e+01,-1.356000e-01
1.610680e+01,1.163200e+00
1.894130e+01,6.785000e-01
8.826700e+00,-5.260000e-02
1.876590e+01,1.445000e-01
1.684660e+01,6.475000e-01
1.782940e+01,5.179000e-01
1.348500e+01,9.161000e-01
6.233700e+00,3.203000e-01
1.173430e+01,2.454000e-01
1.886770e+01,3.703000e-01
6.803400e+00,3.684000e-01
1.808460e+01,7.039000e-01
1.343540e+01,7.200000e-03
8.350500e+00,2.058000e-01
3.196300e+00,-1.200000e-01
1.896470e+01,1.074600e+00
4.901800e+00,-2.361000e-01
5.565400e+00,6.505000e-01
1.932450e+01,6.088000e-01
1.826970e+01,4.852000e-01
1.154930e+01,1.030700e+00
1.497550e+01,4.842000e-01
1.239990e+01,2.126000e-01
8.999500e+00,1.317400e+00
1.884250e+01,4.108000e-01
6.242600e+00,9.195000e-01
1.004340e+01,4.999000e-01
5.671000e+00,2.851000e-01
8.438200e+00,1.045000e-01
1.524700e+01,-2.692000e-01
5.521800e+00,-1.053000e-01
1.263150e+01,5.490000e-01
9.075300e+00,-1.980000e-01
1.875030e+01,5.752000e-01
1.272040e+01,8.303000e-01
1.351050e+01,9.300000e-02
6.914200e+00,2.519000e-01
1.659760e+01,6.118000e-01
1.694670e+01,-1.837000e-01
1.248160e+01,-1.868000e-01
1.150870e+01,4.890000e-02
9.363700e+00,3.291000e-01
1.310590e+01,5.094000e-01
1.813150e+01,1.339400e+00
1.429240e+01,3.516000e-01
1.572250e+01,1.122000e+00
1.093200e+01,3.974000e-01
1.110350e+01,7.442000e-01
1.828860e+01,7.092000e-01
5.108300e+00,2.980000e-02
1.981500e+01,9.121000e-01
1.927030e+01,-4.386000e-01
1.988520e+01,3.641000e-01
1.616240e+01,5.230000e-02
7.921300e+00,1.292600e+00
1.943280e+01,-1.932000e-01
1.157010e+01,-1.234000e-01
8.446900e+00,2.207000e-01
1.876860e+01,6.546000e-01
1.612270e+01,4.565000e-01
1.938840e+01,6.759000e-01
1.177980e+01,7.804000e-01
