1.238776e+01,5.279366e-01
1.114251e+01,3.356327e-01
7.636533e+00,-2.934190e-02
7.833813e+00,6.781512e-01
3.118919e+00,-1.965120e-01
8.329170e+00,6.716013e-01
1.037298e+01,2.213918e-01
4.133556e+00,-3.808590e-01
1.676363e+01,4.096258e-01
1.588814e+01,9.766150e-01
1.540683e+01,1.156468e+00
3.339150e+00,1.137812e+00
1.499258e+01,2.086847e-01
8.032755e+00,8.845015e-02
5.993021e+00,3.522889e-01
4.682681e+00,1.081246e+00
1.542195e+01,2.004877e-02
3.813252e+00,1.213849e+00
1.517381e+01,7.559889e-01
8.662086e+00,9.581106e-01
1.961758e+01,4.401612e-01
1.275585e+01,1.476945e-01
4.351819e+00,-5.071515e-01
1.426251e+01,-4.745328e-01
5.661855e+00,1.489826e+00
7.443988e+00,5.643508e-01
6.237303e+00,2.040991e+00
3.525274e+00,-8.424118e-01
1.102571e+01,7.280845e-01
7.846850e+00,8.614211e-01
8.493587e+00,8.942447e-01
1.419039e+01,1.928826e-01
7.663666e+00,1.270494e+00
5.600150e+00,9.476398e-01
8.145669e+00,1.751302e-01
1.079212e+01,-4.283939e-01
1.612409e+01,9.640194e-01
7.395171e+00,5.463881e-01
3.648526e+00,1.386785e-01
9.489583e+00,1.474086e+00
5.825761e+00,1.717421e-01
3.182374e+00,1.292111e+00
1.083541e+01,3.004036e-01
8.613047e+00,1.202030e+00
1.496733e+01,1.544990e+00
1.061716e+01,1.189611e+00
1.767133e+01,7.413082e-01
9.719103e+00,9.025338e-01
1.490640e+01,4.840549e-01
1.297893e+01,-9.285042e-02
1.034933e+01,5.800806e-01
1.950052e+01,4.661175e-01
7.347874e+00,3.095067e-01
9.319270e+00,9.115968e-01
1.875764e+01,3.225146e-01
9.118878e+00,1.165074e+00
8.379789e+00,-4.627576e-01
6.373723e+00,4.981419e-01
1.520663e+01,1.449977e+00
5.341339e+00,9.437996e-01
4.328653e+00,4.447174e-01
1.532905e+01,9.519397e-01
9.083993e+00,5.051174e-01
6.478180e+00,6.963244e-01
7.947302e+00,1.999363e+00
7.407944e+00,9.851469e-01
1.184385e+01,1.354651e+00
1.593797e+01,1.869980e-01
1.500701e+01,1.119707e+00
1.471995e+01,6.118564e-01
1.462135e+01,2.288401e-02
8.655363e+00,6.870643e-01
1.380755e+01,8.029968e-01
1.943801e+01,1.851690e-01
4.950042e+00,1.455067e+00
5.307960e+00,4.829383e-01
1.019383e+01,1.085625e+00
1.476637e+01,-7.689001e-01
4.073172e+00,1.369982e+00
1.472867e+01,7.384039e-01
4.577121e+00,1.171368e+00
5.496868e+00,4.558086e-01
4.763920e+00,2.344764e-01
7.117476e+00,7.939517e-01
1.007606e+01,1.007019e+00
1.443237e+01,-3.865848e-01
1.595396e+01,5.827071e-01
1.536440e+01,-1.492471e-01
1.272973e+01,5.500259e-01
8.044861e+00,1.079046e+00
7.570367e+00,6.869751e-01
1.231430e+01,8.823858e-01
1.899898e+01,7.081606e-01
1.976708e+01,1.152076e-01
1.882346e+01,8.299219e-01
9.096194e+00,1.284616e-01
1.150928e+01,4.135938e-01
8.703770e+00,5.397839e-01
1.256824e+01,1.478868e+00
1.208723e+01,1.011774e+00
6.767438e+00,3.106039e-01
9.957018e+00,1.922568e+00
1.896458e+01,1.368430e+00
1.703496e+01,2.774455e+00
1.294125e+01,1.471613e-02
1.802245e+01,3.073646e-01
4.533454e+00,7.066775e-01
1.144132e+01,1.400575e+00
7.782488e+00,1.145437e+00
1.164005e+01,7.773493e-01
1.929993e+01,1.571834e+00
7.741017e+00,3.206450e-01
1.201756e+01,1.291759e+00
3.237907e+00,-1.881024e-01
1.568313e+01,-3.432786e-01
1.704963e+01,8.062991e-02
1.238575e+01,1.004278e+00
5.418979e+00,6.353363e-01
8.612029e+00,6.723485e-01
1.105735e+01,8.758403e-02
1.883245e+01,4.037127e-01
4.817784e+00,3.388592e-01
3.321350e+00,7.044062e-01
5.755143e+00,9.621322e-01
1.524002e+01,-6.287234e-01
6.793659e+00,9.806303e-01
1.166435e+01,8.288630e-01
1.576925e+01,1.640647e+00
1.099829e+01,2.055121e+00
8.843449e+00,8.330275e-01
9.038917e+00,8.813199e-02
4.040659e+00,1.587519e+00
1.340579e+01,1.027653e+00
7.990637e+00,4.942407e-01
1.909320e+01,5.566755e-01
1.042835e+01,-1.137445e-01
1.791242e+01,4.183992e-01
1.229197e+01,-6.690866e-01
1.811048e+01,3.270930e-01
1.817894e+01,1.344150e+00
1.005632e+01,7.134555e-01
1.445570e+01,5.478806e-02
9.645249e+00,4.927806e-01
1.902148e+01,5.917795e-01
1.912378e+01,4.146820e-01
1.466654e+01,1.799587e+00
1.491396e+01,1.405683e-01
3.268578e+00,2.087537e+00
1.253437e+01,1.136045e+00
5.478354e+00,1.261546e+00
1.677008e+01,7.232473e-01
1.508896e+01,6.682315e-01
6.756955e+00,1.332079e+00
6.351042e+00,1.176471e+00
9.417807e+00,1.485860e+00
8.363467e+00,1.332701e+00
1.017283e+01,-2.789903e-01
1.049719e+01,7.920153e-01
1.034431e+01,-3.378123e-01
1.198891e+01,1.158544e+00
4.657823e+00,1.229794e+00
7.935261e+00,1.155816e+00
8.669167e+00,1.382969e+00
4.986693e+00,8.008508e-01
1.174155e+01,6.811730e-01
1.204569e+01,3.945179e-01
1.769568e+01,-2.005368e-01
1.140922e+01,4.463523e-01
1.282249e+01,1.704608e+00
1.403688e+01,2.380816e+00
9.819400e+00,2.392793e+00
8.813243e+00,1.236676e+00
1.222173e+01,9.435386e-01
7.515515e+00,6.575632e-01
1.063578e+01,-1.378027e-01
1.669269e+01,3.429108e-01
1.464219e+01,1.711458e+00
1.029014e+01,5.692130e-02
1.366120e+01,-3.319452e-01
4.600057e+00,2.447282e-01
1.634347e+01,-2.320776e-01
1.243059e+01,-6.923343e-01
1.703690e+01,4.516792e-03
1.790283e+01,1.286465e+00
1.698811e+01,7.528837e-01
7.524886e+00,2.288207e-01
1.845468e+01,4.558940e-02
9.638843e+00,9.248040e-01
1.156173e+01,-3.372522e-02
1.048547e+01,-5.883749e-01
1.444536e+01,-4.774200e-01
1.310368e+01,5.223589e-01
1.849518e+01,1.155177e+00
1.013925e+01,1.281994e+00
5.076158e+00,1.148397e-01
5.204733e+00,1.027586e+00
1.422040e+01,-3.113142e-02
5.750198e+00,5.100957e-01
1.407403e+01,1.416516e+00
1.362847e+01,8.489713e-01
