2.469931e+00,2.114735e+00
1.037892e+00,-2.687954e-02
2.509792e+00,8.705202e-01
3.192046e+00,1.819225e+00
7.216514e-01,-1.034620e+00
2.758142e+00,1.469876e+00
2.889190e+00,7.623977e-01
1.978685e+00,1.794365e-01
1.508805e+00,5.074984e-01
1.019422e+00,2.809766e+00
2.627431e+00,6.876314e-01
2.230705e+00,6.015582e-01
4.460506e-01,2.223709e+00
3.184037e+00,1.698356e+00
1.139047e+00,-4.340469e-01
2.359181e+00,1.101420e+00
1.893470e+00,2.921675e+00
2.955517e+00,2.606218e+00
1.044013e+00,2.067512e+00
2.019215e+00,1.111589e+00
2.122052e+00,4.770985e-01
1.555011e+00,7.981744e-01
1.456605e+00,-3.584901e-01
2.108874e+00,-7.607972e-01
8.593790e-01,5.321634e-01
1.255862e+00,4.691523e-01
2.118118e+00,1.069064e+00
8.853733e-01,8.955894e-01
3.390269e+00,1.056388e+00
3.053880e+00,3.182933e+00
-2.929387e-01,1.310359e+00
-7.886051e-01,-1.039032e+00
1.948169e+00,-7.311354e-01
2.510498e+00,-3.173718e-01
9.000384e-01,7.118390e-01
2.080706e+00,-1.330730e+00
2.330738e+00,2.420847e+00
1.081618e+00,-4.784558e-02
1.169744e+00,1.105306e+00
2.334114e+00,1.545070e+00
8.827439e-01,1.470186e+00
1.679840e+00,1.100365e+00
1.447038e+00,1.250813e+00
1.271040e+00,3.392250e+00
9.606659e-01,2.955509e+00
1.826617e+00,1.329495e+00
-6.104737e-01,5.137153e-01
2.818517e+00,1.080618e-01
1.660315e+00,3.815944e-01
3.134095e+00,6.224659e-01
1.903652e+00,5.444951e-03
1.132069e+00,4.757045e-01
1.463120e+00,-7.274085e-02
2.929157e+00,1.610850e-01
1.654813e+00,1.915436e+00
9.216702e-01,1.000384e+00
1.060489e+00,2.305265e+00
4.925412e+00,1.201294e+00
8.762835e-01,1.666133e+00
8.903839e-01,1.283063e+00
6.330155e-01,9.951153e-01
1.588141e+00,1.372287e+00
1.200644e+00,8.008591e-01
2.273245e+00,1.025729e+00
3.077828e+00,1.015786e-01
2.406554e+00,1.678601e+00
2.968261e+00,1.790224e+00
1.393874e+00,2.763562e+00
3.296056e+00,1.604353e+00
8.072228e-03,2.342130e-01
1.002812e+00,1.410963e+00
6.588487e-01,1.422781e+00
1.057121e+00,1.508404e+00
9.019955e-01,6.074356e-01
1.963232e+00,1.668236e+00
2.835767e+00,3.199545e+00
1.512712e+00,8.698664e-01
4.013338e-01,-8.113284e-01
1.664135e+00,1.067274e+00
2.967687e+00,1.540783e+00
-1.452249e-01,1.726974e+00
1.687941e+00,-5.448484e-02
2.201612e-01,1.211468e+00
2.792016e+00,5.485844e-01
1.979389e+00,6.822459e-01
-7.726358e-02,5.138689e-01
2.760183e+00,1.219020e-01
1.438967e+00,1.210966e+00
-1.498190e-01,3.002225e-01
1.392653e+00,1.889114e+00
1.805511e+00,9.018179e-01
3.109885e-01,2.717383e+00
2.179621e+00,-2.514251e-01
1.023334e+00,2.524026e+00
-5.149425e-01,-4.338678e-01
2.968827e-01,3.867853e+00
2.935675e+00,1.053528e+00
2.181018e-02,1.340684e+00
3.804119e+00,1.316679e+00
1.058629e+00,2.262504e+00
2.186345e+00,2.826259e+00
3.122148e+00,-8.875979e-01
3.581291e+00,5.966976e-01
3.498887e+00,-1.126085e+00
9.234322e-01,2.263069e+00
2.230166e+00,-1.510705e+00
3.850478e+00,1.272656e+00
1.264399e+00,9.180438e-01
-3.736334e-01,-1.845424e-02
1.549480e+00,7.515066e-01
1.579119e+00,-5.116744e-01
-7.131589e-01,1.214320e+00
2.758854e+00,1.933968e+00
1.309958e+00,-3.277569e-02
1.594541e+00,1.662699e+00
1.171640e+00,1.042431e+00
1.343259e+00,6.417495e-01
-4.199887e-02,2.137716e+00
1.791126e+00,1.615161e+00
1.234985e+00,6.431677e-01
2.450318e-01,2.677966e+00
5.798665e-01,2.321961e+00
2.883306e+00,2.142575e-01
-8.971673e-02,1.268493e+00
1.863919e+00,2.215839e+00
2.363149e+00,1.128823e-01
2.831539e+00,1.374323e-01
2.099601e+00,1.632519e-01
-5.252666e-01,1.031449e+00
2.039014e+00,1.749165e+00
1.698237e+00,1.145031e+00
6.992672e-01,-9.429332e-01
1.144204e+00,4.702191e-01
1.555790e+00,1.307427e+00
1.376528e+00,1.353402e+00
2.154236e+00,1.580662e-01
1.503348e+00,2.278153e+00
1.678131e+00,2.876372e-03
3.706886e+00,1.695745e+00
9.706537e-01,1.870964e+00
5.766721e-03,1.298440e+00
1.398341e+00,2.496136e+00
4.759320e+00,2.659469e+00
2.864514e+00,-1.821922e+00
9.495991e-01,5.260840e-03
3.049681e+00,2.398636e+00
4.574004e-01,-2.327640e-02
5.083863e-01,-3.420511e-01
1.183216e+00,-1.021201e+00
1.043980e+00,1.240260e+00
9.082129e-01,-1.106808e+00
3.554298e+00,8.374314e-01
1.266387e+00,7.069890e-01
1.478939e+00,4.898416e-01
8.073123e-01,1.179092e+00
2.372481e+00,-1.049936e+00
1.322231e+00,5.088777e-01
1.827300e+00,-1.001513e-01
-2.178189e+00,1.746575e+00
1.394774e+00,1.982900e+00
1.927285e+00,9.608463e-01
-3.230849e-01,3.059265e+00
2.033189e+00,-3.823195e-01
1.962801e+00,2.311714e+00
1.177601e+00,2.254287e-01
1.632343e+00,8.195741e-01
-1.214470e-01,-4.603638e-01
6.470974e-01,1.954535e+00
2.922367e+00,1.885619e-01
2.419637e+00,2.014813e+00
2.462470e+00,5.139780e-01
2.090877e+00,2.333664e+00
-2.414282e-01,3.596930e-01
1.638911e-01,-5.945080e-01
1.966157e+00,2.933122e+00
1.160298e+00,1.665733e+00
1.377569e+00,8.589321e-01
2.341773e+00,5.262040e-01
5.960405e-01,1.926781e+00
8.864386e-01,2.024870e+00
2.281034e+00,2.143691e+00
1.171468e+00,1.937758e+00
2.035449e+00,2.213356e+00
2.016730e+00,3.665537e+00
2.612391e+00,1.079113e+00
1.083660e+00,2.192741e+00
-2.724985e-01,1.124608e+00
1.008962e+00,1.436810e+00
9.282215e-01,3.374235e+00
1.888626e+00,2.296272e+00
8.464204e-01,9.271910e-02
1.920577e+00,2.643806e+00
1.447622e+00,8.600791e-01
-1.340187e-01,8.784204e-01
2.031421e+00,1.329840e+00
1.110290e+00,1.926508e+00
2.228156e+00,4.226029e-01
-4.119952e-01,1.112831e+00
7.291831e-02,1.136833e+00
3.001149e+00,9.311117e-01
