1.282700e+01,9.749987e+00
1.937697e+01,3.982061e+00
1.646172e+01,5.759178e+00
1.274631e+01,4.987145e+00
5.342185e+00,2.812404e+00
1.368846e+01,3.665703e+00
1.240527e+01,9.413898e+00
6.832836e+00,-2.130423e+00
1.560936e+01,4.636868e+00
1.175213e+01,-6.839727e+00
1.292215e+01,3.166035e+00
7.054078e+00,4.518283e-01
1.692217e+01,1.205104e+01
1.194885e+01,1.079934e+00
1.203280e+01,5.011528e+00
1.133316e+01,1.948295e+00
1.231300e+01,6.020031e+00
1.241162e+01,4.670637e+00
1.654075e+01,1.099898e+01
1.147484e+01,-4.418514e-01
7.683226e+00,9.615674e-01
1.280503e+01,4.185756e+00
1.853985e+01,2.878951e+00
1.761001e+01,1.688514e+00
1.796153e+01,3.119675e+00
1.817368e+01,3.381697e+00
1.109544e+01,1.547380e+00
1.643280e+01,9.671124e-01
1.512702e+01,9.286234e+00
1.771094e+01,3.549800e+00
1.481702e+01,1.978198e+00
1.480119e+01,5.943263e+00
9.457785e+00,4.241457e+00
1.997511e+01,3.555393e+00
1.080255e+01,-3.521060e+00
1.273204e+01,6.523739e+00
1.543951e+01,4.357404e+00
8.868676e+00,-3.938462e+00
1.946138e+01,2.515913e+00
7.673678e+00,3.611944e+00
1.790764e+01,1.503808e+00
5.312409e+00,4.998665e+00
1.164176e+01,7.497804e+00
1.745362e+01,7.276987e+00
1.851072e+01,7.898648e+00
1.520066e+01,2.064827e+00
6.482005e+00,8.033463e+00
9.650742e+00,4.838063e+00
1.236348e+01,-1.204071e+00
1.091365e+01,1.196900e+00
9.841342e+00,-1.133659e+00
5.318461e+00,2.531141e+00
9.944899e+00,1.444960e+00
1.259730e+01,1.843245e+00
1.950799e+01,4.663004e+00
1.252544e+01,-1.393436e+00
1.536030e+01,1.232261e+00
1.333797e+01,1.377707e-01
1.153634e+01,2.297499e+00
6.166529e+00,2.797346e+00
5.415173e+00,1.586053e+00
1.170937e+01,-6.351425e-01
5.597845e+00,-3.835830e+00
6.118656e+00,5.590394e-01
5.663557e+00,4.660466e+00
1.622783e+01,-3.784986e-01
7.946100e+00,4.024959e+00
1.702729e+01,1.046651e+01
8.463502e+00,-1.939781e-01
7.346264e+00,1.677189e+00
1.182577e+01,3.855550e+00
7.698810e+00,-2.968451e+00
6.774217e+00,-9.429621e-01
1.940229e+01,4.676596e+00
1.211642e+01,-3.412625e-01
1.983212e+01,2.528185e+00
1.144861e+01,-2.779363e+00
1.880818e+01,8.893240e+00
1.783632e+01,5.501686e+00
1.671482e+01,5.625389e+00
5.741630e+00,1.610225e+00
5.166295e+00,-6.465876e-01
5.346980e+00,2.204335e+00
1.974034e+01,6.957291e-01
1.055217e+01,3.072508e+00
1.187450e+01,5.680801e+00
6.481462e+00,9.180750e-01
6.723625e+00,2.374518e+00
1.971449e+01,6.432214e+00
6.087890e+00,2.268279e+00
1.313015e+01,4.766817e+00
1.422094e+01,6.243982e+00
1.531548e+01,8.585655e+00
1.205056e+01,5.349293e+00
5.154054e+00,-5.361701e+00
6.879912e+00,1.060491e+01
6.108225e+00,-1.896687e-01
6.603777e+00,-4.142153e-01
1.350497e+01,4.687592e+00
5.496136e+00,9.047800e-01
1.451632e+01,4.601978e+00
1.134305e+01,-1.197779e+00
1.277407e+01,5.135173e+00
1.413337e+01,3.094439e+00
5.043720e+00,-2.721088e+00
1.717224e+01,6.240377e+00
1.239622e+01,5.750212e+00
1.380569e+01,2.733995e+00
8.440636e+00,2.353863e-01
1.703737e+01,3.741271e+00
1.196499e+01,6.370375e+00
8.586381e+00,6.645804e+00
6.281707e+00,1.988834e+00
1.076972e+01,6.874295e+00
1.319292e+01,1.179490e+00
6.952482e+00,5.470174e+00
1.164833e+01,1.335475e+00
9.814447e+00,1.094735e+00
1.046263e+01,5.444393e+00
1.619087e+01,1.806472e+00
6.741837e+00,3.015719e+00
5.516097e+00,-1.196902e+00
5.442861e+00,3.536686e+00
9.968910e+00,4.935611e+00
1.082623e+01,5.301843e+00
1.311825e+01,7.764917e+00
1.192529e+01,3.155115e+00
1.032476e+01,3.691047e+00
1.528728e+01,2.624686e+00
1.050691e+01,-2.206562e-01
7.231332e+00,-2.274712e-02
7.069961e+00,7.255148e+00
1.499463e+01,5.246027e+00
1.797768e+01,-9.328711e-01
6.143459e+00,4.380261e+00
1.776384e+01,9.358574e+00
1.921441e+01,9.775208e+00
1.305670e+01,4.391498e+00
1.494720e+01,2.194151e+00
1.889893e+01,2.176086e+00
1.895220e+01,3.188756e+00
1.229538e+01,2.081950e+00
5.982020e+00,5.216942e+00
1.956836e+01,3.418228e+00
1.329647e+01,4.014514e+00
6.315205e+00,-1.516715e+00
1.673234e+01,3.300495e+00
1.888044e+01,3.298543e+00
1.081442e+01,9.816066e-01
9.389408e+00,2.392892e+00
1.277113e+01,5.282741e+00
1.202464e+01,5.897678e+00
1.079899e+01,4.631981e+00
1.714251e+01,5.648241e+00
7.933338e+00,-1.322112e+00
1.566035e+01,2.561023e+00
7.990822e+00,-4.703426e-01
1.766760e+01,5.898555e+00
8.958433e+00,9.022039e-01
1.488284e+01,3.802303e+00
1.824685e+01,3.370934e+00
5.719743e+00,-7.002984e-01
1.334048e+01,6.411076e+00
1.186649e+01,-5.032892e-01
1.923512e+01,7.256044e+00
8.101889e+00,-3.375225e+00
6.734730e+00,3.519580e+00
5.472618e+00,3.596136e+00
7.589567e+00,4.006248e+00
1.871780e+01,4.807110e+00
6.710914e+00,-2.420092e+00
1.932991e+01,3.975789e+00
1.372191e+01,7.752622e+00
1.244394e+01,6.428612e+00
1.323950e+01,7.900433e+00
1.127609e+01,4.023491e+00
1.046195e+01,2.939691e+00
1.322895e+01,1.640318e+00
1.977098e+01,1.909036e+00
1.028778e+01,3.304691e-01
1.770570e+01,1.199439e+01
1.657891e+01,6.861936e-02
1.172401e+01,2.095410e+00
5.252351e+00,2.822101e-01
7.570085e+00,2.833148e+00
6.080889e+00,-2.441479e-01
9.243746e+00,3.208485e-01
5.962720e+00,4.406766e+00
1.711169e+01,3.017816e+00
1.124827e+01,2.928575e+00
1.658082e+01,2.610539e+00
1.697377e+01,9.092624e+00
1.245728e+01,3.244019e-01
1.254988e+01,5.605006e+00
1.745324e+01,7.420155e+00
1.648207e+01,7.783098e+00
1.263522e+01,6.913290e+00
1.642009e+01,2.378695e+00
8.673630e+00,2.232118e+00
1.057566e+01,2.762755e+00
