1.000000e+00,1.746466e+01,2.489831e+01
1.000000e+00,1.059989e+01,1.911518e+01
1.000000e+00,2.080483e+01,1.403339e+01
1.000000e+00,2.383061e+01,2.225289e-01
1.000000e+00,2.253353e+01,1.703260e+01
1.000000e+00,1.613391e+01,8.082760e+00
1.000000e+00,1.488908e+01,7.210645e-01
1.000000e+00,9.029247e+00,1.617138e+01
1.000000e+00,1.512675e+01,2.035339e+01
1.000000e+00,2.074944e+01,2.814147e+00
1.000000e+00,2.459415e+01,-6.656875e+00
1.000000e+00,1.952246e+01,4.160166e-01
1.000000e+00,2.365812e+01,2.818199e+01
1.000000e+00,1.078028e+01,-6.451905e+00
1.000000e+00,2.245923e+01,2.720120e+01
1.000000e+00,1.439055e+01,-8.821793e-01
1.000000e+00,1.310208e+01,-4.780843e-01
1.000000e+00,2.428652e+01,-6.003517e+00
1.000000e+00,1.920808e+01,2.492472e+01
1.000000e+00,9.342892e+00,-4.646717e+00
1.000000e+00,2.482236e+01,2.436534e+01
1.000000e+00,1.050051e+01,1.600084e+00
1.000000e+00,2.004120e+01,2.641206e+00
1.000000e+00,1.643032e+01,-1.125928e+01
1.000000e+00,1.626117e+01,3.245697e+01
1.000000e+00,1.185906e+01,1.327898e+01
1.000000e+00,2.126837e+01,2.914448e+01
1.000000e+00,2.312535e+01,7.093857e+00
1.000000e+00,2.170397e+01,3.650563e+01
1.000000e+00,2.327126e+01,1.646715e+01
1.000000e+00,1.241110e+01,7.163972e+00
1.000000e+00,1.489113e+01,1.363216e+01
1.000000e+00,1.723700e+01,1.993288e+01
1.000000e+00,1.117839e+01,2.420910e-01
1.000000e+00,1.726875e+01,1.907606e+01
1.000000e+00,1.004461e+01,6.157902e+00
1.000000e+00,1.315372e+01,6.383510e+00
1.000000e+00,1.151504e+01,-1.964720e+00
1.000000e+00,1.378707e+01,1.112156e+01
1.000000e+00,1.098108e+01,5.766923e-01
1.000000e+00,2.007769e+01,1.782345e+01
1.000000e+00,1.167227e+01,9.063630e+00
1.000000e+00,1.461670e+01,2.015661e+01
1.000000e+00,2.393708e+01,2.699442e+01
1.000000e+00,2.336611e+01,2.093131e+01
1.000000e+00,1.369335e+01,2.527231e+01
1.000000e+00,1.301400e+01,1.548514e+01
1.000000e+00,1.224176e+01,2.816457e+00
1.000000e+00,1.272768e+01,2.214415e+01
1.000000e+00,9.407032e+00,-5.165738e+00
1.000000e+00,1.665868e+01,1.685242e+01
1.000000e+00,1.391295e+01,2.624387e+00
1.000000e+00,1.586603e+01,-4.025349e+00
1.000000e+00,2.039588e+01,1.749111e+01
1.000000e+00,1.296287e+01,2.183607e+01
1.000000e+00,2.088465e+01,7.853583e-01
1.000000e+00,1.310549e+01,1.246617e+01
1.000000e+00,9.795796e+00,1.243396e+01
1.000000e+00,2.054384e+01,3.504434e+00
1.000000e+00,1.832523e+01,3.565636e+00
1.000000e+00,1.569036e+01,2.212367e+01
1.000000e+00,1.880888e+01,3.400498e+01
1.000000e+00,1.226848e+01,-2.365550e+00
1.000000e+00,1.430671e+01,-5.654366e+00
1.000000e+00,2.485537e+01,1.960975e+01
1.000000e+00,2.334202e+01,2.891858e+01
1.000000e+00,1.434147e+01,1.628875e+01
1.000000e+00,1.695607e+01,-2.053369e+00
1.000000e+00,1.676678e+01,2.240815e+00
1.000000e+00,1.227919e+01,2.287344e+00
1.000000e+00,1.586850e+01,2.237249e+01
1.000000e+00,1.986239e+01,2.666630e+01
1.000000e+00,2.183483e+01,-1.412628e+01
1.000000e+00,1.305075e+01,-5.618862e+00
1.000000e+00,2.104067e+01,1.210170e+01
1.000000e+00,2.255571e+01,4.286239e+01
1.000000e+00,1.957221e+01,3.387444e+00
1.000000e+00,1.816649e+01,2.281085e+01
1.000000e+00,1.901683e+01,2.699774e+01
1.000000e+00,1.661352e+01,2.546223e+01
1.000000e+00,1.257199e+01,7.206255e+00
1.000000e+00,1.116407e+01,5.156615e+00
1.000000e+00,1.881847e+01,-4.378146e+00
1.000000e+00,2.147999e+01,2.682666e+01
1.000000e+00,1.364302e+01,7.861747e+00
1.000000e+00,2.134402e+01,2.046422e+01
1.000000e+00,1.206046e+01,-3.836057e+00
1.000000e+00,1.520795e+01,-2.574614e+00
1.000000e+00,1.505338e+01,3.129525e+01
1.000000e+00,1.017143e+01,-1.950246e+00
1.000000e+00,9.035118e+00,8.550212e+00
1.000000e+00,1.828225e+01,1.491339e+01
1.000000e+00,1.583908e+01,1.529354e+01
1.000000e+00,1.485099e+01,1.984452e+01
1.000000e+00,2.005322e+01,2.992162e-01
1.000000e+00,1.420774e+01,1.435299e+01
1.000000e+00,2.143480e+01,1.566374e+01
1.000000e+00,1.219936e+01,1.560318e+01
1.000000e+00,1.319268e+01,-3.898846e+00
1.000000e+00,1.983532e+01,1.080589e+01
1.000000e+00,1.017099e+01,1.034337e+01
1.000000e+00,1.111065e+01,1.336706e+01
1.000000e+00,1.210786e+01,7.400370e-01
1.000000e+00,9.610458e+00,-5.029092e+00
1.000000e+00,1.423760e+01,2.337421e+00
1.000000e+00,1.248534e+01,8.217689e-01
1.000000e+00,1.167540e+01,1.394616e+01
1.000000e+00,1.731482e+01,2.968550e+01
1.000000e+00,9.139872e+00,1.088783e+01
1.000000e+00,2.072985e+01,2.514897e+01
1.000000e+00,2.470964e+01,1.722124e+01
1.000000e+00,2.428667e+01,2.126347e+01
1.000000e+00,2.189537e+01,2.158427e+01
1.000000e+00,1.600879e+01,9.622965e+00
1.000000e+00,1.542902e+01,3.700139e+00
1.000000e+00,1.652569e+01,1.433549e+01
1.000000e+00,1.261830e+01,2.247154e+01
1.000000e+00,2.243335e+01,5.913627e+00
1.000000e+00,1.027909e+01,-1.174341e+01
1.000000e+00,1.676669e+01,2.308529e+01
1.000000e+00,2.189580e+01,4.168702e+01
1.000000e+00,1.386519e+01,3.460245e+01
1.000000e+00,1.015535e+01,1.516909e+01
1.000000e+00,1.171718e+01,-1.088832e+01
1.000000e+00,9.765670e+00,-8.890681e-01
1.000000e+00,2.409123e+01,1.827658e+01
1.000000e+00,9.986916e+00,2.917121e+00
1.000000e+00,1.984721e+01,2.681166e+01
1.000000e+00,1.937894e+01,2.169089e+01
1.000000e+00,1.795198e+01,4.885817e+00
1.000000e+00,1.675580e+01,-5.426247e+00
1.000000e+00,2.446788e+01,2.349892e+01
1.000000e+00,1.736700e+01,2.619837e+01
1.000000e+00,1.208697e+01,2.114040e+01
1.000000e+00,2.439500e+01,2.524239e+01
1.000000e+00,1.140575e+01,2.818470e+00
1.000000e+00,1.747274e+01,1.040671e+01
1.000000e+00,1.316700e+01,4.473300e+00
1.000000e+00,1.599146e+01,-6.638974e-01
1.000000e+00,1.341014e+01,1.679568e+01
1.000000e+00,1.840633e+01,1.717887e+01
1.000000e+00,2.446166e+01,-1.862077e+01
1.000000e+00,1.551705e+01,1.505012e+01
1.000000e+00,1.473189e+01,4.092864e+00
1.000000e+00,2.221173e+01,1.676073e+01
1.000000e+00,1.488595e+01,-1.695508e+01
1.000000e+00,2.475273e+01,2.858519e+01
1.000000e+00,1.010904e+01,-1.031631e+01
1.000000e+00,1.333807e+01,1.744981e+01
1.000000e+00,1.568340e+01,1.353926e+01
1.000000e+00,2.383584e+01,2.704088e+01
1.000000e+00,2.331158e+01,1.743893e+01
1.000000e+00,2.345794e+01,7.231238e+00
1.000000e+00,9.429583e+00,-7.915725e-02
1.000000e+00,1.337897e+01,-3.110317e+00
1.000000e+00,1.245032e+01,2.378545e+01
1.000000e+00,9.012828e+00,-8.558745e-01
1.000000e+00,1.262476e+01,-3.598825e+00
1.000000e+00,9.305856e+00,1.016817e+01
1.000000e+00,2.370980e+01,2.207353e+01
1.000000e+00,1.867405e+01,1.357993e+00
1.000000e+00,2.151977e+01,2.866348e+01
1.000000e+00,2.245493e+01,3.371277e+01
1.000000e+00,2.447442e+01,-2.500420e+00
1.000000e+00,2.273207e+01,1.906514e+01
1.000000e+00,1.725294e+01,2.478061e+00
1.000000e+00,1.129709e+01,3.508048e+00
1.000000e+00,1.040634e+01,-1.819025e+00
1.000000e+00,1.087139e+01,7.211107e+00
1.000000e+00,1.956207e+01,3.387154e+01
1.000000e+00,2.463561e+01,9.551701e+00
1.000000e+00,1.230322e+01,2.323993e+01
1.000000e+00,1.159562e+01,2.002941e+01
1.000000e+00,1.699153e+01,2.048200e+01
1.000000e+00,2.430932e+01,2.418760e+01
1.000000e+00,2.292300e+01,2.295258e+01
1.000000e+00,2.004891e+01,3.294189e+01
1.000000e+00,1.484930e+01,1.012770e+01
1.000000e+00,1.882742e+01,2.094285e+01
1.000000e+00,1.424862e+01,3.625014e+00
1.000000e+00,2.282668e+01,5.607478e+00
1.000000e+00,2.275303e+01,2.534719e+01
1.000000e+00,2.370872e+01,2.482662e+01
1.000000e+00,9.480620e+00,3.054918e+01
1.000000e+00,2.317374e+01,1.182741e+01
1.000000e+00,2.440305e+01,2.543400e+01
1.000000e+00,2.078564e+01,7.428444e+00
1.000000e+00,1.862529e+01,-1.901676e+00
1.000000e+00,1.026736e+01,-1.583020e+01
1.000000e+00,2.139441e+01,3.071174e+01
1.000000e+00,1.652905e+01,-5.108812e+00
1.000000e+00,1.547063e+01,1.695193e+01
1.000000e+00,1.488990e+01,1.412403e+01
1.000000e+00,2.268376e+01,2.979257e+01
1.000000e+00,1.436367e+01,8.696294e+00
1.000000e+00,2.251412e+01,4.370571e+00
1.000000e+00,2.165898e+01,3.577154e+01
1.000000e+00,1.611243e+01,2.223778e+01
1.000000e+00,1.097835e+01,-2.326394e+01
1.000000e+00,1.587832e+01,6.519044e+00
