2.214042e+01,-6.998769e-02
8.866829e+00,-1.070891e-01
1.999822e+01,6.698571e-01
5.437042e+00,3.380844e-01
3.810808e+00,2.855985e-01
9.545018e+00,4.066882e-01
1.966215e+01,5.997429e-01
1.580964e+01,6.470496e-01
7.798260e+00,3.640126e-01
1.530378e+01,1.700685e-01
5.953511e+00,-3.212447e-01
3.351729e+00,-1.361845e-01
4.649511e+00,1.002194e-01
5.058487e+00,-4.044995e-01
3.112546e+00,1.513299e-01
7.467133e+00,6.164273e-01
1.728824e+01,-1.449743e-01
1.085484e+01,3.930670e-01
9.383714e+00,6.424922e-02
2.972245e+00,1.774193e-01
2.048885e+01,2.189684e-02
1.875948e+01,1.730403e-01
1.996012e+01,9.292484e-02
2.256166e+01,6.024759e-01
1.881266e+01,1.384084e-02
6.390237e+00,4.725194e-01
3.559931e+00,1.417003e-01
7.045642e+00,1.134588e+00
1.044327e+01,6.848620e-01
1.373088e+01,7.513432e-01
6.878217e+00,7.293399e-01
1.727789e+01,-9.103274e-03
1.831761e+00,3.482125e-01
1.045246e+01,4.066657e-01
4.659197e+00,2.892461e-01
8.207824e+00,3.848987e-01
1.713545e+01,1.036407e-02
6.121458e+00,7.562444e-01
5.383255e+00,-2.586539e-01
1.431984e+01,5.607358e-01
8.592012e+00,1.810791e-01
1.244054e+01,2.970338e-02
1.885637e+01,-2.642197e-01
2.115436e+01,-6.672062e-01
1.995882e+01,3.773132e-01
1.383163e+01,4.154769e-01
1.162997e+00,5.819437e-01
2.216518e+01,2.851696e-01
2.256080e+01,5.484239e-01
3.328824e+00,8.435475e-01
7.868992e+00,2.233983e-01
1.577679e+01,-2.588853e-01
1.530149e+01,-3.414033e-01
2.823866e+00,3.078765e-01
7.725853e+00,2.725657e-01
5.255516e+00,-6.400878e-01
1.230637e+01,-1.583972e-01
1.218184e+01,2.862057e-01
1.067938e+01,4.358599e-01
1.278846e+01,5.233154e-01
2.296045e+01,8.051621e-01
1.269804e+01,2.680773e-01
1.024370e+01,4.432723e-01
2.021440e+00,-3.301583e-01
5.991764e+00,-2.400048e-01
1.921816e+01,1.163584e+00
3.314279e+00,4.583210e-01
2.467410e+01,3.259492e-01
1.304231e+00,2.404629e-01
2.129286e+01,-9.335156e-03
1.427980e+01,2.013463e-01
2.265858e+00,3.099502e-01
1.931711e+01,7.790779e-01
1.512509e+01,-2.394230e-01
1.656676e+01,6.147605e-01
2.319220e+01,7.335947e-01
6.912840e+00,6.677286e-01
5.993466e+00,-3.984437e-02
2.428608e+01,-4.539319e-01
1.787979e+01,-3.097187e-01
8.122794e+00,2.261791e-01
2.735144e+00,2.234093e-01
2.394120e+01,5.122445e-01
2.110422e+01,-2.839408e-01
2.312422e+01,1.085749e+00
1.087156e+00,1.224265e+00
4.224240e+00,1.103705e-01
2.087341e+01,-5.587407e-01
2.131197e+01,2.015174e-01
1.313685e+01,8.448906e-01
9.166996e+00,2.684166e-01
1.109135e+01,2.015857e-01
1.605714e+00,3.155939e-01
3.155119e+00,7.199848e-01
1.494690e+01,-6.538956e-03
1.115851e+01,2.218459e-02
1.434208e+01,1.135527e-01
1.934952e+01,6.602816e-01
1.329701e+01,6.841443e-01
2.142402e+01,-1.556185e-01
8.722905e+00,-2.779087e-01
5.027762e+00,-5.551698e-01
1.263333e+01,6.844135e-01
2.261901e+01,6.778015e-01
1.794587e+01,1.874846e-02
1.572354e+01,5.014256e-01
2.277735e+01,6.599060e-01
1.013386e+01,1.316978e+00
2.332749e+01,7.515899e-01
1.711364e+01,1.072268e-01
7.351296e+00,1.575596e+00
1.647468e+01,8.649110e-01
1.767118e+01,-1.657323e-01
1.808856e+01,-4.090227e-01
1.925660e+01,8.681076e-02
2.407915e+00,-3.414622e-01
1.355716e+01,3.669967e-01
2.383240e+01,-3.662297e-01
3.578997e+00,4.116702e-01
2.290625e+01,7.854118e-01
1.046938e+01,4.622669e-01
1.141078e+01,4.557254e-04
2.257547e+00,-2.618441e-01
2.219145e+01,7.203079e-01
2.347166e+01,5.653090e-01
2.119363e+01,2.704342e-01
7.397358e+00,9.154639e-01
1.955581e+01,7.704006e-01
1.756861e+01,4.409036e-01
1.072573e+01,6.877176e-01
1.004187e+01,5.654252e-01
3.666799e+00,4.757642e-01
8.099852e+00,4.598546e-01
1.532705e+01,1.575851e-01
9.373161e+00,3.555189e-01
1.807280e+01,-1.640918e-01
3.639406e+00,7.206252e-01
1.299889e+01,7.775455e-01
2.528941e+00,2.741568e-01
3.939223e+00,6.424910e-01
2.323009e+01,9.620123e-01
2.340764e+01,2.522215e-01
8.484860e+00,-1.638320e-01
2.452747e+01,2.197902e-01
1.424774e+01,1.631353e-01
1.754836e+01,1.395773e-01
5.017698e+00,1.027736e-01
1.746155e+01,2.998556e-01
1.316351e+01,1.592884e-01
2.101695e+01,1.096412e-01
7.094392e+00,1.031103e+00
2.246849e+01,1.279494e-01
2.280010e+01,9.157400e-01
1.453057e+01,-2.508536e-01
1.039220e+01,1.042439e+00
1.219215e+01,-3.825136e-02
2.305261e+01,8.233836e-01
1.079670e+01,4.309469e-02
2.253757e+01,8.112948e-01
1.130451e+01,-1.480856e-01
5.278078e+00,-5.509848e-01
1.864650e+01,-9.282449e-02
7.489311e+00,8.019779e-01
1.814126e+01,-3.434388e-01
1.357339e+01,6.789836e-01
2.068123e+01,1.233369e-01
2.124002e+01,-5.131298e-02
4.347082e+00,1.347740e-01
1.966525e+01,1.055827e+00
1.455057e+01,4.876053e-01
7.063558e+00,4.838506e-01
2.057007e+01,2.781450e-01
1.164582e+01,-3.868226e-02
1.554609e+01,-1.146506e-01
1.123330e+01,5.663524e-01
7.213529e+00,9.364457e-01
2.479615e+01,-1.772522e-01
3.055484e+00,2.027648e-02
1.417907e+00,3.454673e-02
8.653484e+00,-2.898231e-01
1.840432e+01,3.235166e-01
2.475908e+01,-8.842480e-02
1.455681e+01,-4.781471e-01
1.807584e+01,3.390396e-02
2.279909e+01,2.529959e-01
7.274302e+00,6.995650e-01
1.387887e+01,6.119723e-01
5.770881e+00,-2.129494e-01
2.273336e+01,6.326451e-01
2.380396e+00,1.497115e-01
1.616970e+01,1.016144e+00
9.856954e+00,5.222960e-01
1.577923e+01,4.477364e-01
2.338757e+01,-1.882938e-01
1.178861e+00,6.972162e-01
4.730958e+00,5.298759e-01
2.171424e+01,3.933450e-01
8.674278e+00,2.618257e-01
2.394794e+01,9.354713e-03
2.262601e+01,6.217333e-01
