1.000000e+00,2.456199e+01,4.456825e+00
1.000000e+00,2.110263e+01,7.972714e+00
1.000000e+00,2.170834e+01,-1.028502e+00
1.000000e+00,1.515340e+01,1.412012e+00
1.000000e+00,1.965204e+01,3.203578e+00
1.000000e+00,1.832389e+01,1.784161e-01
1.000000e+00,1.710814e+01,-1.648557e-01
1.000000e+00,2.473808e+01,1.174938e+01
1.000000e+00,2.283929e+01,4.579849e+00
1.000000e+00,1.663878e+01,2.636110e+00
1.000000e+00,1.638920e+01,1.846193e+00
1.000000e+00,1.918601e+01,3.039867e+00
1.000000e+00,1.511472e+01,2.425448e+00
1.000000e+00,2.039498e+01,8.309812e-01
1.000000e+00,2.073431e+01,-9.408016e-01
1.000000e+00,1.237059e+01,8.093626e+00
1.000000e+00,2.497845e+01,7.232315e+00
1.000000e+00,2.295828e+01,2.700776e+00
1.000000e+00,2.436248e+01,1.001192e+00
1.000000e+00,1.543131e+01,1.693335e+00
1.000000e+00,1.062532e+01,4.516407e+00
1.000000e+00,9.313254e+00,8.064225e-01
1.000000e+00,2.030012e+01,6.439372e+00
1.000000e+00,2.303870e+01,-1.343408e+00
1.000000e+00,2.092896e+01,2.424714e+00
1.000000e+00,1.103024e+01,2.913330e+00
1.000000e+00,1.799949e+01,7.927783e+00
1.000000e+00,1.685820e+01,5.049718e+00
1.000000e+00,1.194617e+01,1.883071e+00
1.000000e+00,9.720352e+00,-1.276068e+00
1.000000e+00,2.291957e+01,1.981514e+00
1.000000e+00,2.336508e+01,9.572540e+00
1.000000e+00,2.143155e+01,4.413721e+00
1.000000e+00,1.450108e+01,-6.225172e+00
1.000000e+00,2.432763e+01,8.249763e+00
1.000000e+00,1.221935e+01,6.991326e+00
1.000000e+00,1.299698e+01,4.887977e-01
1.000000e+00,1.093312e+01,-4.357415e+00
1.000000e+00,1.855989e+01,2.474741e+00
1.000000e+00,1.884082e+01,7.817448e+00
1.000000e+00,2.021798e+01,7.244420e+00
1.000000e+00,1.361633e+01,6.319533e+00
1.000000e+00,1.799985e+01,4.395216e+00
1.000000e+00,1.474961e+01,4.687835e+00
1.000000e+00,1.573923e+01,-1.190068e+00
1.000000e+00,1.821952e+01,8.299490e+00
1.000000e+00,2.401538e+01,5.493815e+00
1.000000e+00,1.597530e+01,-3.353016e+00
1.000000e+00,1.051262e+01,4.857123e-01
1.000000e+00,1.921245e+01,5.069842e+00
1.000000e+00,1.349044e+01,5.483783e+00
1.000000e+00,1.556566e+01,6.626700e+00
1.000000e+00,1.149684e+01,7.665864e+00
1.000000e+00,1.871670e+01,-5.498687e+00
1.000000e+00,1.766851e+01,3.824981e+00
1.000000e+00,1.025833e+01,-5.363426e+00
1.000000e+00,1.546483e+01,5.434120e+00
1.000000e+00,1.182403e+01,6.726129e+00
1.000000e+00,2.417839e+01,4.487509e+00
1.000000e+00,1.168736e+01,6.679724e+00
1.000000e+00,1.043687e+01,-1.080368e+00
1.000000e+00,1.878245e+01,4.588200e-01
1.000000e+00,1.069925e+01,4.406630e+00
1.000000e+00,1.438444e+01,5.137436e+00
1.000000e+00,2.439874e+01,7.396296e+00
1.000000e+00,1.950553e+01,8.635438e+00
1.000000e+00,1.283028e+01,-1.447631e-01
1.000000e+00,1.653655e+01,8.725323e+00
1.000000e+00,1.876475e+01,7.562776e+00
1.000000e+00,1.309945e+01,1.301579e+00
1.000000e+00,1.945477e+01,7.387585e+00
1.000000e+00,1.877344e+01,5.192233e+00
1.000000e+00,1.355709e+01,6.238848e+00
1.000000e+00,1.963342e+01,3.948325e+00
1.000000e+00,1.971925e+01,6.706834e+00
1.000000e+00,2.056078e+01,3.345216e+00
1.000000e+00,1.160305e+01,-2.197654e+00
1.000000e+00,1.836651e+01,1.869507e+00
1.000000e+00,2.050006e+01,8.672736e+00
1.000000e+00,1.195264e+01,3.312905e+00
1.000000e+00,2.151635e+01,-7.346627e-01
1.000000e+00,2.230253e+01,1.005697e+01
1.000000e+00,2.426617e+01,9.371754e+00
1.000000e+00,1.874382e+01,1.477485e+00
1.000000e+00,1.094833e+01,6.797570e+00
1.000000e+00,1.510593e+01,2.987416e+00
1.000000e+00,2.004187e+01,2.545077e+00
1.000000e+00,1.810408e+01,-2.421340e-01
1.000000e+00,2.139345e+01,8.828976e-01
1.000000e+00,1.122430e+01,3.495557e+00
1.000000e+00,1.235129e+01,4.509407e+00
1.000000e+00,1.311598e+01,2.340725e+00
1.000000e+00,1.809838e+01,6.751895e+00
1.000000e+00,1.056859e+01,5.518022e+00
1.000000e+00,1.860429e+01,3.731953e+00
1.000000e+00,1.035504e+01,4.940570e+00
1.000000e+00,1.321018e+01,2.199267e+00
1.000000e+00,1.445396e+01,-4.065206e+00
1.000000e+00,1.267540e+01,3.920656e+00
1.000000e+00,1.278040e+01,-1.148043e+00
1.000000e+00,2.305524e+01,9.045259e+00
1.000000e+00,1.607352e+01,-3.900400e-01
1.000000e+00,2.139587e+01,-1.332408e+00
1.000000e+00,1.737158e+01,4.575212e-01
1.000000e+00,1.298852e+01,9.430271e+00
1.000000e+00,1.278367e+01,8.957033e-02
1.000000e+00,1.033452e+01,-2.097163e+00
1.000000e+00,2.402200e+01,1.244874e+01
1.000000e+00,1.779932e+01,-2.907422e+00
1.000000e+00,2.275137e+01,2.670127e-01
1.000000e+00,1.627070e+01,5.853306e+00
1.000000e+00,1.458751e+01,4.013667e+00
1.000000e+00,1.181873e+01,4.712279e-01
1.000000e+00,2.130711e+01,5.446299e+00
1.000000e+00,1.997478e+01,4.891712e+00
1.000000e+00,1.343992e+01,6.845256e+00
1.000000e+00,1.058257e+01,7.214703e+00
1.000000e+00,1.089935e+01,-1.694117e+00
1.000000e+00,2.305648e+01,2.139028e+00
1.000000e+00,1.617479e+01,1.357797e+01
1.000000e+00,1.135891e+01,-3.522340e+00
1.000000e+00,9.239022e+00,7.774079e+00
1.000000e+00,2.080480e+01,1.048464e+01
1.000000e+00,1.536088e+01,2.079673e+00
1.000000e+00,1.340176e+01,2.022766e+00
1.000000e+00,1.691725e+01,3.608088e+00
1.000000e+00,2.061707e+01,7.190647e-01
1.000000e+00,1.057251e+01,-1.472376e+00
1.000000e+00,2.333960e+01,4.024333e+00
1.000000e+00,1.859112e+01,1.948009e+00
1.000000e+00,1.743818e+01,4.367811e+00
1.000000e+00,1.711183e+01,1.053125e+01
1.000000e+00,1.758722e+01,5.109777e+00
1.000000e+00,1.164610e+01,1.047752e+01
1.000000e+00,2.246833e+01,9.610070e+00
1.000000e+00,1.615092e+01,-4.206219e+00
1.000000e+00,1.562369e+01,7.099370e+00
1.000000e+00,2.173664e+01,5.941427e+00
1.000000e+00,1.897056e+01,3.501242e+00
1.000000e+00,1.899745e+01,-4.027566e+00
1.000000e+00,2.209472e+01,1.748404e+00
1.000000e+00,2.342403e+01,8.194172e+00
1.000000e+00,1.667671e+01,-8.124138e-01
1.000000e+00,1.750110e+01,7.307376e+00
1.000000e+00,1.211864e+01,5.130836e+00
1.000000e+00,1.205176e+01,5.591955e+00
1.000000e+00,1.751398e+01,4.773374e+00
1.000000e+00,2.343790e+01,1.411542e+01
1.000000e+00,1.652884e+01,2.577283e+00
1.000000e+00,1.864172e+01,3.544107e+00
1.000000e+00,2.172246e+01,1.043363e+01
1.000000e+00,1.979860e+01,6.458634e-02
1.000000e+00,1.156376e+01,6.920646e+00
1.000000e+00,1.514957e+01,-3.241898e+00
1.000000e+00,1.669734e+01,5.784427e+00
1.000000e+00,9.457649e+00,-1.241744e+00
1.000000e+00,1.710632e+01,-1.196308e+00
1.000000e+00,1.067495e+01,-1.217197e+00
1.000000e+00,1.344163e+01,3.781663e-01
1.000000e+00,2.195771e+01,7.421361e+00
1.000000e+00,1.986093e+01,-2.774902e+00
1.000000e+00,1.979128e+01,6.031152e+00
1.000000e+00,1.656070e+01,1.114189e+00
1.000000e+00,1.964543e+01,6.505615e+00
1.000000e+00,2.000233e+01,6.073115e+00
1.000000e+00,1.667240e+01,2.535649e+00
1.000000e+00,2.453071e+01,7.046681e+00
1.000000e+00,1.153473e+01,-2.798738e+00
1.000000e+00,1.363249e+01,4.550811e+00
1.000000e+00,1.072199e+01,1.140611e+00
1.000000e+00,1.324226e+01,6.750477e+00
1.000000e+00,1.182562e+01,3.129247e+00
1.000000e+00,1.764741e+01,1.166496e+01
1.000000e+00,1.607181e+01,1.049191e+01
1.000000e+00,1.878252e+01,6.158871e+00
1.000000e+00,2.002804e+01,5.718789e+00
1.000000e+00,1.157055e+01,4.721491e+00
1.000000e+00,1.387767e+01,1.410756e+00
1.000000e+00,2.227144e+01,6.382165e+00
1.000000e+00,1.610265e+01,-3.532462e-01
1.000000e+00,2.265517e+01,2.877113e+00
1.000000e+00,1.179524e+01,3.338206e-02
1.000000e+00,1.998417e+01,3.646897e+00
1.000000e+00,2.140245e+01,3.000623e+00
1.000000e+00,2.066101e+01,5.960214e+00
1.000000e+00,1.241328e+01,-1.889704e+00
1.000000e+00,1.656973e+01,4.439182e+00
1.000000e+00,1.251113e+01,1.733006e+00
1.000000e+00,2.099026e+01,7.810591e+00
1.000000e+00,2.093868e+01,7.390816e+00
1.000000e+00,1.719902e+01,1.578907e+00
1.000000e+00,2.048140e+01,6.179981e+00
1.000000e+00,1.317447e+01,1.291441e+00
1.000000e+00,1.724927e+01,-7.846115e-01
1.000000e+00,2.424764e+01,8.769401e+00
1.000000e+00,2.281482e+01,7.811846e+00
1.000000e+00,1.896354e+01,-2.036391e+00
1.000000e+00,1.315313e+01,2.158249e+00
1.000000e+00,2.226587e+01,4.158204e+00
1.000000e+00,1.275474e+01,4.855303e+00
