1.533130e+01,2.635500e+00
9.803300e+00,1.921600e+00
7.381700e+00,3.491800e+00
1.422400e+00,-1.031000e-01
3.596300e+00,1.579800e+00
1.239830e+01,6.077500e+00
1.100750e+01,-2.616200e+00
6.407100e+00,1.758800e+00
1.254550e+01,2.486700e+00
1.075460e+01,1.519000e-01
1.403950e+01,5.727500e+00
7.081600e+00,1.972900e+00
1.223500e+01,4.211100e+00
9.040400e+00,2.031300e+00
1.859840e+01,-4.360000e-02
4.997000e+00,1.028900e+00
1.039460e+01,-8.321000e-01
9.736200e+00,2.857200e+00
8.393500e+00,6.192000e-01
1.454090e+01,9.929000e-01
1.648720e+01,4.335000e-01
1.987840e+01,4.877000e-01
1.342380e+01,-2.848000e-01
1.357870e+01,1.733500e+00
1.712790e+01,2.034300e+00
1.265130e+01,3.724000e-01
5.037200e+00,3.642000e-01
1.360840e+01,1.963400e+00
1.400880e+01,2.898700e+00
1.852510e+01,3.788800e+00
4.414300e+00,4.584500e+00
1.540110e+01,2.358300e+00
1.152600e+01,-3.393000e-01
5.070200e+00,2.810100e+00
4.600500e+00,6.824000e-01
1.758510e+01,3.031300e+00
2.727900e+00,4.026200e+00
4.703500e+00,3.582200e+00
1.137140e+01,-5.001000e-01
1.954720e+01,2.199400e+00
1.587000e+00,-3.327900e+00
5.728900e+00,1.092600e+00
1.969980e+01,5.917100e+00
1.493970e+01,4.463700e+00
1.145170e+01,6.669000e-01
6.480500e+00,1.698300e+00
1.607660e+01,1.181900e+00
1.975940e+01,2.318900e+00
8.778300e+00,3.808100e+00
1.850070e+01,-3.290000e-01
1.533580e+01,-5.110000e-01
1.863130e+01,3.538500e+00
2.910800e+00,-4.768800e+00
5.096800e+00,3.601900e+00
1.983350e+01,2.762200e+00
2.155200e+00,1.951200e+00
1.997280e+01,2.826200e+00
8.897000e+00,1.291900e+00
8.271200e+00,8.180000e-01
1.482520e+01,3.501600e+00
1.815230e+01,3.518900e+00
1.244730e+01,-1.122900e+00
1.488250e+01,4.621300e+00
3.008800e+00,-3.055800e+00
1.418160e+01,1.494900e+00
1.611130e+01,2.051000e+00
1.835340e+01,3.108200e+00
3.816800e+00,2.293300e+00
1.641400e+00,2.356000e-01
1.565030e+01,8.153000e-01
9.691700e+00,1.452200e+00
6.993000e+00,1.218800e+00
1.772810e+01,4.324800e+00
3.594000e+00,2.169500e+00
1.385880e+01,4.942100e+00
1.115450e+01,5.749800e+00
1.385650e+01,3.643000e-01
2.539700e+00,-2.748700e+00
1.309930e+01,2.311000e-01
1.610520e+01,4.076300e+00
1.564070e+01,1.114600e+00
4.974500e+00,7.071000e-01
1.230570e+01,2.078700e+00
3.387300e+00,-1.147500e+00
1.425020e+01,1.513000e+00
1.605080e+01,1.823900e+00
1.250600e+00,9.820000e-01
1.187970e+01,2.908400e+00
1.300610e+01,1.367000e+00
1.327590e+01,6.200200e+00
1.948110e+01,8.283800e+00
7.386200e+00,4.248400e+00
1.258930e+01,-1.819400e+00
7.056300e+00,2.372700e+00
1.530640e+01,2.910800e+00
9.028700e+00,1.253400e+00
1.198100e+00,-1.206700e+00
3.626500e+00,1.360000e-02
1.145690e+01,5.809900e+00
1.347830e+01,3.752200e+00
1.494920e+01,3.658200e+00
4.126100e+00,-2.334800e+00
1.016800e+00,-3.237700e+00
2.873900e+00,4.300000e-03
1.435490e+01,2.548600e+00
2.456500e+00,1.600500e+00
1.958940e+01,6.673000e+00
1.124940e+01,3.029800e+00
1.080080e+01,2.967600e+00
5.705400e+00,1.732900e+00
3.322500e+00,5.487000e-01
4.394900e+00,-1.119000e+00
5.616000e+00,5.990000e-02
1.789100e+01,2.629300e+00
5.142600e+00,-2.203000e+00
1.868600e+01,1.570600e+00
1.327860e+01,-7.420000e-02
1.954810e+01,1.053500e+00
1.542660e+01,1.701300e+00
2.973000e+00,1.415700e+00
1.295150e+01,2.036200e+00
1.780210e+01,2.503400e+00
5.725200e+00,1.872800e+00
5.492700e+00,-1.069300e+00
1.789220e+01,4.510000e-01
4.363100e+00,2.946100e+00
1.161160e+01,-6.641000e-01
1.381860e+01,4.202700e+00
1.104410e+01,2.835200e+00
1.332860e+01,6.224400e+00
1.082090e+01,1.810100e+00
8.672000e+00,1.501900e+00
1.953820e+01,4.050900e+00
3.048200e+00,-1.361000e+00
1.230310e+01,2.995800e+00
9.289400e+00,1.532700e+00
7.020500e+00,-5.988000e-01
1.306410e+01,3.643800e+00
4.319300e+00,-1.458000e-01
1.983360e+01,5.933300e+00
8.981700e+00,1.318900e+00
1.583240e+01,2.113100e+00
4.370600e+00,-2.860000e-02
9.492100e+00,3.405700e+00
7.584600e+00,2.226200e+00
1.780360e+01,1.272200e+00
1.862730e+01,3.654800e+00
9.126400e+00,1.560900e+00
4.451400e+00,9.379000e-01
1.766330e+01,4.745100e+00
7.387500e+00,5.190000e-01
4.962400e+00,2.024100e+00
7.523800e+00,2.176100e+00
1.060900e+00,-1.777500e+00
1.507600e+00,-1.270700e+00
1.266860e+01,3.940700e+00
1.632000e+01,3.204200e+00
2.519400e+00,1.187900e+00
1.608830e+01,3.732800e+00
9.194000e+00,3.193700e+00
1.010200e+00,-1.207400e+00
6.424000e+00,8.765000e-01
1.632000e+01,-2.554500e+00
9.866700e+00,4.005900e+00
1.670550e+01,4.297600e+00
5.104300e+00,3.074900e+00
1.668560e+01,-2.052000e-01
9.908100e+00,-6.598000e-01
1.253970e+01,1.490000e-02
4.172700e+00,1.187500e+00
1.671320e+01,2.251700e+00
1.924990e+01,3.722000e+00
2.268700e+00,-1.927000e+00
8.134400e+00,2.610100e+00
1.770360e+01,3.574000e+00
1.117210e+01,2.548400e+00
1.898990e+01,2.995900e+00
1.632600e+01,4.572300e+00
1.175250e+01,2.310000e-01
3.376200e+00,2.770200e+00
8.117500e+00,1.078000e-01
3.927500e+00,1.095400e+00
2.060500e+00,1.798000e-01
2.867600e+00,7.460000e-01
1.836480e+01,1.079600e+00
1.324220e+01,2.937000e+00
1.551840e+01,4.897900e+00
8.163800e+00,3.601700e+00
1.602110e+01,7.789700e+00
1.792850e+01,2.860200e+00
6.262900e+00,1.423000e-01
1.008100e+00,1.304000e-01
1.271710e+01,2.304500e+00
6.410200e+00,6.253000e-01
1.453430e+01,1.420100e+00
1.043040e+01,6.051200e+00
1.838280e+01,3.447900e+00
3.011000e+00,4.604000e-01
8.139900e+00,2.372500e+00
6.489500e+00,-2.652800e+00
