1.819605e+01,9.745617e+00
7.869691e+00,1.489247e+01
1.632250e+01,1.267266e+01
1.846347e+01,-2.929738e+00
1.242056e+01,5.766404e+00
1.786486e+01,1.897929e+00
2.956456e+00,6.114819e-01
5.460225e+00,1.191354e+00
7.210092e+00,1.474755e+01
2.502806e+00,4.032836e+00
2.282083e+00,1.715789e+00
1.804580e+01,7.958359e+00
1.425816e+01,5.712998e+00
1.943462e+00,-8.403510e+00
1.429392e+01,3.560989e+00
1.233660e+01,5.785256e+00
1.861195e+00,-3.169860e-01
9.699987e+00,4.324539e-01
1.738816e+01,2.251031e+00
1.359883e+01,2.737747e+00
1.593823e+01,5.073118e+00
5.427170e+00,2.512653e+00
1.345815e+01,3.231933e+00
1.571721e+00,-2.019735e+00
1.062726e+01,5.471106e+00
1.914069e+01,1.333652e+01
1.249311e+01,9.405399e+00
8.324674e+00,5.613941e-01
2.791638e+00,4.920467e+00
1.037642e+01,2.046416e+01
1.331799e+01,1.367674e+00
1.225396e+01,1.410990e+01
6.755191e+00,8.475369e+00
1.043671e+01,5.619706e-01
8.721638e+00,1.038146e+01
1.636798e+01,1.420071e+01
1.771681e+01,1.527203e+01
3.423573e+00,-1.162326e-01
1.597128e+01,8.539056e+00
1.345287e+00,7.746621e+00
6.069047e+00,1.594649e+01
1.850191e+01,1.688920e+01
1.937952e+00,4.455050e+00
1.336464e+01,3.677283e+00
1.997914e+00,1.919954e+00
5.268024e+00,-3.276065e-01
1.252128e+01,2.028702e+00
1.035850e+01,9.920781e+00
1.692441e+01,5.689647e+00
4.636442e+00,3.729165e+00
1.209882e+01,-3.618215e+00
9.323541e+00,9.852321e+00
9.919506e+00,4.129338e+00
9.205195e+00,4.915314e+00
6.172003e+00,1.197831e+00
7.760497e+00,5.667020e-01
2.172856e+00,-5.004861e+00
1.022404e+01,-2.164934e+00
1.769357e+01,1.600630e+01
1.192424e+01,7.605225e+00
7.135836e+00,1.152334e+01
1.599701e+01,1.575271e+00
7.890255e+00,-6.327159e+00
2.945472e+00,4.836880e+00
2.943274e+00,6.860978e+00
1.943172e+01,9.694885e+00
4.943786e+00,-1.046924e+01
6.512032e+00,3.474760e+00
5.788591e+00,2.348626e+00
1.114505e+01,6.313757e+00
6.488255e+00,1.049796e+01
5.027823e+00,-4.067607e+00
1.043534e+01,4.145722e+00
7.197768e+00,9.228162e+00
1.763220e+01,1.686994e+01
3.646654e+00,1.163612e+01
1.692660e+01,-5.923548e+00
1.056205e+01,1.352509e+01
5.918167e+00,2.995039e+00
1.473039e+00,4.516255e+00
8.709295e+00,9.642223e+00
6.280954e+00,-8.125720e-01
3.762100e+00,-1.220563e+01
2.927899e+00,9.402026e+00
1.128924e+01,9.761876e+00
1.049782e+01,1.420330e+01
1.374848e+01,1.898880e+01
1.479237e+01,1.280398e+01
4.344581e+00,3.622236e-01
1.628922e+01,1.002827e+01
1.854906e+01,1.805797e+01
7.067992e+00,1.036709e+01
1.993027e+01,1.431805e+01
5.745943e+00,4.056511e+00
1.540076e+01,1.410631e+01
8.933236e+00,-7.055825e+00
1.964731e+01,9.958359e+00
3.982451e+00,-2.329267e+00
3.916053e+00,8.300912e+00
1.959768e+01,5.304863e+00
1.736037e+01,5.656797e+00
5.561667e+00,1.409611e+01
1.176221e+01,1.106858e+01
5.650030e+00,-3.164996e+00
7.491764e+00,8.238861e-01
1.406520e+01,9.897667e+00
1.451347e+01,4.414311e+00
1.313289e+01,6.059225e+00
1.835106e+00,3.373307e+00
5.316054e+00,6.135146e-01
1.305067e+01,4.879557e+00
7.643917e+00,5.183491e+00
8.306806e+00,5.096756e+00
1.940838e+01,2.285043e+01
1.887572e+01,1.278365e+01
1.744416e+01,4.050096e-01
1.099612e+01,1.289293e+01
4.215341e+00,6.402917e+00
1.399593e+01,1.037129e+01
9.236565e+00,5.066467e+00
1.024259e+01,2.445455e+00
1.964993e+00,6.569538e-01
8.520488e+00,8.657540e-01
1.796330e+01,1.133574e+01
1.719729e+01,-5.929350e-01
8.559580e+00,9.300800e+00
1.998516e+01,5.625912e+00
1.523534e+01,1.355442e+01
4.862063e+00,7.933163e-01
1.247459e+01,-3.699897e+00
2.395732e+00,5.110144e+00
6.835273e+00,-7.191075e+00
1.898604e+01,3.523381e+00
1.017492e+01,-4.717448e-01
7.577005e+00,5.645872e+00
1.930394e+01,1.782810e+01
3.999028e+00,2.006258e+00
8.097915e+00,3.047672e+00
1.691351e+01,-4.270129e+00
1.930597e+01,1.539992e+01
1.175580e+01,3.261230e+00
1.057772e+01,6.735780e+00
7.045928e+00,2.371346e+00
8.086210e+00,-2.933936e+00
1.239739e+00,-3.987892e+00
1.809192e+01,1.492400e+01
6.357601e+00,1.066299e+01
1.462766e+01,8.498399e+00
9.899462e+00,-7.841170e-01
7.172571e+00,-8.210877e-01
1.363223e+01,1.534696e+01
1.855039e+01,-1.963060e+00
5.596226e+00,-2.000660e+00
7.952182e+00,-1.381053e+00
1.658373e+01,6.337928e+00
3.854254e+00,2.894906e+00
1.800008e+01,5.288019e+00
1.361626e+01,-4.353552e+00
6.168440e+00,1.103373e+01
1.888409e+01,1.200575e+01
1.562111e+01,1.049568e+01
1.797303e+01,1.559785e+01
9.354644e+00,1.237628e+01
2.651901e+00,5.757210e+00
1.155358e+01,-1.499128e+00
1.217944e+01,-2.623276e+00
1.578434e+01,1.793948e+01
2.630381e+00,-6.991277e+00
1.603967e+01,8.313466e+00
1.802230e+01,1.824805e+01
2.311925e+00,4.989329e+00
1.934140e+00,8.748860e+00
7.981061e+00,5.902222e+00
1.024531e+01,1.006469e+01
9.701808e+00,1.127288e+01
1.804339e+01,1.602714e+01
1.691382e+01,1.298102e+01
5.125790e+00,6.306681e+00
5.591094e+00,7.375244e+00
7.403785e+00,7.003671e+00
5.336036e+00,2.685333e+00
1.256325e+01,2.439142e+00
5.153017e+00,1.715535e+00
3.636318e+00,-3.719424e+00
3.951113e+00,3.247334e+00
2.415916e+00,7.173046e+00
1.980846e+01,8.328771e+00
1.958349e+01,5.139467e+00
1.735239e+01,1.031983e+01
8.546242e+00,6.315462e+00
1.548217e+01,6.604983e+00
7.608401e+00,-3.370708e+00
4.234627e+00,9.238022e+00
1.777153e+01,-7.096956e+00
8.319666e+00,-8.413941e-01
5.815311e+00,7.031705e+00
2.316432e+00,-2.921928e+00
1.204929e+01,3.844311e+00
1.490560e+01,-5.139359e-01
2.654512e+00,7.051169e+00
