2.115008e+00,9.282109e-01
-1.211791e-01,-1.302799e+00
-7.199955e-01,1.368880e+00
2.176882e+00,3.889189e-01
1.009697e+00,5.797790e-01
3.922331e+00,-7.706798e-01
1.071405e+00,7.458113e-01
9.800972e-01,-5.658893e-01
4.801494e-01,1.518451e+00
3.073644e+00,1.028222e+00
1.148369e+00,1.459869e-01
3.703349e+00,1.663639e+00
1.726601e+00,-3.776220e-01
2.531127e+00,1.492056e+00
7.708009e-01,2.459952e+00
2.228748e+00,1.421577e+00
1.718811e+00,1.641549e+00
6.165885e-01,1.197383e-01
1.659744e+00,-1.344069e+00
1.913689e-01,1.170391e+00
1.758131e+00,1.375062e+00
-5.134225e-01,3.933325e-01
-3.539841e-01,1.661345e+00
2.123163e+00,9.033858e-01
-5.055547e-02,1.069383e+00
1.095009e+00,7.290322e-01
6.757041e-01,2.150162e-01
1.537071e+00,5.256203e-01
8.113623e-02,4.214907e-01
7.480739e-01,1.921113e+00
1.683880e+00,-1.247629e-01
1.813912e+00,1.379815e+00
1.275461e+00,8.050526e-01
7.521942e-01,1.234426e+00
1.493602e+00,8.823508e-01
2.494736e+00,9.541259e-01
2.104028e-01,1.743190e-01
7.174692e-01,-1.097583e-01
2.110831e+00,1.854350e+00
1.087260e+00,2.081343e-01
2.681068e+00,1.115117e+00
2.051900e+00,8.141005e-01
2.119185e+00,2.751396e+00
1.820623e+00,-3.898892e-01
-3.161387e-01,1.389428e+00
2.401840e+00,2.213349e+00
8.597897e-01,1.830470e+00
2.458073e+00,1.180931e+00
2.109068e+00,1.304394e+00
-1.180713e+00,1.381251e+00
2.856628e+00,9.660365e-01
2.463762e+00,1.295116e+00
9.151899e-01,-4.544234e-01
2.224203e+00,7.007875e-01
1.440017e+00,8.397268e-01
2.839878e+00,-1.283709e-01
1.213733e+00,3.622521e-01
1.526827e+00,3.299915e-01
1.759897e+00,1.428224e+00
9.103313e-01,2.857853e-01
3.321128e-01,1.248741e-01
3.191927e-01,1.965323e+00
1.342289e+00,7.475641e-01
2.495196e+00,1.070235e+00
2.944679e+00,6.494049e-01
1.540213e+00,3.236920e-01
2.231771e+00,9.988833e-01
2.489114e+00,1.341046e+00
2.257637e+00,3.400636e-01
-3.549330e-01,1.865558e+00
1.881726e+00,1.196069e-01
5.944724e-01,7.858749e-01
1.152171e+00,3.343396e-01
2.594144e+00,2.373616e+00
-3.084341e-01,-6.572651e-01
1.464566e+00,3.039457e-01
1.469025e+00,9.883714e-01
1.829010e+00,1.047126e-01
1.445559e-02,2.473812e-01
7.416210e-01,2.611446e+00
1.579835e+00,8.754656e-01
5.021248e-01,9.456276e-01
1.611218e-02,1.382233e+00
3.123750e+00,1.115787e+00
1.192627e+00,5.479562e-01
2.269476e+00,5.784235e-01
2.704260e+00,1.099267e+00
2.425191e+00,2.764366e-01
6.961946e-01,1.751516e+00
2.149579e+00,1.543318e+00
1.436437e+00,2.330838e+00
3.169167e+00,3.931351e-01
1.634506e+00,1.837666e+00
1.258954e+00,8.678239e-01
2.144252e+00,-7.866786e-01
1.193955e+00,3.787672e-01
7.818672e-01,1.193859e-01
2.642442e+00,-4.787453e-01
1.838467e+00,-2.683529e-01
4.164065e-01,1.227249e+00
1.806117e+00,1.291353e+00
3.205173e+00,-5.211598e-01
-3.035541e-01,3.379525e-01
-1.452618e-01,9.600476e-01
1.792841e+00,7.667349e-01
2.815522e+00,1.770725e+00
2.092474e+00,-4.591924e-01
1.459360e+00,6.384081e-01
8.410937e-01,5.409932e-01
1.509351e+00,6.254319e-01
1.603970e+00,3.404560e-01
2.275915e+00,6.814026e-01
-5.808952e-01,1.989599e+00
1.328684e+00,6.374786e-01
4.986839e-01,1.195992e+00
8.247795e-01,3.601382e-01
2.371523e+00,1.792571e+00
1.583451e+00,1.611516e+00
3.061101e+00,3.623753e+00
1.305899e+00,1.105316e+00
1.288594e+00,9.673614e-01
3.215292e+00,4.910759e-01
2.085369e-01,1.646739e+00
2.413964e+00,1.292472e+00
1.615651e+00,9.537724e-01
3.095182e+00,-1.224910e-02
1.697038e+00,1.611198e+00
8.256245e-01,1.266479e+00
2.013264e+00,1.784272e+00
1.448040e+00,1.094223e+00
5.080949e-01,1.176573e+00
3.001965e+00,4.855106e-01
1.733307e+00,1.061274e+00
1.519113e+00,1.647506e+00
1.711747e+00,2.319492e+00
4.844217e-01,-2.431147e-01
1.680951e+00,1.827666e+00
1.497354e+00,-7.254379e-01
3.357965e+00,1.417494e+00
1.172470e+00,5.929670e-01
2.137118e+00,-3.438300e-01
5.694095e-02,3.519514e-01
1.869315e+00,2.234026e-01
8.541285e-01,5.099596e-01
1.879462e+00,2.047002e-01
9.828228e-01,7.149139e-01
8.557842e-02,1.780305e+00
2.157514e+00,1.349132e-01
1.329335e+00,1.329877e+00
1.419184e+00,4.442308e-01
1.756969e+00,9.614207e-01
1.634469e+00,-4.074490e-01
6.488736e-01,-6.113907e-02
9.200983e-01,1.878881e+00
2.362567e-01,2.040224e+00
1.809079e+00,1.541318e+00
1.276081e+00,3.206798e-01
2.175183e+00,2.226618e-01
2.249904e+00,6.278274e-01
-3.827759e-01,3.087049e+00
2.929806e+00,-2.203559e-01
2.376335e+00,6.216088e-01
6.552257e-01,1.006615e-01
1.539015e+00,1.546297e+00
2.283553e+00,8.996864e-01
2.062707e+00,-1.479253e-02
2.007281e+00,2.093447e+00
2.131970e+00,1.839366e+00
1.356026e+00,9.875478e-02
1.671245e+00,-5.157891e-01
2.459515e+00,1.406123e+00
1.381008e-01,-7.992017e-03
2.363843e+00,-9.506357e-01
-5.254087e-01,-3.794042e-01
1.395794e+00,5.974117e-01
2.673773e+00,1.871466e+00
2.625294e+00,1.310209e-01
2.414553e+00,2.226199e+00
2.083445e+00,1.190932e+00
8.660126e-01,6.209854e-01
9.944132e-02,2.354863e+00
1.737230e+00,2.261766e+00
1.617286e+00,2.190699e-01
1.478158e+00,3.625693e-01
1.808285e+00,1.687731e+00
2.126620e+00,-1.306677e-02
1.819240e+00,4.395651e-01
9.971643e-01,1.463536e-01
1.681900e+00,8.076932e-01
6.518803e-01,1.433827e-01
2.496098e+00,7.017705e-01
1.763319e+00,6.340814e-01
1.436595e+00,1.998916e+00
2.230652e+00,3.911352e-01
8.875816e-01,1.135233e+00
2.527402e+00,3.873451e-01
3.304694e+00,3.762011e-01
1.631852e+00,1.206184e+00
2.539694e+00,1.709133e+00
2.021141e+00,9.245057e-01
