2.212527e+01,1.069854e+01
2.074115e+01,6.828954e+00
1.554553e+01,1.022727e+01
8.977168e+00,9.512212e+00
1.671170e+01,6.971486e+00
1.777671e+01,4.771491e+00
2.301410e+01,1.482630e+01
2.247494e+01,8.762417e+00
2.322481e+01,1.313640e+01
2.412828e+01,1.647925e+01
1.001612e+01,3.448106e+00
1.721223e+01,-1.025717e+01
2.462976e+01,1.346212e+01
2.277079e+01,4.562354e+00
1.891267e+01,1.619054e+01
1.828556e+01,9.420510e+00
1.679936e+01,-3.709164e+00
8.463418e+00,2.470474e+00
7.864537e+00,6.728412e+00
1.945015e+01,1.353727e+01
1.397827e+01,7.612732e+00
2.298650e+01,5.445782e+00
1.438795e+01,5.455157e+00
1.712373e+01,-6.576094e+00
9.384288e+00,5.404881e+00
2.323409e+01,7.955021e-01
1.131727e+01,1.280743e+01
1.270875e+01,7.902045e+00
1.107971e+01,2.452796e+01
9.724157e+00,1.581487e+00
1.113358e+01,7.867955e+00
1.784301e+01,5.108768e+00
1.568843e+01,-2.098735e+00
2.411400e+01,2.024534e+01
1.178913e+01,1.466544e+01
1.236599e+01,1.165535e+01
2.163963e+01,1.468560e+01
1.988463e+01,1.434918e+00
1.981060e+01,-3.940481e+00
1.410825e+01,1.131448e+01
1.752009e+01,-4.639166e-01
1.625325e+01,4.761306e+00
1.329214e+01,1.208435e+01
9.221353e+00,1.134073e+01
2.369923e+01,1.452450e+01
2.211570e+01,2.031840e+01
2.493024e+01,3.337323e+00
7.404028e+00,-1.202656e+01
2.124743e+01,1.722553e+01
1.745361e+01,1.181542e+01
1.951691e+01,-1.819844e+00
9.250328e+00,1.290974e-01
1.446074e+01,3.691228e+00
2.427886e+01,2.185670e+01
2.049892e+01,2.338177e+00
1.717685e+01,9.209162e+00
2.138088e+01,2.679321e+00
2.218405e+01,-4.916409e+00
2.262610e+01,1.345913e+01
1.894550e+01,1.082002e+01
2.103354e+01,8.775292e+00
1.824678e+01,1.850045e+01
1.360190e+01,1.305726e+01
2.148473e+01,1.242708e+01
2.063846e+01,1.499317e+01
1.745550e+01,5.045579e+00
2.071739e+01,7.612329e+00
2.156980e+01,-8.660575e+00
1.461207e+01,2.023088e+01
2.406690e+01,1.360719e+01
2.189823e+01,1.420674e+01
8.471834e+00,-1.555560e+01
2.096114e+01,5.120776e-01
2.179844e+01,3.144877e+01
1.659421e+01,6.336066e+00
1.253877e+01,-1.048378e+01
1.283824e+01,-6.023415e-01
2.060853e+01,2.922117e+00
2.088026e+01,9.360516e+00
1.301778e+01,-6.663018e-01
1.677172e+01,7.675888e+00
2.035050e+01,3.712709e-01
2.140912e+01,1.512520e+01
2.354911e+01,4.170255e+00
9.421037e+00,1.058786e+01
1.904717e+01,1.337568e+01
1.370337e+01,-6.862302e+00
1.597639e+01,1.795894e+01
1.088504e+01,2.325996e+01
2.026036e+01,3.172276e+00
2.103781e+01,-1.319157e+00
1.416339e+01,1.882254e+01
1.157613e+01,-9.297232e+00
9.926008e+00,-7.938701e+00
2.125134e+01,1.444651e+01
2.417809e+01,-2.065025e+00
1.992966e+01,-6.242297e+00
1.865586e+01,1.056159e+01
1.365546e+01,9.144385e+00
1.633260e+01,-2.518592e+00
8.867610e+00,-4.318396e-01
1.273258e+01,1.663537e+01
2.480669e+01,3.470942e+00
7.199511e+00,7.482256e+00
1.783299e+01,2.249395e+01
8.705642e+00,-4.216773e-01
1.489444e+01,6.778911e+00
1.854314e+01,2.212857e+01
1.891207e+01,2.368957e+01
8.264059e+00,6.219156e+00
1.525819e+01,5.981455e+00
9.878629e+00,-7.071061e+00
1.648023e+01,-5.880412e+00
2.491877e+01,3.622441e+00
1.876190e+01,7.614161e+00
2.452542e+01,4.876276e+00
2.128509e+01,2.090034e+01
9.502450e+00,-1.658510e+01
2.137154e+01,2.476445e+00
1.151737e+01,7.385276e+00
9.477542e+00,6.426982e+00
1.107536e+01,5.257377e+00
7.760997e+00,-1.244008e+01
1.142127e+01,6.680541e+00
1.223429e+01,2.069188e+01
1.431209e+01,1.595400e+01
2.196501e+01,8.802773e+00
1.051232e+01,1.018649e+01
7.794702e+00,-3.947210e+00
1.488278e+01,-8.435827e+00
7.162551e+00,-2.341373e+00
1.770289e+01,-1.025445e+01
2.069706e+01,2.421277e+01
2.135087e+01,1.640341e+00
1.361421e+01,5.561705e-01
9.215255e+00,2.824548e+00
8.625905e+00,-7.252350e+00
2.370098e+01,2.113968e+01
1.018323e+01,-5.308499e+00
2.159354e+01,6.776574e+00
1.765120e+01,1.130570e+01
1.799618e+01,1.424743e+00
2.459243e+01,7.241360e-01
8.118372e+00,1.541336e+01
2.072077e+01,6.688209e+00
2.214631e+01,1.532870e+01
2.345578e+01,2.131402e+01
1.459948e+01,-2.868267e+00
1.400833e+01,1.077291e+01
1.649852e+01,7.881888e+00
2.409727e+01,1.351248e+01
1.428747e+01,9.052319e+00
2.354489e+01,2.501484e+01
1.033816e+01,2.844079e-01
8.799529e+00,5.678663e+00
8.079528e+00,9.478464e-01
7.017874e+00,2.864641e+00
1.633947e+01,1.682678e+01
1.691784e+01,1.275475e+01
1.429436e+01,4.062629e+00
2.014890e+01,1.389928e+01
2.322175e+01,1.013078e+01
1.946274e+01,2.465786e+01
1.509020e+01,2.671359e+00
2.163947e+01,1.401217e+01
1.401514e+01,8.664321e+00
1.936519e+01,5.510445e+00
1.237747e+01,-6.117420e+00
9.724721e+00,7.106652e+00
8.520097e+00,-7.374018e+00
7.653265e+00,2.610519e+00
1.523784e+01,1.598419e+01
2.406939e+01,9.745535e+00
1.108954e+01,4.894575e+00
2.397243e+01,1.547707e+01
1.347821e+01,-3.874081e+00
1.517478e+01,-3.408366e+00
1.352196e+01,8.730633e+00
2.041343e+01,-5.818227e+00
2.323321e+01,1.374254e+00
2.182050e+01,1.912767e+01
1.155995e+01,1.191858e+01
2.443817e+01,2.404088e+01
2.125258e+01,1.402066e+01
1.779853e+01,-2.293493e+00
1.739952e+01,9.217187e+00
1.358053e+01,8.678644e+00
2.455158e+01,5.206409e+00
1.042222e+01,1.009431e+01
2.122677e+01,-8.995823e+00
1.694183e+01,2.859134e+00
2.436428e+01,1.594373e+01
2.266365e+01,5.132636e+00
7.751080e+00,6.592853e+00
1.564394e+01,1.554318e+01
2.417762e+01,2.408286e+01
1.188957e+01,-1.187260e+01
2.038487e+01,-6.317159e+00
2.208750e+01,9.667123e+00
2.226977e+01,1.194137e+01
