1.129900e+00,4.659400e+00
2.783300e+00,-1.945000e-01
8.407500e+00,3.081000e+00
2.112460e+01,1.879000e+00
1.717800e+01,2.061900e+00
6.182900e+00,2.296700e+00
2.020210e+01,-1.224000e-01
1.256050e+01,1.449400e+00
1.365740e+01,3.821400e+00
1.918280e+01,3.586400e+00
1.308170e+01,1.567900e+00
1.595650e+01,1.586300e+00
2.328900e+01,3.371200e+00
9.225100e+00,5.811300e+00
1.345440e+01,5.712000e-01
9.002700e+00,5.195600e+00
1.811560e+01,4.410600e+00
3.959100e+00,-6.658000e-01
9.084400e+00,-2.053000e+00
1.539460e+01,3.905000e+00
2.290400e+01,4.236800e+00
1.464090e+01,3.341900e+00
3.747900e+00,5.345000e-01
3.594000e+00,-3.239500e+00
1.935900e+01,1.910800e+00
1.473310e+01,5.824300e+00
9.836000e+00,2.909300e+00
1.097680e+01,7.829000e-01
1.655830e+01,4.362400e+00
1.357390e+01,1.159100e+00
3.431300e+00,1.800200e+00
1.960710e+01,5.292200e+00
2.310040e+01,5.317300e+00
2.230180e+01,3.402500e+00
2.449940e+01,5.061600e+00
1.836790e+01,2.860300e+00
1.947100e+01,4.119500e+00
7.101900e+00,2.700900e+00
7.701400e+00,5.796300e+00
2.301100e+00,1.228100e+00
1.177800e+01,3.416500e+00
4.035300e+00,3.444900e+00
2.134660e+01,2.278600e+00
2.184880e+01,6.864600e+00
9.170100e+00,4.957900e+00
1.891000e+00,2.570000e+00
6.913500e+00,4.138300e+00
1.123440e+01,1.480300e+00
1.829690e+01,2.744500e+00
6.953300e+00,1.268300e+00
2.960900e+00,3.497400e+00
1.043210e+01,-5.395000e-01
2.750300e+00,1.097400e+00
7.559400e+00,9.598000e-01
2.228280e+01,1.396200e+00
9.546700e+00,2.129200e+00
1.561380e+01,3.337300e+00
8.765900e+00,-4.300000e-01
2.112950e+01,1.209100e+00
1.675660e+01,-1.914000e-01
9.171600e+00,1.544400e+00
1.868690e+01,-4.684000e-01
6.033600e+00,2.959600e+00
1.449450e+01,1.276800e+00
1.808570e+01,5.032400e+00
1.848350e+01,2.702100e+00
1.222100e+01,1.459800e+00
1.520610e+01,2.093100e+00
1.746890e+01,1.977800e+00
9.756400e+00,3.360400e+00
1.197570e+01,4.705500e+00
1.639360e+01,1.163600e+00
5.013400e+00,3.488400e+00
1.217200e+00,-3.654000e-01
7.073600e+00,3.386900e+00
4.796300e+00,1.173600e+00
4.253900e+00,1.704000e-01
4.208500e+00,2.990000e+00
1.526620e+01,4.025900e+00
1.443000e+01,7.386000e-01
1.020140e+01,9.780000e-02
8.599600e+00,2.727800e+00
1.593670e+01,4.348100e+00
1.630480e+01,2.660200e+00
2.477310e+01,4.732900e+00
5.773400e+00,4.021000e+00
7.671100e+00,-4.112000e-01
1.291190e+01,1.621000e+00
2.225080e+01,1.880100e+00
2.250550e+01,4.532900e+00
3.533700e+00,2.337000e+00
1.368420e+01,6.242900e+00
1.685710e+01,2.323700e+00
1.423010e+01,3.288900e+00
1.111450e+01,4.895400e+00
2.126700e+00,1.877800e+00
1.695670e+01,2.109400e+00
7.164600e+00,3.384300e+00
1.305190e+01,5.511000e+00
9.607700e+00,2.189600e+00
1.535820e+01,1.278400e+00
1.804740e+01,1.769400e+00
3.955600e+00,1.081300e+00
6.687700e+00,1.074300e+00
1.509470e+01,3.332000e+00
1.695780e+01,-9.888000e-01
9.487100e+00,3.325700e+00
1.597380e+01,-2.611000e-01
2.395570e+01,3.699800e+00
1.071260e+01,1.035700e+00
7.063800e+00,-1.038800e+00
2.191620e+01,1.240100e+00
1.076630e+01,2.752400e+00
2.480990e+01,1.930300e+00
1.498120e+01,5.154000e+00
1.768920e+01,6.113200e+00
9.794600e+00,6.580700e+00
1.420960e+01,1.347500e+00
1.083280e+01,1.299000e+00
1.361840e+01,-2.227000e-01
1.252840e+01,8.045000e-01
2.487240e+01,1.726000e+00
1.950350e+01,4.915900e+00
5.270600e+00,3.668100e+00
2.242010e+01,2.880000e-02
1.177300e+00,3.486000e-01
2.010050e+01,3.247000e-01
1.232630e+01,-8.946000e-01
2.094950e+01,4.800700e+00
1.865100e+00,3.277100e+00
5.752400e+00,1.277600e+00
1.704460e+01,3.119100e+00
2.298830e+01,3.784300e+00
1.999680e+01,2.484900e+00
1.592440e+01,-1.365000e+00
3.082500e+00,6.584900e+00
1.645800e+00,4.283100e+00
4.255900e+00,-8.680000e-02
2.448730e+01,1.200100e+00
2.062150e+01,3.664100e+00
1.521880e+01,-2.007300e+00
5.883500e+00,2.004800e+00
1.123930e+01,2.002100e+00
2.138500e+01,-4.786000e-01
1.429310e+01,3.108000e+00
7.577400e+00,2.069400e+00
1.482390e+01,-1.880000e-02
5.339000e+00,8.702000e-01
2.428140e+01,3.735800e+00
1.963220e+01,2.484300e+00
1.037460e+01,4.678800e+00
9.243600e+00,2.950000e-01
2.989400e+00,3.322400e+00
3.247000e+00,1.450600e+00
2.208410e+01,3.702100e+00
2.008260e+01,3.799500e+00
2.637800e+00,-1.809000e-01
4.608500e+00,-2.322200e+00
6.409400e+00,2.064000e+00
3.544200e+00,1.025500e+00
1.377310e+01,3.923900e+00
4.064800e+00,1.060000e-02
2.206790e+01,4.977400e+00
1.928130e+01,3.583200e+00
1.043350e+01,4.199600e+00
2.100710e+01,4.177900e+00
2.097900e+00,3.871000e-01
9.053600e+00,1.427700e+00
1.800170e+01,1.915700e+00
2.227810e+01,5.775700e+00
6.020200e+00,4.282300e+00
8.967000e+00,1.749000e+00
1.032940e+01,2.248600e+00
1.579810e+01,-1.608800e+00
6.017200e+00,2.672500e+00
4.787200e+00,3.534400e+00
1.722070e+01,3.411200e+00
2.340300e+01,7.812000e-01
2.988100e+00,2.802200e+00
6.422000e+00,9.160000e-01
4.883500e+00,5.607000e-01
9.276600e+00,-2.740000e-01
2.158420e+01,8.598000e-01
2.091770e+01,6.545000e-01
1.817280e+01,-1.086100e+00
3.592000e+00,-1.171300e+00
1.801490e+01,5.296800e+00
1.094870e+01,5.382000e-01
2.129160e+01,3.167900e+00
1.992400e+01,1.311600e+00
2.014430e+01,3.527700e+00
1.261730e+01,2.857000e-01
2.317700e+00,3.066900e+00
8.997600e+00,3.794500e+00
1.214500e+01,9.424000e-01
1.236100e+00,1.862800e+00
5.334800e+00,3.733500e+00
4.693000e+00,2.021800e+00
2.418850e+01,1.494900e+00
2.035560e+01,-5.262000e-01
