1.035299e+01,-1.159482e+00
9.668270e+00,2.383293e+00
1.077534e+01,3.040049e+00
1.402612e+01,3.623511e+00
1.017352e+01,4.287481e+00
9.022200e+00,1.702428e+00
1.705464e+01,4.293363e+00
1.379482e+01,6.339809e+00
9.990665e+00,-2.242578e+00
1.124753e+01,6.950749e-01
8.704679e+00,9.567876e-01
8.916826e+00,4.127878e+00
1.934845e+01,4.114817e+00
9.491649e+00,3.331184e+00
1.815081e+01,3.157489e+00
1.490193e+01,4.809199e+00
7.943229e+00,2.007853e+00
1.759227e+01,3.406376e+00
1.353179e+01,1.512700e+00
1.274273e+01,-1.261682e+00
8.720338e+00,-3.312863e+00
1.419798e+01,6.244824e-01
8.129554e+00,-2.321257e-01
1.933780e+01,1.080670e+00
9.032383e+00,1.506862e+00
8.747285e+00,1.763902e+00
1.507080e+01,1.811227e+00
1.085605e+01,4.645950e-01
1.399275e+01,5.630674e+00
1.661139e+01,-5.617064e-01
8.803013e+00,3.272604e+00
9.283374e+00,5.305915e+00
1.591174e+01,7.517755e-01
7.330753e+00,-7.017346e-01
8.119869e+00,2.545491e+00
7.047003e+00,1.261680e+00
1.603378e+01,2.309640e+00
1.278168e+01,4.680171e-01
1.130306e+01,-5.530790e-01
1.878439e+01,1.014599e+00
1.499124e+01,2.985439e+00
1.470487e+01,-3.505928e-01
1.033943e+01,2.974170e-01
1.601204e+01,1.181827e+00
7.572117e+00,3.670138e-01
1.112811e+01,1.458903e+00
8.610302e+00,1.157388e-01
1.706920e+01,2.706751e+00
1.355989e+01,-4.545321e-01
7.525140e+00,2.913152e-01
7.492975e+00,4.088395e+00
1.677813e+01,-4.187064e-01
1.051259e+01,-1.874151e-01
9.714220e+00,1.567001e+00
7.340630e+00,1.907475e-02
1.287308e+01,1.679638e+00
1.256180e+01,1.767065e+00
1.417996e+01,2.163267e+00
1.553559e+01,1.689970e+00
1.153281e+01,1.227197e+00
1.759007e+01,2.980170e+00
1.251124e+01,3.929911e+00
9.997268e+00,3.150881e+00
1.992686e+01,1.574480e+00
1.546861e+01,-2.465920e+00
1.422187e+01,1.149114e+00
1.415455e+01,6.544744e+00
9.526883e+00,4.061560e+00
7.032835e+00,3.156199e+00
9.563733e+00,1.269900e+00
1.014630e+01,2.612582e+00
1.721808e+01,1.989011e+00
1.939875e+01,2.783034e+00
1.216261e+01,2.368045e+00
1.001383e+01,5.672999e-01
1.548999e+01,5.972397e-01
1.710935e+01,5.971180e-01
1.884665e+01,6.161417e+00
9.557319e+00,-6.889928e-01
1.795577e+01,4.674629e+00
1.940761e+01,4.524957e+00
1.357816e+01,2.825345e-01
1.072761e+01,4.570965e-01
1.021862e+01,3.988051e+00
1.104367e+01,1.622035e+00
8.849087e+00,4.853849e+00
8.193137e+00,1.069171e+00
1.232056e+01,1.512956e+00
1.594095e+01,4.137216e+00
1.953897e+01,8.687379e-01
7.445538e+00,3.707763e+00
1.134016e+01,2.275577e+00
1.705443e+01,1.991513e+00
1.002486e+01,9.536301e-01
7.346415e+00,4.928255e+00
1.622740e+01,1.295443e-01
1.995542e+01,-1.567488e-01
1.457857e+01,7.172833e-01
1.204809e+01,4.116663e+00
1.871789e+01,1.698431e+00
1.078190e+01,1.797912e+00
1.770562e+01,2.489783e+00
8.035570e+00,1.857262e+00
1.596441e+01,2.262420e+00
1.838041e+01,2.722603e+00
9.667878e+00,8.338614e+00
1.202829e+01,-6.776699e-01
1.387000e+01,2.643248e+00
1.375376e+01,2.860467e+00
8.415655e+00,3.020026e+00
1.171358e+01,3.746946e-01
1.150332e+01,3.476253e+00
1.853594e+01,4.930311e+00
1.383078e+01,2.394016e+00
1.081863e+01,5.314823e-02
1.587562e+01,4.857059e+00
1.722964e+01,2.034163e+00
1.498617e+01,1.595754e+00
1.776463e+01,4.627080e+00
1.200901e+01,1.541911e+00
1.482195e+01,2.983468e+00
7.104451e+00,2.596735e+00
7.960865e+00,-1.302585e+00
1.007104e+01,1.805856e+00
1.536802e+01,2.536293e+00
1.687250e+01,1.571237e+00
1.649943e+01,7.791311e-01
1.117922e+01,9.510956e-01
8.751572e+00,1.191736e+00
1.146905e+01,3.877484e+00
1.608214e+01,5.927315e+00
1.822506e+01,2.021761e+00
1.034382e+01,1.616568e+00
1.495306e+01,2.654049e+00
1.787205e+01,3.422533e+00
1.623132e+01,1.017014e+00
1.273261e+01,2.401587e+00
1.199254e+01,2.508826e+00
1.596828e+01,2.070915e+00
8.865491e+00,2.712683e+00
1.356524e+01,-3.810001e+00
9.058660e+00,2.044271e+00
1.956063e+01,-4.372226e-01
1.784625e+01,1.504437e+00
1.372318e+01,-1.588744e-02
8.262067e+00,3.178231e+00
1.331949e+01,5.169407e+00
1.563276e+01,2.181869e+00
1.043303e+01,1.430243e+00
1.635405e+01,3.586210e+00
7.701624e+00,2.523248e+00
1.594198e+01,1.050551e-01
1.665675e+01,9.350567e-01
1.311200e+01,4.485060e+00
1.218337e+01,6.463291e-01
1.907729e+01,1.291944e+00
9.236555e+00,5.252321e-01
1.636894e+01,-3.128209e+00
1.425136e+01,4.214541e+00
1.419985e+01,1.101155e+00
1.919186e+01,1.965845e+00
1.790353e+01,6.585255e+00
1.659179e+01,4.787643e+00
1.499328e+01,5.819090e-01
1.590927e+01,2.188359e+00
1.108906e+01,8.531209e-01
9.031793e+00,4.051437e+00
1.869711e+01,7.016126e-01
7.275822e+00,3.693033e+00
1.797522e+01,4.775502e+00
8.466896e+00,1.563434e+00
1.623874e+01,1.578176e+00
1.963093e+01,-5.282413e-01
1.752374e+01,3.840782e+00
1.171215e+01,2.005370e+00
1.144206e+01,1.199995e+00
1.843909e+01,1.955938e+00
1.450282e+01,-6.643562e-01
1.134102e+01,8.099721e-02
8.712778e+00,-1.283902e+00
1.439087e+01,1.641805e+00
1.758666e+01,1.754659e+00
9.474222e+00,2.882573e+00
1.411543e+01,2.259608e+00
1.274119e+01,9.012204e-01
1.392108e+01,7.820146e-01
1.516486e+01,2.700849e+00
1.874836e+01,4.083514e+00
1.988089e+01,1.579058e+00
7.684763e+00,2.683752e+00
1.957470e+01,7.967690e+00
1.123220e+01,4.447535e+00
1.529674e+01,3.415665e+00
8.856037e+00,1.015230e+00
1.148468e+01,7.769314e-01
1.117168e+01,2.905100e+00
1.360064e+01,1.977958e+00
1.225093e+01,4.395591e+00
7.621816e+00,4.840286e-01
1.561553e+01,2.919956e+00
