9.833373e+00,9.828212e+00
1.208155e+01,7.667874e+00
1.243780e+01,1.514866e+01
1.182103e+01,4.348631e+00
1.070664e+01,2.705187e+00
1.151525e+01,3.921405e+00
8.756732e+00,2.628804e+00
1.945064e+01,7.288819e+00
1.572215e+01,5.470806e+00
1.282879e+01,1.115499e+01
1.199409e+01,1.596846e+00
1.150782e+01,-2.570599e+00
1.536020e+01,4.706467e+00
1.377541e+01,6.487786e+00
1.317698e+01,3.093851e+00
1.222999e+01,-4.789222e-02
1.850405e+01,4.285978e-01
1.189021e+01,5.581350e-01
1.578132e+01,2.239255e+00
7.192626e+00,9.119889e+00
1.940000e+01,7.328684e+00
1.719756e+01,9.764540e+00
7.600102e+00,-1.694080e+00
9.254940e+00,-1.148464e+00
1.419943e+01,3.570968e+00
1.763616e+01,4.541479e+00
1.202705e+01,9.753338e+00
1.884696e+01,2.168524e+00
1.542568e+01,7.092004e+00
1.831747e+01,-2.427528e+00
1.990945e+01,1.006112e+01
1.681064e+01,9.067856e+00
1.032549e+01,-3.597388e-01
7.412110e+00,1.320708e+00
1.703677e+01,2.803062e+00
1.131680e+01,1.567284e+00
9.195435e+00,3.774968e+00
8.372685e+00,-3.225153e+00
1.269243e+01,1.695771e+01
1.550283e+01,8.259300e+00
1.862500e+01,1.106253e+01
1.353643e+01,5.890359e+00
8.923575e+00,1.244454e+00
7.990189e+00,5.702054e+00
8.607995e+00,5.045542e+00
1.773431e+01,3.536455e+00
8.598968e+00,1.159650e+01
1.202974e+01,1.367060e+01
1.261722e+01,9.097446e+00
7.612854e+00,9.011895e+00
1.101428e+01,9.689588e+00
1.005001e+01,8.917338e+00
1.705782e+01,-2.100248e+00
1.752838e+01,6.198384e+00
8.085351e+00,6.487644e+00
9.380044e+00,9.876138e+00
1.114959e+01,2.900047e+00
1.738361e+01,2.061227e+00
1.277585e+01,1.086664e+01
1.222938e+01,6.760146e+00
1.176808e+01,7.615029e+00
8.410389e+00,8.484333e+00
1.222642e+01,7.884989e+00
7.736932e+00,9.039693e+00
1.525785e+01,4.298729e+00
1.228356e+01,-1.498561e+00
1.123856e+01,1.457557e+00
1.245043e+01,1.411353e+01
1.056046e+01,5.398255e+00
1.435210e+01,1.615355e+00
1.163670e+01,5.841053e+00
1.546590e+01,7.847622e+00
9.057642e+00,-1.141695e+00
8.739652e+00,-3.437413e+00
1.822747e+01,-3.345481e+00
1.677374e+01,1.061486e+01
1.430606e+01,4.904756e+00
1.078229e+01,4.177247e+00
8.598223e+00,3.752827e+00
7.685978e+00,-4.072413e+00
1.205983e+01,1.132652e+01
1.517216e+01,2.458665e+00
1.019093e+01,-1.066790e+00
1.454391e+01,-6.980443e+00
1.807660e+01,5.689777e+00
1.548122e+01,6.379079e+00
1.546589e+01,3.576933e+00
1.586160e+01,9.667289e+00
7.660375e+00,6.045793e+00
9.618488e+00,5.810563e+00
1.634173e+01,6.257443e+00
8.300035e+00,6.442575e+00
1.709778e+01,6.342894e+00
1.514958e+01,8.931115e+00
7.559239e+00,-4.280838e+00
1.349615e+01,-8.123827e-01
1.509843e+01,2.529015e+00
1.144545e+01,5.094635e+00
1.977590e+01,4.245038e+00
1.526590e+01,1.172614e+01
1.197582e+01,8.075836e+00
1.821478e+01,-3.828833e+00
1.088375e+01,8.926622e+00
1.961689e+01,6.071405e+00
1.261144e+01,5.155476e-01
9.874617e+00,1.279530e+00
9.814470e+00,3.442877e+00
1.404847e+01,8.209342e+00
1.099458e+01,5.873798e+00
1.064277e+01,-9.116750e-01
1.033506e+01,-3.142342e-01
1.916365e+01,6.495697e+00
1.147467e+01,3.530838e+00
1.819031e+01,3.613770e+00
8.448730e+00,-3.542206e+00
1.909925e+01,1.874132e+00
1.711094e+01,8.956406e+00
1.045863e+01,7.102783e+00
8.949960e+00,-1.586038e+00
1.940553e+01,8.076680e+00
1.939117e+01,3.075425e+00
1.176746e+01,1.182807e+01
1.353620e+01,1.094821e+00
8.704194e+00,8.914262e+00
1.741857e+01,3.138933e+00
7.815182e+00,4.535478e+00
1.954541e+01,-4.710922e+00
1.991286e+01,8.200237e+00
8.678861e+00,7.757037e-01
1.676827e+01,6.387795e+00
1.788235e+01,-2.946876e-02
1.561085e+01,-4.111908e-01
1.432165e+01,1.601291e+01
1.276029e+01,1.993241e+00
1.770395e+01,7.202092e+00
1.338652e+01,1.092687e+01
1.901259e+01,9.542147e-01
1.164182e+01,4.242494e-01
8.418398e+00,-7.431551e-01
1.050384e+01,9.762327e-01
8.280586e+00,-5.418225e+00
1.213185e+01,-1.615484e-01
1.894417e+01,1.197286e+01
1.809605e+01,-1.197852e+00
1.951106e+01,1.274047e+01
1.488659e+01,4.832490e+00
1.571018e+01,9.549061e+00
9.703435e+00,4.755851e+00
7.634612e+00,7.905874e+00
1.186967e+01,-5.837707e+00
1.565660e+01,1.579868e+01
1.130406e+01,4.247811e+00
9.129305e+00,6.209935e+00
1.397277e+01,8.532927e+00
1.318721e+01,-4.741649e+00
1.391759e+01,3.980494e+00
9.139502e+00,5.362228e+00
1.598763e+01,7.904126e+00
1.939413e+01,5.572046e+00
8.066895e+00,-3.565611e+00
1.708825e+01,3.085978e+00
1.926807e+01,1.116049e+00
8.019749e+00,2.921289e+00
1.227751e+01,5.738167e+00
1.523816e+01,-3.286711e+00
7.526073e+00,-1.185938e+00
1.399821e+01,4.516358e+00
1.707111e+01,6.359631e+00
1.080808e+01,3.824019e+00
1.340486e+01,5.678722e+00
1.661138e+01,1.146551e+01
1.418648e+01,3.017553e+00
9.554092e+00,9.544857e+00
1.724519e+01,8.686370e+00
1.154488e+01,4.866305e+00
1.238896e+01,3.255258e+00
1.510223e+01,3.476040e+00
1.804206e+01,9.831480e+00
1.360105e+01,2.746741e+00
1.976327e+01,3.687102e+00
1.940760e+01,9.060187e+00
1.380238e+01,6.842859e+00
8.327292e+00,2.686025e+00
1.299761e+01,8.472308e-01
8.087429e+00,-8.175101e+00
1.919713e+01,4.178651e+00
1.072952e+01,4.427167e+00
1.473724e+01,-2.214216e+00
1.207597e+01,4.501345e+00
1.988226e+01,2.625086e+00
1.003806e+01,1.363504e+00
8.450234e+00,2.548398e+00
1.758234e+01,6.660625e+00
1.819051e+01,3.169015e+00
1.738010e+01,3.781662e+00
9.428501e+00,-1.954588e+00
1.754250e+01,-2.774736e+00
1.906850e+01,1.142641e+01
1.131804e+01,6.287176e+00
8.487591e+00,1.368525e+01
