1.061217e+01,1.065909e+00
2.004838e+01,1.900566e+00
5.632423e+00,4.479682e-01
1.413145e+01,1.730727e+00
2.249398e+01,1.994245e+00
1.360054e+01,9.729820e-01
1.273376e+01,2.709539e-01
9.058354e+00,1.647547e+00
8.426826e+00,7.615911e-01
1.503421e+01,6.946511e-01
9.192298e+00,2.158319e+00
2.374174e+01,1.757377e+00
1.967019e+01,2.393640e+00
1.286486e+01,1.977438e+00
1.227848e+01,1.661092e+00
4.882514e+00,-2.326429e-01
1.128521e+01,1.618939e+00
1.287858e+01,7.531123e-01
1.745959e+01,9.753356e-01
2.142445e+01,3.292544e-01
2.477539e+01,2.846272e+00
2.254907e+01,2.237291e+00
4.839836e+00,-1.330671e+00
1.217010e+01,1.103724e+00
6.455702e+00,1.890008e+00
2.266056e+01,2.469738e+00
1.105195e+01,1.555683e+00
1.312147e+01,1.760827e+00
1.535564e+01,-6.593156e-01
1.568229e+01,3.202081e+00
8.244205e+00,1.093009e-01
2.328619e+01,2.740369e+00
1.626311e+01,8.084206e-01
1.005791e+01,-6.333185e-01
3.816684e+00,1.454616e+00
1.913069e+01,8.681813e-01
2.289622e+01,9.311165e-01
7.420906e+00,4.709146e-01
2.161359e+01,1.896190e+00
3.907417e+00,4.407531e-02
1.894749e+01,1.911325e+00
1.917689e+01,1.912423e+00
8.141547e+00,-6.456273e-01
9.638173e+00,5.206790e-01
5.742308e+00,3.549815e-01
5.552623e+00,2.052193e+00
9.629139e+00,8.945739e-01
2.247700e+01,2.316621e+00
4.809262e+00,1.071199e-01
2.452901e+01,1.693525e+00
2.464428e+01,2.852747e+00
2.086811e+01,6.530876e-01
4.266835e+00,9.811793e-01
1.369713e+01,-8.115349e-01
9.529215e+00,5.090000e+00
9.802656e+00,1.102067e+00
2.018665e+01,6.658857e-01
8.414822e+00,7.564610e-02
1.225655e+01,1.438892e+00
1.257989e+01,9.152427e-01
1.966587e+01,8.936469e-01
5.613070e+00,1.553151e-01
1.159863e+01,6.817665e-01
4.338432e+00,-3.085281e-01
2.226539e+01,3.247265e+00
1.545930e+01,2.125898e+00
1.979716e+01,8.463489e-01
2.209308e+01,9.754091e-01
1.354318e+01,1.532195e+00
2.406895e+01,1.616963e+00
1.946426e+01,1.337473e+00
1.937027e+01,1.218263e+00
1.109643e+01,1.163065e+00
3.224462e+00,1.603279e+00
1.669898e+01,4.679005e-01
2.356497e+01,3.522954e+00
1.206920e+01,1.448157e-01
2.235609e+01,1.078867e+00
1.386447e+01,4.339969e-01
2.262380e+01,1.242403e+00
1.198518e+01,1.128474e+00
7.545566e+00,2.353503e+00
4.275086e+00,2.033826e+00
1.881276e+01,3.936517e+00
1.441654e+01,1.416820e+00
1.157733e+01,7.027123e-01
1.314268e+01,1.822625e+00
1.344896e+01,1.654316e+00
2.152315e+01,6.430230e-01
2.228385e+01,1.425125e+00
2.087798e+01,1.614369e+00
1.855493e+01,2.825140e+00
1.198637e+01,8.078630e-01
9.178141e+00,9.559226e-01
2.475425e+01,1.370881e+00
2.005597e+01,2.452873e+00
7.197651e+00,7.791926e-01
2.234063e+01,5.178279e-01
2.210356e+01,1.736246e+00
1.398016e+01,1.798017e+00
5.705865e+00,-4.302720e-01
1.651426e+01,3.029778e+00
4.116954e+00,1.030436e+00
1.280807e+01,7.945330e-01
1.958027e+01,3.264712e+00
4.729911e+00,1.120073e+00
2.141144e+01,1.350146e+00
5.432038e+00,-3.484132e-01
1.768540e+01,1.631553e+00
1.885728e+01,7.162752e-01
1.723887e+01,2.195471e+00
3.102111e+00,-5.829747e-01
1.344351e+01,2.180318e+00
6.525284e+00,1.418492e+00
1.134016e+01,2.494543e+00
1.938360e+01,2.097509e+00
1.716611e+01,2.420540e+00
1.704576e+01,4.160889e-01
2.020509e+01,3.517435e-01
4.712775e+00,5.660207e-02
2.388039e+01,1.015114e+00
2.138326e+01,-2.151608e-02
1.247095e+01,-1.523028e+00
8.995732e+00,-7.206219e-01
1.886701e+01,1.133768e-01
5.126861e+00,3.266622e-01
2.090357e+01,3.572957e+00
2.279114e+01,2.570166e+00
2.199673e+01,1.545807e+00
4.428759e+00,1.581415e-02
2.419888e+01,2.022922e+00
2.079419e+01,2.105124e+00
8.937180e+00,-2.106300e-01
1.831376e+01,3.283391e+00
4.228177e+00,1.026424e+00
5.912121e+00,5.687483e-01
1.131015e+01,4.220298e-01
1.159157e+01,5.330989e-02
1.200898e+01,1.569317e+00
2.302623e+01,2.024879e+00
1.275938e+01,2.376904e+00
1.924941e+01,2.452505e-01
1.473667e+01,-3.862253e-01
2.481707e+01,3.597192e+00
5.055804e+00,-1.753702e+00
1.907523e+01,2.873472e+00
6.270739e+00,-2.035974e+00
1.062052e+01,1.200109e+00
1.797570e+01,7.643334e-01
1.474244e+01,3.331842e+00
1.460127e+01,1.594641e+00
3.435858e+00,1.541214e+00
2.121912e+01,4.710095e-01
8.049880e+00,1.679198e+00
2.388246e+01,1.612827e+00
1.267409e+01,1.121041e+00
1.641985e+01,2.664763e+00
1.998152e+01,3.722845e-01
2.053169e+01,-1.462955e+00
1.056870e+01,3.560002e-01
1.917255e+01,1.158696e+00
1.786642e+01,3.017897e+00
2.148919e+01,1.169306e+00
1.388776e+01,-1.475306e-02
1.012960e+01,-7.029022e-01
1.791285e+01,8.203046e-01
9.965881e+00,1.403703e+00
8.105301e+00,2.096649e+00
2.295568e+01,3.361814e+00
2.441729e+01,7.750896e-01
1.333138e+01,2.317880e+00
1.824894e+01,2.578242e+00
2.459787e+01,3.379175e+00
1.744341e+01,1.151409e+00
7.404049e+00,1.250877e-02
1.491323e+01,2.404779e-01
1.886718e+01,1.588797e+00
1.110737e+01,-1.747764e+00
1.852467e+01,5.409378e-01
2.319748e+01,-7.824741e-02
1.718144e+01,2.249653e+00
1.031505e+01,-1.289489e-01
1.232258e+01,1.813477e+00
2.448890e+01,-2.086470e+00
9.145868e+00,2.777372e+00
6.773854e+00,-6.105547e-01
1.990517e+01,1.125847e+00
4.303063e+00,1.230678e+00
8.069800e+00,9.806851e-01
2.060803e+01,2.529153e+00
1.132600e+01,1.033837e+00
2.406991e+01,6.969918e-01
9.710974e+00,2.067007e-01
1.206885e+01,3.504898e+00
1.668708e+01,1.443783e+00
1.599592e+01,2.314855e+00
1.508708e+01,3.372079e-01
1.677074e+01,6.338931e-01
1.395824e+01,2.387724e+00
2.320989e+01,8.972732e-01
