3.092413e-01,2.587970e+00
2.673368e-01,4.308028e-01
7.076377e-01,-4.433482e-01
1.478750e+00,-3.715144e-01
4.113391e+00,9.978785e-02
1.238171e+00,2.899259e+00
-2.121717e+00,1.309549e+00
-2.996521e+00,1.715954e-01
5.571597e-01,2.819674e-01
2.127626e+00,-7.218226e-01
1.431744e+00,3.328562e+00
2.612586e+00,2.022665e+00
1.602763e+00,3.421671e+00
-8.125755e-01,2.807142e+00
2.170424e+00,3.313007e+00
9.641472e-01,2.128964e+00
4.622640e+00,1.220763e+00
1.609808e+00,1.598884e+00
-1.324835e+00,-4.160120e-01
-3.048502e-01,1.276536e+00
1.092431e+00,2.503525e+00
-1.190778e+00,1.601437e+00
1.117426e+00,1.514505e+00
7.541261e-01,1.373199e+00
2.250630e+00,2.690150e+00
2.891715e+00,2.811142e-01
3.638444e+00,3.667781e+00
3.386059e+00,5.471827e-01
2.318401e+00,1.164678e+00
3.621849e+00,4.248552e+00
2.200568e+00,2.829831e+00
9.405471e-01,2.695077e+00
-3.417789e-01,2.064244e+00
1.124075e+00,1.597422e+00
-8.575678e-01,2.380744e+00
7.572485e-01,1.712598e+00
3.451987e+00,2.947856e+00
-1.652714e-01,2.169233e+00
2.824433e+00,6.254314e-01
-8.098184e-01,2.843539e+00
1.052663e+00,-5.609336e-01
3.538836e-01,6.705975e-01
2.952863e+00,2.188189e+00
1.252698e+00,2.279042e+00
1.006276e-01,5.973158e-01
8.203151e-01,-2.044391e-01
3.869859e+00,1.957238e+00
-3.830989e-02,-3.289816e-01
-1.187067e+00,7.194523e-01
2.163165e+00,1.902604e+00
-6.490739e-01,1.066780e+00
2.489260e-01,1.983281e+00
1.493878e+00,1.185574e+00
2.413926e+00,1.762913e+00
-1.039450e+00,6.793576e-01
1.241762e+00,1.538992e+00
1.899644e+00,2.241526e+00
1.876372e+00,2.302159e+00
9.849268e-01,1.895753e+00
3.051453e+00,3.042290e+00
7.277043e-01,8.701645e-02
1.142343e+00,2.509244e+00
-8.976224e-01,1.736088e+00
3.754750e+00,1.321533e+00
3.258670e+00,4.546549e+00
2.119496e+00,6.588378e-01
2.307962e+00,9.859647e-01
-2.315062e+00,-5.329970e-02
1.410935e+00,-4.469604e-01
-2.006466e+00,2.546474e+00
4.067093e+00,1.763495e+00
3.521494e-01,-5.075808e-02
1.853098e+00,1.513426e+00
9.963033e-01,1.279536e+00
6.848523e-02,1.576936e+00
9.319628e-01,1.685770e+00
2.613222e+00,1.211044e+00
1.721529e+00,-1.414440e+00
1.640100e+00,1.627830e+00
-4.530899e-02,5.719635e-01
3.021218e+00,2.085875e+00
-4.381286e-01,2.066103e+00
2.465089e+00,2.913325e+00
1.064125e+00,-6.306941e-01
-9.841919e-01,1.103025e+00
1.138380e+00,1.255996e+00
2.969659e+00,7.586432e-01
-6.826839e-01,5.389844e-02
9.257603e-01,4.732473e-01
1.839162e+00,1.343070e-01
1.553127e+00,1.440220e+00
1.844026e+00,8.336074e-01
2.484356e+00,3.538836e+00
7.440324e-01,1.799469e+00
2.497620e+00,2.111369e+00
-5.011567e-01,1.057717e+00
1.452948e+00,2.915431e+00
4.009721e+00,-5.595875e-02
-1.476353e+00,2.460095e+00
9.034487e-01,2.748418e+00
4.564556e-01,9.819070e-01
9.563916e-01,2.803351e+00
8.358025e-01,2.239854e+00
3.452329e-01,-9.558263e-01
-3.676357e-01,2.958995e+00
-2.685337e+00,2.020584e+00
1.122001e+00,3.001150e+00
5.637144e-01,3.920546e-01
3.207614e+00,3.683920e+00
-4.070032e-01,2.556201e+00
9.732691e-01,7.985597e-01
1.757201e+00,2.238390e+00
1.058850e+00,1.354227e+00
2.943501e+00,3.133970e+00
1.667824e+00,2.087674e+00
2.711559e+00,1.229454e+00
3.260302e+00,2.436141e+00
1.706175e+00,-1.327399e-01
2.152579e+00,1.364406e+00
1.572332e+00,2.188742e+00
2.523515e+00,2.162423e+00
1.733671e+00,9.073872e-02
3.280877e+00,5.959418e-01
-1.735862e+00,3.746090e+00
-3.196693e-01,2.354916e+00
1.556493e+00,2.041493e+00
-1.802266e+00,1.463634e+00
9.364815e-01,1.308010e+00
5.445766e-01,-8.165964e-01
6.405921e-01,9.592268e-02
2.630052e-01,1.234796e+00
6.408087e-02,8.491310e-01
1.890594e+00,8.169531e-01
5.888101e-01,8.829635e-01
1.281781e+00,1.935942e+00
8.559322e-01,3.641230e+00
8.342797e-01,2.061865e+00
2.981511e+00,1.569608e+00
2.620430e+00,1.615565e+00
1.753391e+00,2.749670e+00
3.659909e+00,6.438773e-01
-6.226810e-02,-4.349422e-01
1.087794e+00,8.834948e-01
-6.440984e-01,1.276251e+00
6.670748e-01,5.591028e-02
-4.976380e-01,-2.536046e-02
5.461107e-01,2.202489e+00
2.739943e+00,1.601470e+00
3.202521e+00,-4.292287e-01
3.353994e+00,1.980095e+00
3.069725e-01,-2.274935e-01
1.382557e+00,2.889127e-01
1.461123e+00,1.283695e+00
1.386544e+00,8.391033e-01
-1.723599e-01,-1.847675e+00
2.984050e+00,1.619383e+00
1.286127e+00,1.343373e+00
2.037136e+00,3.054997e+00
-2.603009e+00,-4.448811e-02
-1.795829e-01,1.230830e+00
-4.333349e-01,-7.049703e-01
1.618611e+00,9.348895e-01
-1.667644e+00,-4.013763e-01
3.160363e+00,2.567384e+00
-1.078211e+00,4.163864e-01
3.887513e+00,9.933281e-01
-4.873651e-01,5.068629e+00
8.486475e-01,4.260649e+00
1.194423e+00,2.205502e+00
-3.580208e-01,3.895513e-01
7.292611e-01,1.818606e+00
-8.808588e-01,-3.296345e-02
1.719454e+00,1.540494e+00
-4.023805e-01,1.644330e+00
2.433078e+00,1.288519e+00
1.691658e+00,2.301418e+00
6.385725e-02,2.764387e+00
1.098911e+00,2.337832e-01
2.542055e+00,3.857298e+00
6.311474e-01,9.422458e-02
1.060899e+00,1.236182e-01
1.051733e+00,3.018608e+00
-7.678025e-01,1.374625e+00
-7.811427e-01,1.145547e+00
2.481462e+00,-6.079095e-01
-3.576322e+00,-5.727088e-02
1.385094e-01,1.373669e-01
3.399140e+00,4.734005e-01
2.042956e+00,2.488010e+00
-3.931936e-01,-8.215732e-01
2.016298e+00,2.092281e+00
5.034920e-01,1.835202e+00
9.627396e-01,1.704860e+00
2.656257e+00,4.035265e+00
-1.938459e+00,1.264943e+00
2.295660e+00,2.198209e+00
-5.380036e-01,1.418272e-01
8.302325e-01,1.951359e+00
7.846791e-01,2.281665e-01
1.542108e+00,3.990606e+00
