1.000000e+00,4.578279e+00,2.609133e-01
1.000000e+00,2.083305e+01,1.621119e+00
1.000000e+00,1.066669e+01,-1.437623e-01
1.000000e+00,7.443947e+00,2.172481e+00
1.000000e+00,2.325725e+01,2.156895e+00
1.000000e+00,5.021668e+00,-1.377106e-01
1.000000e+00,2.469002e+01,1.700379e+00
1.000000e+00,2.346699e+01,2.708151e+00
1.000000e+00,6.285588e+00,7.600387e-01
1.000000e+00,9.086058e+00,1.276620e+00
1.000000e+00,1.713671e+01,9.820527e-01
1.000000e+00,5.710214e+00,1.626817e+00
1.000000e+00,2.082263e+01,2.221082e+00
1.000000e+00,2.068295e+01,2.189300e-01
1.000000e+00,1.232508e+00,1.574704e+00
1.000000e+00,1.775626e+01,1.907970e+00
1.000000e+00,1.726882e+01,6.450656e-01
1.000000e+00,1.843417e+01,-9.770338e-01
1.000000e+00,1.635282e+01,2.743895e-01
1.000000e+00,2.077363e+01,2.497366e+00
1.000000e+00,4.864790e+00,4.512600e-01
1.000000e+00,1.737861e+01,2.417258e+00
1.000000e+00,5.636995e+00,1.828780e+00
1.000000e+00,1.880018e+01,2.664924e+00
1.000000e+00,2.483322e+01,3.469134e-01
1.000000e+00,1.582669e+01,1.403154e+00
1.000000e+00,8.568226e+00,-9.288287e-01
1.000000e+00,2.799842e+00,1.681610e+00
1.000000e+00,1.267768e+01,-8.387055e-01
1.000000e+00,1.825645e+01,1.337967e+00
1.000000e+00,5.565078e+00,1.923040e+00
1.000000e+00,2.148861e+01,6.351599e-01
1.000000e+00,1.659783e+01,-1.005020e-01
1.000000e+00,1.812845e+01,6.116290e-01
1.000000e+00,5.952619e+00,5.450308e-01
1.000000e+00,1.838113e+01,-8.804843e-01
1.000000e+00,2.069616e+01,1.184111e+00
1.000000e+00,1.714192e+00,2.259117e+00
1.000000e+00,9.888053e+00,1.222116e+00
1.000000e+00,9.344139e+00,1.620288e+00
1.000000e+00,2.346513e+01,1.478830e+00
1.000000e+00,2.156525e+01,1.717996e+00
1.000000e+00,1.064475e+01,4.783363e-01
1.000000e+00,1.563551e+00,3.309588e-01
1.000000e+00,5.799763e+00,1.132325e+00
1.000000e+00,1.184638e+01,1.035219e+00
1.000000e+00,2.227336e+01,9.404163e-01
1.000000e+00,1.531361e+01,2.394223e-01
1.000000e+00,2.206764e+01,2.212988e+00
1.000000e+00,1.062623e+01,1.366926e+00
1.000000e+00,1.672200e+01,1.029076e+00
1.000000e+00,1.311004e+01,1.255535e+00
1.000000e+00,7.867303e+00,-1.615773e-01
1.000000e+00,1.123211e+01,1.573445e+00
1.000000e+00,1.798958e+00,1.846089e+00
1.000000e+00,1.276624e+01,6.094231e-01
1.000000e+00,8.669426e+00,1.091639e+00
1.000000e+00,1.005096e+01,2.015796e+00
1.000000e+00,3.440257e+00,1.043352e+00
1.000000e+00,3.823891e+00,4.620498e-01
1.000000e+00,2.226266e+01,2.638931e-01
1.000000e+00,2.172079e+01,-6.204448e-01
1.000000e+00,1.952580e+00,6.891574e-01
1.000000e+00,2.289117e+01,-1.977950e-01
1.000000e+00,2.410542e+01,8.690469e-01
1.000000e+00,1.916967e+01,-1.217609e+00
1.000000e+00,7.550666e+00,3.701221e-01
1.000000e+00,3.502309e+00,1.736386e+00
1.000000e+00,3.678613e+00,1.810787e+00
1.000000e+00,1.007055e+01,2.284855e+00
1.000000e+00,2.027738e+01,3.327963e+00
1.000000e+00,1.844871e+01,1.390760e+00
1.000000e+00,1.863839e+00,3.711651e-01
1.000000e+00,2.124957e+01,5.837722e-01
1.000000e+00,3.420917e+00,-8.219855e-02
1.000000e+00,1.443266e+01,1.309503e+00
1.000000e+00,6.204952e+00,-8.203775e-02
1.000000e+00,1.219481e+01,3.646103e-01
1.000000e+00,1.015461e+00,6.680043e-01
1.000000e+00,1.442904e+01,1.580148e+00
1.000000e+00,1.572056e+01,2.072618e+00
1.000000e+00,2.839243e+00,9.879542e-01
1.000000e+00,1.952360e+01,1.028462e+00
1.000000e+00,1.391840e+01,2.067506e+00
1.000000e+00,3.427839e+00,-4.429603e-01
1.000000e+00,6.143995e+00,1.110778e+00
1.000000e+00,2.235294e+01,-8.424541e-02
1.000000e+00,2.822092e+00,9.477555e-01
1.000000e+00,2.179096e+01,1.361387e+00
1.000000e+00,7.654643e+00,8.659452e-01
1.000000e+00,2.473443e+01,1.033104e+00
1.000000e+00,6.758814e+00,6.873346e-01
1.000000e+00,1.046870e+01,3.194923e+00
1.000000e+00,1.087849e+01,1.171672e+00
1.000000e+00,1.562751e+01,8.553550e-02
1.000000e+00,4.548630e+00,2.012553e+00
1.000000e+00,3.056490e+00,1.282634e+00
1.000000e+00,2.257966e+01,1.288472e+00
1.000000e+00,3.739230e+00,1.159510e-01
1.000000e+00,1.616194e+01,1.454611e+00
1.000000e+00,6.186516e+00,-3.834574e-01
1.000000e+00,3.428514e+00,6.640894e-01
1.000000e+00,2.499232e+01,3.129143e+00
1.000000e+00,6.765978e+00,1.033239e+00
1.000000e+00,1.633009e+01,1.037187e+00
1.000000e+00,2.472236e+01,1.324850e+00
1.000000e+00,3.278196e+00,-2.152150e+00
1.000000e+00,1.315228e+01,1.042893e+00
1.000000e+00,2.237558e+01,1.677558e+00
1.000000e+00,8.240566e+00,7.056369e-01
1.000000e+00,8.777636e+00,1.181662e+00
1.000000e+00,6.509265e+00,1.448876e+00
1.000000e+00,2.378989e+01,1.396792e+00
1.000000e+00,1.140852e+01,1.471983e+00
1.000000e+00,1.521682e+01,-6.912727e-01
1.000000e+00,6.542151e+00,-1.047431e-01
1.000000e+00,2.447648e+01,2.784098e+00
1.000000e+00,1.507873e+01,1.065825e+00
1.000000e+00,2.453856e+01,-5.056880e-01
1.000000e+00,2.181676e+01,2.026651e+00
1.000000e+00,1.883517e+00,1.616691e+00
1.000000e+00,2.002525e+01,3.727559e-01
1.000000e+00,9.961019e+00,1.250371e+00
1.000000e+00,2.400424e+01,1.949688e-01
1.000000e+00,3.756612e+00,-9.883572e-01
1.000000e+00,1.788143e+01,-1.755782e-01
1.000000e+00,2.073736e+01,1.379980e+00
1.000000e+00,1.516601e+01,1.862690e+00
1.000000e+00,9.568240e+00,3.125704e-01
1.000000e+00,2.444123e+01,-1.501344e-01
1.000000e+00,2.180552e+01,2.074973e+00
1.000000e+00,1.137017e+01,6.193523e-01
1.000000e+00,1.799627e+01,-2.818818e-01
1.000000e+00,1.368367e+01,2.706078e+00
1.000000e+00,2.275987e+01,3.954985e-01
1.000000e+00,1.193246e+01,1.107290e+00
1.000000e+00,1.328801e+01,6.216380e-01
1.000000e+00,1.761676e+01,-2.718033e-01
1.000000e+00,2.183030e+01,6.492509e-01
1.000000e+00,2.661032e+00,-3.367630e-01
1.000000e+00,7.691073e+00,-2.103903e-01
1.000000e+00,1.448021e+00,6.341893e-01
1.000000e+00,2.456142e+01,3.838002e-01
1.000000e+00,2.458030e+01,7.628592e-01
1.000000e+00,1.262137e+01,-1.110709e+00
1.000000e+00,5.270067e+00,6.800646e-01
1.000000e+00,2.467126e+01,1.339611e+00
1.000000e+00,2.375184e+01,1.358044e+00
1.000000e+00,4.695656e+00,4.688646e-01
1.000000e+00,1.273993e+01,9.972631e-01
1.000000e+00,2.040987e+01,-7.282775e-02
1.000000e+00,2.091476e+01,-3.016588e-01
1.000000e+00,2.441943e+01,2.331494e+00
1.000000e+00,1.796002e+01,2.320497e+00
1.000000e+00,1.771969e+01,2.245747e+00
1.000000e+00,1.180375e+01,2.194285e+00
1.000000e+00,1.036404e+01,2.911162e+00
1.000000e+00,5.392072e+00,1.470411e+00
1.000000e+00,1.324105e+01,3.454748e-01
1.000000e+00,1.645593e+01,2.076335e+00
1.000000e+00,1.561794e+01,1.682047e+00
1.000000e+00,5.274494e+00,1.198880e+00
1.000000e+00,4.848759e+00,9.959394e-01
1.000000e+00,8.003842e+00,1.361291e+00
1.000000e+00,9.800324e+00,1.837425e+00
1.000000e+00,2.066539e+01,1.721893e+00
1.000000e+00,1.397706e+01,9.645508e-01
1.000000e+00,8.491623e+00,6.081166e-01
1.000000e+00,4.704171e+00,1.938294e+00
1.000000e+00,2.209635e+01,7.994832e-01
1.000000e+00,1.224854e+01,3.562495e-01
1.000000e+00,6.983658e+00,1.244051e+00
1.000000e+00,2.419736e+01,2.094232e+00
1.000000e+00,1.466986e+01,1.402592e+00
1.000000e+00,1.018179e+01,5.908868e-01
1.000000e+00,4.004780e+00,1.366629e+00
1.000000e+00,2.419096e+01,1.039222e+00
1.000000e+00,1.954217e+01,1.114026e+00
1.000000e+00,8.541383e+00,2.922801e-01
1.000000e+00,4.946028e+00,2.423104e-01
1.000000e+00,2.013395e+01,9.414949e-01
1.000000e+00,8.532897e+00,1.818940e+00
1.000000e+00,6.929395e+00,1.975275e+00
1.000000e+00,2.423255e+01,8.802825e-01
1.000000e+00,1.478191e+01,2.268307e+00
1.000000e+00,2.277852e+01,3.520995e-01
1.000000e+00,3.912100e+00,1.511986e+00
1.000000e+00,3.703197e+00,-1.419875e-01
1.000000e+00,9.317483e+00,9.559286e-01
1.000000e+00,2.038400e+01,1.257537e+00
1.000000e+00,6.879759e+00,6.881401e-02
1.000000e+00,1.958048e+01,1.551896e+00
1.000000e+00,1.553322e+01,3.550754e-01
1.000000e+00,6.372197e+00,6.131277e-01
1.000000e+00,1.353298e+01,2.789562e+00
1.000000e+00,1.585119e+01,1.673843e+00
1.000000e+00,1.193061e+01,2.182454e+00
1.000000e+00,6.443035e+00,5.651143e-01
1.000000e+00,6.545252e+00,1.337962e+00
1.000000e+00,8.716249e+00,8.961911e-01
