1.018716e+01,9.678680e+01
1.256533e+01,8.539141e+01
1.344928e+01,2.001216e+01
1.156699e+01,3.155910e+01
1.909949e+01,1.129877e+02
1.946771e+01,1.005969e+02
1.065800e+01,4.759506e+01
1.016407e+01,1.231990e+02
9.769589e+00,3.066141e+00
1.294968e+01,2.102059e+01
1.657150e+01,1.632821e+02
9.762847e+00,9.553820e+01
1.788777e+01,4.645735e+01
1.174133e+01,1.242923e+02
1.700129e+01,1.319961e+02
1.615305e+01,5.261545e+01
1.508311e+01,6.059189e+01
1.297218e+01,-2.722710e+01
1.536848e+01,-2.063955e+01
1.357935e+01,2.725271e+01
1.494086e+01,5.519304e+01
1.093904e+01,2.887880e+01
1.334257e+01,8.752328e+01
1.266679e+01,2.905505e+01
1.826981e+01,1.590906e+02
1.573350e+01,1.158197e+02
1.660591e+01,2.051625e+02
1.977921e+01,2.496788e+02
1.713754e+01,1.308078e+02
1.246780e+01,9.512920e+01
1.088355e+01,6.270381e+01
1.159709e+01,1.283458e+02
1.584432e+01,4.470221e+01
1.269254e+01,7.859570e+01
1.753194e+01,1.569679e+02
1.920236e+01,1.216330e+02
1.230829e+01,1.870798e+01
1.227538e+01,1.408282e+02
1.816697e+01,1.724659e+02
1.941087e+01,8.947340e+01
1.747506e+01,1.531933e+02
1.267759e+01,6.719211e+01
9.837540e+00,2.502671e+01
1.976840e+01,1.568695e+02
1.478177e+01,1.448210e+02
1.658621e+01,3.607663e+01
1.129436e+01,6.829643e+01
1.082218e+01,5.567343e+01
1.973418e+01,3.602700e+02
1.349455e+01,1.022867e+02
1.289793e+01,1.685128e+02
1.100219e+01,5.535247e+01
1.196432e+01,6.447690e+01
9.654093e+00,7.342737e+01
1.943614e+01,1.003409e+02
1.181925e+01,5.157326e+01
1.466736e+01,3.662924e+01
1.850217e+01,1.299719e+02
1.065261e+01,-8.270449e+01
9.821193e+00,1.015925e+02
1.035000e+01,-6.329542e+01
1.494036e+01,-6.017625e+01
1.141118e+01,6.806267e+01
1.773643e+01,2.508023e+02
1.679438e+01,4.985576e+01
1.833995e+01,1.096000e+02
1.701577e+01,1.538658e+02
1.202821e+01,2.664679e+01
1.302069e+01,1.834950e+02
1.564156e+01,2.044587e+02
1.351009e+01,1.286630e+01
1.708150e+01,8.359554e+01
1.957637e+01,7.683415e+01
1.652812e+01,8.366745e+01
1.300764e+01,1.121549e+02
1.632392e+01,1.226506e+02
1.591078e+01,1.331643e+02
9.884944e+00,1.119389e+01
1.551129e+01,7.452248e+01
1.762342e+01,5.329303e+00
1.747581e+01,8.908313e+01
1.278173e+01,6.248696e+01
9.420859e+00,9.711822e-01
1.899763e+01,1.088492e+02
1.643771e+01,1.750046e+02
1.590453e+01,3.811533e+01
1.939376e+01,9.685804e+01
1.829955e+01,1.307706e+02
1.243246e+01,7.199283e+00
1.667452e+01,1.303851e+02
9.617249e+00,9.166330e+01
1.755748e+01,-1.014221e+01
1.766225e+01,2.583793e+02
9.713180e+00,3.247174e+01
1.052274e+01,5.023301e+01
1.073352e+01,9.439371e+01
1.332798e+01,1.164291e+01
1.647543e+01,3.693025e+01
1.697808e+01,7.258223e+01
1.296491e+01,-5.272606e+01
1.248657e+01,-2.300002e+01
1.446173e+01,7.796843e+01
1.922536e+01,1.484279e+02
1.649387e+01,1.116626e+02
1.210149e+01,-5.230383e+01
1.094829e+01,4.653033e+01
9.202746e+00,5.079997e+01
1.687888e+01,2.572358e+01
1.498302e+01,5.596917e+01
1.668037e+01,8.808435e+01
1.214162e+01,7.835366e+01
9.578107e+00,8.740754e+01
9.761278e+00,-2.180655e+01
9.172133e+00,2.954916e+01
1.797763e+01,5.533143e+01
1.879819e+01,1.368762e+02
1.228090e+01,7.410721e+01
1.012359e+01,8.842775e+00
1.528699e+01,1.271392e+02
1.047076e+01,7.083032e+01
1.349113e+01,7.833972e+01
1.189588e+01,3.751743e+01
1.507607e+01,8.138358e+01
1.155209e+01,5.317030e+01
9.019392e+00,-6.114809e+01
1.805296e+01,1.943292e+02
1.299126e+01,1.701114e+02
1.855085e+01,1.111953e+02
1.416010e+01,7.370206e+01
1.020456e+01,-1.184060e+02
1.072994e+01,9.948596e+00
1.198561e+01,9.474379e+01
1.948829e+01,1.563153e+02
9.988959e+00,-3.184016e+01
1.159222e+01,7.293327e+01
1.226779e+01,6.193897e+01
1.609773e+01,8.337187e+01
1.580628e+01,7.851731e+01
9.981306e+00,4.599942e+01
1.574113e+01,1.822691e+02
1.284019e+01,1.015437e+02
1.487488e+01,-8.283864e+00
1.828838e+01,2.729943e+02
1.885929e+01,9.699295e+01
1.296619e+01,1.459891e+02
1.923382e+01,3.535964e+01
1.592664e+01,-6.761129e+00
9.503531e+00,1.077979e+02
1.059766e+01,5.439260e+01
1.095858e+01,6.809486e+01
1.936993e+01,1.801704e+02
1.440240e+01,2.418319e+02
1.759910e+01,2.181988e+02
1.794267e+01,1.487559e+02
1.648232e+01,1.463015e+02
1.428214e+01,1.145206e+02
9.646725e+00,1.223234e+02
1.491710e+01,7.758492e+01
1.043202e+01,7.832356e+01
1.740644e+01,1.780767e+02
1.048546e+01,-1.035491e+02
1.295820e+01,1.046281e+02
1.624875e+01,6.267198e+01
1.200560e+01,2.587556e+01
1.589077e+01,8.890545e+01
1.958460e+01,7.582273e+01
1.319120e+01,1.510871e+02
1.654264e+01,4.318969e+01
1.262326e+01,7.438462e+01
1.487452e+01,1.857208e+01
1.760596e+01,1.375919e+02
9.415838e+00,2.181053e+01
1.941131e+01,1.618563e+02
1.729962e+01,6.535274e+01
1.243121e+01,6.120078e+01
1.834056e+01,2.077547e+02
1.054194e+01,-2.163105e+01
1.958186e+01,1.140037e+02
1.031160e+01,-9.549946e+01
1.688762e+01,1.414674e+02
1.316530e+01,9.129782e+01
1.931608e+01,7.138349e+01
1.686894e+01,8.093179e+01
1.768038e+01,9.430603e+01
1.204854e+01,1.326075e+01
1.333989e+01,1.009022e+02
9.412683e+00,-3.316113e+01
1.465343e+01,4.938432e+01
1.700129e+01,8.363167e+01
1.076076e+01,3.433137e+01
1.489413e+01,6.778151e+01
1.423708e+01,1.166481e+02
1.962107e+01,1.858971e+02
1.031656e+01,9.505919e+01
1.237873e+01,-4.631159e+01
1.541408e+01,6.732690e+01
1.135917e+01,1.404829e+02
1.858064e+01,7.860231e+01
1.272916e+01,1.355522e+02
1.888388e+01,1.655968e+02
