1.000000e+00,1.935955e+01,1.612380e+01
1.000000e+00,1.011527e+01,6.176658e+00
1.000000e+00,2.204078e+01,-9.952343e-01
1.000000e+00,2.358208e+01,2.383294e+01
1.000000e+00,2.369571e+01,1.370510e+01
1.000000e+00,5.892188e+00,-1.589167e+00
1.000000e+00,8.368802e+00,1.157921e+01
1.000000e+00,1.640570e+01,2.800924e+00
1.000000e+00,8.226369e+00,8.675210e+00
1.000000e+00,1.099894e+01,2.032164e+00
1.000000e+00,2.065520e+01,3.331393e+00
1.000000e+00,1.952685e+01,8.316000e+00
1.000000e+00,1.486642e+01,2.175004e+01
1.000000e+00,5.247056e+00,1.342438e+01
1.000000e+00,2.269763e+01,1.976382e+01
1.000000e+00,1.502698e+01,7.139483e+00
1.000000e+00,1.486504e+01,-6.691660e-01
1.000000e+00,1.194049e+01,-4.014821e+00
1.000000e+00,9.011087e+00,-1.311745e+00
1.000000e+00,2.383691e+01,5.713821e+00
1.000000e+00,1.128214e+01,-6.230330e+00
1.000000e+00,1.418885e+01,1.843595e+01
1.000000e+00,8.768415e+00,6.167110e+00
1.000000e+00,1.964662e+01,6.448761e+00
1.000000e+00,9.240201e+00,2.603975e+01
1.000000e+00,7.633160e+00,-2.880128e+00
1.000000e+00,2.153261e+01,-8.141454e+00
1.000000e+00,1.016013e+01,-5.839453e-01
1.000000e+00,2.065271e+01,2.395648e+01
1.000000e+00,1.530239e+01,1.389689e+01
1.000000e+00,1.412759e+01,-9.540484e-01
1.000000e+00,1.695079e+01,4.407499e+00
1.000000e+00,2.318063e+01,7.924114e+00
1.000000e+00,5.662213e+00,1.814115e+00
1.000000e+00,6.810994e+00,8.149020e+00
1.000000e+00,9.926483e+00,1.428392e+01
1.000000e+00,8.310645e+00,8.852365e+00
1.000000e+00,1.903503e+01,7.038328e+00
1.000000e+00,1.495109e+01,-3.490452e-01
1.000000e+00,1.998715e+01,2.349938e+01
1.000000e+00,9.545344e+00,5.510477e-01
1.000000e+00,6.820411e+00,1.092934e+01
1.000000e+00,8.122736e+00,-1.396970e+01
1.000000e+00,9.331336e+00,-5.627983e+00
1.000000e+00,8.804616e+00,6.565406e+00
1.000000e+00,2.326323e+01,6.013291e+00
1.000000e+00,1.990777e+01,9.162051e+00
1.000000e+00,1.004868e+01,8.647973e+00
1.000000e+00,1.308295e+01,7.947381e+00
1.000000e+00,9.416012e+00,2.838410e+00
1.000000e+00,2.010657e+01,9.283985e+00
1.000000e+00,2.424282e+01,-3.403962e+00
1.000000e+00,9.957833e+00,-1.849881e-01
1.000000e+00,2.109945e+01,8.672210e+00
1.000000e+00,2.084429e+01,7.455963e+00
1.000000e+00,8.413032e+00,-5.379499e+00
1.000000e+00,1.863296e+01,1.582431e+01
1.000000e+00,5.341898e+00,1.540762e+00
1.000000e+00,1.868956e+01,1.570468e+01
1.000000e+00,2.291383e+01,8.747638e+00
1.000000e+00,2.384417e+01,1.817173e+01
1.000000e+00,1.634387e+01,1.419424e+00
1.000000e+00,1.871360e+01,6.617677e+00
1.000000e+00,1.702962e+01,1.416499e+01
1.000000e+00,2.174807e+01,8.276855e+00
1.000000e+00,2.171664e+01,1.204051e+01
1.000000e+00,1.914693e+01,2.401544e+01
1.000000e+00,1.038492e+01,2.208394e+00
1.000000e+00,2.191679e+01,1.427975e+01
1.000000e+00,1.667668e+01,4.648187e+00
1.000000e+00,7.092089e+00,1.551796e+01
1.000000e+00,1.943947e+01,1.391893e+01
1.000000e+00,1.500908e+01,9.911976e+00
1.000000e+00,1.476970e+01,-5.679587e+00
1.000000e+00,1.603342e+01,1.212843e+01
1.000000e+00,1.886821e+01,6.008213e+00
1.000000e+00,2.058760e+01,2.401030e+00
1.000000e+00,5.096195e+00,1.141186e+01
1.000000e+00,2.457037e+01,1.361363e+00
1.000000e+00,1.087341e+01,1.487523e+01
1.000000e+00,1.996003e+01,7.648279e+00
1.000000e+00,1.092511e+01,8.713581e+00
1.000000e+00,7.644929e+00,8.789555e+00
1.000000e+00,1.611467e+01,4.201627e+00
1.000000e+00,7.514082e+00,-5.335108e+00
1.000000e+00,1.549873e+01,1.171526e+01
1.000000e+00,8.976632e+00,1.060126e+00
1.000000e+00,1.549469e+01,1.866273e+01
1.000000e+00,5.661579e+00,6.998273e+00
1.000000e+00,1.109533e+01,4.408809e+00
1.000000e+00,5.725671e+00,3.058776e+00
1.000000e+00,2.441944e+01,3.176978e+00
1.000000e+00,7.302348e+00,-3.644543e+00
1.000000e+00,1.941654e+01,2.439801e+01
1.000000e+00,1.934435e+01,1.377079e+01
1.000000e+00,2.207253e+01,1.263588e+01
1.000000e+00,1.122602e+01,1.494846e+00
1.000000e+00,8.104449e+00,-2.587744e+00
1.000000e+00,1.601800e+01,1.217085e+01
1.000000e+00,5.046190e+00,1.242015e+01
1.000000e+00,1.184218e+01,7.333855e+00
1.000000e+00,2.197729e+01,1.084133e+01
1.000000e+00,1.661984e+01,9.913862e+00
1.000000e+00,1.252537e+01,1.098285e+01
1.000000e+00,1.639070e+01,2.072574e+01
1.000000e+00,1.942963e+01,6.411573e+00
1.000000e+00,1.227073e+01,6.429829e+00
1.000000e+00,2.230249e+01,1.401123e+01
1.000000e+00,2.306778e+01,1.371504e+01
1.000000e+00,2.430133e+01,1.127713e+01
1.000000e+00,1.058303e+01,6.582271e+00
1.000000e+00,1.795358e+01,1.556980e+01
1.000000e+00,2.458864e+01,1.056156e+01
1.000000e+00,1.191942e+01,2.361317e+00
1.000000e+00,9.637673e+00,2.636203e+00
1.000000e+00,8.915055e+00,-1.714720e+01
1.000000e+00,2.386381e+01,2.006237e+01
1.000000e+00,2.343492e+01,1.403981e+01
1.000000e+00,2.033660e+01,1.090354e+01
1.000000e+00,1.972241e+01,6.456286e+00
1.000000e+00,1.822109e+01,1.117492e+01
1.000000e+00,1.835062e+01,5.147968e+00
1.000000e+00,6.029695e+00,9.361039e+00
1.000000e+00,8.644319e+00,2.356249e-01
1.000000e+00,2.385832e+01,3.808581e+00
1.000000e+00,2.038146e+01,1.346117e+01
1.000000e+00,1.667117e+01,1.108856e+01
1.000000e+00,1.543037e+01,1.260323e+01
1.000000e+00,1.890061e+01,8.229548e+00
1.000000e+00,5.539764e+00,2.431055e+00
1.000000e+00,6.852698e+00,4.460410e+00
1.000000e+00,2.001670e+01,7.241801e+00
1.000000e+00,6.406740e+00,-3.488604e+00
1.000000e+00,1.745279e+01,1.391360e+01
1.000000e+00,1.282618e+01,-1.205569e+01
1.000000e+00,1.601338e+01,3.987345e+00
1.000000e+00,1.739574e+01,1.341786e+01
1.000000e+00,2.253145e+01,1.824551e+01
1.000000e+00,1.258168e+01,1.347225e+01
1.000000e+00,7.912425e+00,-5.472537e+00
1.000000e+00,2.156588e+01,1.228077e+01
1.000000e+00,1.572015e+01,-8.518826e+00
1.000000e+00,1.770090e+01,-3.791497e-01
1.000000e+00,1.859377e+01,1.620981e+01
1.000000e+00,2.200296e+01,1.505862e+01
1.000000e+00,1.772534e+01,1.307457e+01
1.000000e+00,1.896378e+01,6.761376e+00
1.000000e+00,9.256899e+00,2.810859e+00
1.000000e+00,1.281619e+01,1.717693e+01
1.000000e+00,1.481028e+01,7.113638e+00
1.000000e+00,7.565984e+00,3.471478e+00
1.000000e+00,1.650733e+01,9.753052e+00
1.000000e+00,2.381199e+01,1.795240e+01
1.000000e+00,1.812618e+01,-4.919549e-01
1.000000e+00,6.905762e+00,1.115481e+01
1.000000e+00,1.944878e+01,1.135952e+01
1.000000e+00,7.485156e+00,1.642617e+01
1.000000e+00,1.273605e+01,6.716583e+00
1.000000e+00,1.195744e+01,2.518533e+01
1.000000e+00,2.264144e+01,2.112362e+01
1.000000e+00,1.382203e+01,1.050037e+00
1.000000e+00,5.594104e+00,-3.347407e+00
1.000000e+00,1.584997e+01,1.714839e+01
1.000000e+00,2.290299e+01,-5.651963e+00
1.000000e+00,2.327760e+01,1.989989e+00
1.000000e+00,6.067448e+00,2.436047e+00
1.000000e+00,2.309886e+01,1.537916e+01
1.000000e+00,1.524760e+01,1.820485e+01
1.000000e+00,1.609738e+01,4.971905e+00
1.000000e+00,1.403978e+01,9.298362e+00
1.000000e+00,6.918669e+00,1.262717e+01
1.000000e+00,5.770995e+00,1.186758e+01
1.000000e+00,2.103515e+01,9.497213e+00
1.000000e+00,2.218188e+01,1.637743e+01
1.000000e+00,2.409332e+01,1.419004e+01
1.000000e+00,1.981679e+01,7.758896e+00
1.000000e+00,2.409323e+01,2.078979e+01
1.000000e+00,8.438164e+00,8.543028e+00
1.000000e+00,7.164541e+00,9.849383e+00
1.000000e+00,1.317306e+01,-1.089390e-01
1.000000e+00,7.459206e+00,-1.784752e+01
1.000000e+00,1.167441e+01,5.283684e+00
1.000000e+00,1.623411e+01,1.188551e+01
1.000000e+00,2.468860e+01,7.482448e+00
1.000000e+00,1.707176e+01,1.267071e+01
1.000000e+00,1.761058e+01,9.719169e+00
1.000000e+00,7.292132e+00,1.277402e+01
1.000000e+00,2.190840e+01,6.633459e+00
1.000000e+00,5.532692e+00,1.300459e+01
1.000000e+00,2.205064e+01,1.696809e+01
1.000000e+00,1.035266e+01,4.043888e+00
1.000000e+00,1.661152e+01,9.618962e+00
1.000000e+00,6.781847e+00,1.296084e+01
1.000000e+00,2.337048e+01,8.377781e+00
1.000000e+00,2.191791e+01,1.435934e+01
1.000000e+00,9.923146e+00,3.024120e+01
1.000000e+00,7.079001e+00,5.850771e+00
1.000000e+00,8.214572e+00,5.050334e+00
1.000000e+00,8.147090e+00,-1.116671e+00
1.000000e+00,5.684170e+00,-1.516714e+00
