2.139733e+01,9.613931e+00
1.817810e+01,2.099502e+01
1.635087e+01,-3.678728e+00
1.348632e+01,3.295271e+00
2.402781e+01,7.817470e+00
2.146612e+01,2.531886e+01
1.268820e+01,8.308364e+00
1.454072e+01,1.328703e+01
8.692002e+00,-3.086047e+00
4.906317e+00,8.542603e+00
1.313872e+00,3.243379e+00
3.974523e+00,-8.947521e+00
1.623794e+01,1.758321e+01
3.190942e+00,8.171612e+00
2.120198e+01,2.128373e+01
9.675658e+00,2.421967e+01
1.324701e+01,2.513624e+01
1.085017e+01,1.105342e+01
1.690364e+00,-6.753733e+00
2.192244e+01,2.297942e+01
2.312054e+01,3.101908e+01
1.416845e+01,7.053852e+00
2.055408e+01,3.678238e+01
1.083924e+00,2.266051e-01
1.054123e+01,1.694134e+01
1.383381e+01,8.174518e+00
8.765105e+00,3.740669e+00
9.783949e+00,1.244223e+01
2.113734e+01,2.795896e+01
1.150295e+01,6.441898e+00
8.551446e+00,4.386132e+00
1.463374e+01,1.033395e+01
1.961325e+01,2.056633e+01
8.691391e+00,8.269512e+00
2.046500e+01,2.739008e+01
2.480558e+01,1.209259e+01
1.047951e+01,8.815160e+00
1.945945e+01,2.782786e+01
2.184244e+01,8.143945e+00
1.906438e+01,-1.515337e+00
2.267447e+01,3.014398e+01
1.147024e+01,1.940390e+01
2.045163e+01,2.008480e+01
5.937327e+00,-1.082251e+01
1.493083e+01,2.896187e+01
9.127085e+00,1.368930e+01
1.149681e+01,-2.145938e+00
2.051304e+01,2.850639e+01
2.455463e+01,2.224203e+01
9.024310e+00,4.300786e+01
2.330170e+01,3.704099e+01
2.073925e+01,2.740235e+01
6.376014e+00,2.002456e+01
6.596518e+00,1.705509e+01
9.859527e+00,1.069226e+01
4.305168e+00,2.182609e+01
1.062143e+00,8.619452e-01
2.292715e+01,-1.086238e+01
2.040693e+01,2.771232e+01
1.630266e+01,1.362032e+00
2.217774e+01,1.227538e+01
1.906403e+01,1.352897e+01
9.979340e+00,2.709193e+00
2.220355e+01,2.360227e+01
1.334670e+01,5.801210e+00
6.763083e+00,5.657616e+00
1.694938e+01,1.476582e+01
2.316659e+01,9.288564e+00
9.516988e+00,2.091696e+01
7.806702e+00,-4.213729e+00
2.169972e+01,2.124813e+01
1.041777e+01,1.932330e+01
4.908617e+00,-1.551100e+00
1.933760e+01,6.462694e+00
2.196109e+01,2.601424e+01
3.127923e+00,1.747769e+01
2.320282e+01,2.134227e+01
9.589328e+00,9.397596e+00
5.894993e+00,8.799657e+00
1.464775e+01,2.664244e+01
1.223296e+01,1.689870e+01
2.293549e+01,1.671279e+01
1.810108e+01,1.226455e+01
2.911904e+00,-2.660105e+01
1.093245e+01,-8.591214e-01
1.403147e+01,-8.662875e-01
9.281042e+00,-2.120054e+00
9.047688e+00,1.752614e+01
1.743504e+01,1.568496e+01
1.164925e+01,-2.575928e+00
1.943389e+01,2.205490e+01
7.353330e+00,1.466290e+01
2.005647e+01,6.573225e+00
2.095687e+01,1.515322e+01
1.399356e+01,2.334402e+01
2.066805e+01,1.054767e+01
1.241109e+01,-3.835505e+00
6.214599e+00,1.073503e+01
2.054406e+01,2.043666e+01
3.918684e+00,7.433700e+00
2.074231e+00,1.237570e+01
2.284368e+00,-5.522112e+00
1.991742e+01,6.984580e+00
1.830998e+01,1.731929e+01
4.026388e+00,6.424829e-01
1.889928e+01,2.653693e+01
1.228663e+01,-2.097235e+00
2.116954e+01,2.738401e+01
1.136470e+01,6.526542e+00
1.895720e+00,2.177409e+01
2.480610e+01,1.172734e+01
3.938448e+00,8.440375e-01
8.013256e+00,7.454705e+00
2.448209e+01,1.774762e+01
1.899667e+01,1.857115e+01
1.582261e+01,1.516715e+01
7.566089e+00,-3.255089e+00
1.296241e+01,7.956241e+00
5.609898e+00,1.240443e+01
9.381015e+00,2.161473e+01
5.086983e+00,7.439325e+00
2.411524e+01,1.656213e+01
2.017792e+01,2.155385e+01
1.267067e+01,2.219542e+01
2.175280e+01,1.333171e+01
2.097619e+01,1.639046e+01
2.102988e+01,6.241060e+00
1.063066e+01,-4.959169e+00
1.572503e+01,1.058951e+01
1.037865e+01,3.142687e+01
2.863314e+00,-1.031435e+01
1.037950e+00,1.335770e+01
1.549119e+01,4.078333e+00
1.775025e+01,3.015610e+01
2.334622e+01,1.070766e+01
3.234037e+00,-1.300006e+01
5.363439e+00,2.744002e+00
1.755569e+01,3.133974e+01
1.618213e+01,4.321548e+00
1.196426e+00,3.933888e+00
1.731167e+01,1.362130e+01
5.736761e+00,-2.161358e+01
1.478031e+01,1.900498e+01
1.629923e+01,1.861900e+01
2.283587e+01,1.400118e+01
1.379863e+01,1.747315e+01
4.179698e+00,-1.225534e+01
1.424829e+01,2.887685e+01
2.230785e+00,-3.315667e+00
2.231470e+01,1.391240e+01
1.767068e+01,1.343106e+01
6.247244e+00,4.169021e+00
1.831772e+01,2.537749e+01
2.003795e+00,5.968307e+00
1.562488e+01,1.934494e+01
2.064797e+01,2.502029e+01
1.710165e+01,1.326452e+01
1.098150e+01,2.660244e+01
1.202177e+01,1.340468e+01
2.266704e+01,2.567535e+01
6.612691e+00,-3.352828e+00
1.517087e+00,7.233177e+00
1.902103e+01,-5.382893e-01
4.180099e+00,9.318075e+00
2.131429e+01,-1.180857e+01
1.515759e+01,7.942303e+00
2.324329e+01,1.330502e+01
1.001233e+01,2.648593e+00
2.273542e+01,2.852829e+01
1.623114e+01,1.720217e+01
7.472835e+00,1.216768e+01
2.209228e+01,2.926945e+01
2.248829e+01,1.169951e+01
2.866418e+00,8.516819e+00
1.191615e+00,-3.818896e+00
1.014580e+01,3.644318e+01
1.859262e+01,3.168906e+01
2.065071e+01,2.028991e+01
9.402954e+00,-3.270412e+00
1.227565e+01,1.725792e+01
2.290597e+01,2.179626e+01
1.318684e+01,2.538762e+01
4.518061e+00,4.568554e-01
2.079022e+01,1.883763e+01
1.133657e+01,7.540738e+00
1.186764e+01,-5.086062e+00
2.340109e+01,1.399968e+01
1.748592e+01,7.905492e+00
2.085234e+01,3.561446e+01
1.780768e+01,1.645037e+01
1.968052e+01,1.701153e+01
1.268941e+01,9.389476e+00
2.441111e+01,3.693600e+01
8.236668e+00,-6.084626e+00
1.845408e+00,-6.751506e+00
6.695536e+00,8.214533e+00
7.305051e+00,4.942527e+00
4.071752e+00,-7.420315e+00
4.312704e+00,-1.824171e+00
7.254402e+00,2.823537e+01
