1.168233e+01,3.005013e+00
1.932397e+01,3.368313e+00
1.630376e+01,2.381693e+00
2.135724e+01,2.397654e-01
1.377481e+01,1.391661e+00
1.016688e+01,3.710106e+00
1.305844e+01,-7.831226e-02
2.186275e+01,2.866970e-01
9.218410e+00,2.594242e+00
2.211872e+01,-2.319759e-01
1.637435e+01,2.271660e+00
1.883246e+01,5.050964e-02
1.784629e+01,2.723578e+00
1.568515e+01,2.319921e+00
1.539589e+01,6.273022e+00
7.419930e+00,4.573402e-01
1.500446e+01,-1.622457e+00
2.164233e+01,5.769214e-01
9.303811e+00,2.357720e+00
2.399135e+01,6.086479e+00
2.117253e+01,1.437740e+00
2.272117e+01,3.967557e+00
2.185782e+01,3.231329e+00
1.944919e+01,1.101773e+00
1.029010e+01,3.368784e+00
2.450694e+01,1.196717e+00
1.434820e+01,3.382100e+00
8.430925e+00,3.852787e-01
2.442463e+01,1.480199e+00
2.298653e+01,5.624211e-01
1.848967e+01,2.826426e+00
1.062115e+01,3.282390e-01
7.300015e+00,8.508503e-02
1.629614e+01,-6.409719e-01
1.397255e+01,3.474401e+00
1.585618e+01,3.571917e+00
1.755611e+01,2.021163e+00
8.802877e+00,1.848501e+00
2.173551e+01,2.139162e+00
1.277536e+01,1.763487e+00
7.682394e+00,1.457165e+00
8.116127e+00,-1.311956e+00
1.955425e+01,2.728999e+00
9.721854e+00,1.898118e+00
8.151676e+00,2.144598e+00
2.221982e+01,4.528857e+00
2.288050e+01,2.253145e+00
7.554812e+00,2.315742e+00
1.547303e+01,2.035812e-01
1.103625e+01,7.920261e-01
2.338183e+01,3.493146e+00
1.788537e+01,3.231787e-01
7.052419e+00,2.318111e+00
2.433446e+01,5.381815e-01
8.401774e+00,7.151330e-01
1.253778e+01,-8.831154e-02
1.292333e+01,-9.199832e-02
2.015063e+01,1.736809e+00
1.403032e+01,6.805198e-01
1.278156e+01,1.510899e+00
8.695464e+00,3.442024e-01
1.306164e+01,1.134890e+00
1.791691e+01,2.056727e+00
2.489286e+01,7.745909e-01
1.214858e+01,7.911027e-01
1.371961e+01,1.288721e-01
8.583486e+00,1.126597e+00
2.288797e+01,1.748462e+00
1.906537e+01,-5.331633e-01
1.795290e+01,3.371420e+00
1.354505e+01,1.662481e+00
1.816419e+01,4.007935e+00
2.286136e+01,-1.059862e+00
2.170972e+01,3.837183e+00
1.838044e+01,-6.941126e-01
1.067861e+01,3.592208e+00
2.120448e+01,4.334520e+00
1.870878e+01,2.702461e+00
2.338504e+01,8.586641e-01
1.098272e+01,4.121639e+00
2.332842e+01,-4.009887e-01
1.282657e+01,6.358511e-01
1.698516e+01,1.150846e+00
1.440556e+01,2.449386e+00
1.869504e+01,3.816234e+00
2.412046e+01,2.126801e+00
1.401299e+01,2.778736e+00
1.575315e+01,2.871203e+00
1.684396e+01,1.042741e+00
8.882260e+00,2.403543e+00
2.444881e+01,-2.928161e+00
1.398664e+01,4.154237e+00
2.261859e+01,2.582972e+00
7.738375e+00,1.118799e+00
9.377053e+00,1.080243e+00
1.129367e+01,2.406688e+00
1.168985e+01,2.704405e+00
2.244895e+01,4.034663e+00
1.957929e+01,2.542773e+00
1.360729e+01,2.575764e+00
1.951375e+01,-3.132348e-01
1.979918e+01,1.969605e+00
2.231706e+01,1.560134e+00
1.835423e+01,1.457044e+00
1.322106e+01,2.814302e+00
2.186460e+01,5.524531e-01
1.403903e+01,1.822648e+00
1.687385e+01,7.049990e-01
1.070983e+01,6.067687e-01
1.967535e+01,1.789430e+00
1.885083e+01,6.482995e-01
8.013697e+00,1.039755e+00
1.670952e+01,2.733736e+00
1.113238e+01,2.858664e+00
2.004810e+01,3.835546e+00
1.494787e+01,-5.002284e-01
2.396871e+01,2.529943e+00
1.842361e+01,4.234322e+00
1.256905e+01,3.124043e+00
1.493880e+01,4.655576e+00
8.424004e+00,3.438263e+00
2.458491e+01,3.172530e-01
1.965953e+01,2.066180e+00
1.000038e+01,-7.911632e-01
8.467404e+00,3.271897e+00
1.688468e+01,1.153274e-01
1.815458e+01,1.355476e+00
8.668275e+00,2.786872e+00
1.526415e+01,7.367456e-01
1.195578e+01,8.721382e-01
1.737705e+01,1.270330e+00
7.935746e+00,2.158686e+00
1.044889e+01,2.050388e+00
1.503890e+01,8.607890e-01
1.304992e+01,1.765979e+00
1.443884e+01,4.239335e-01
1.876437e+01,1.562896e+00
1.658971e+01,2.861814e+00
1.861315e+01,2.013213e-01
1.552611e+01,3.167603e+00
8.794582e+00,2.075123e+00
1.782845e+01,6.288393e-01
2.281617e+01,-3.719636e-01
1.266949e+01,1.442570e+00
1.522216e+01,1.818925e+00
2.223493e+01,1.077401e+00
2.265537e+01,6.379119e-01
2.344080e+01,8.812282e-01
2.201525e+01,1.434350e+00
2.279822e+01,1.455216e+00
2.445487e+01,2.865531e+00
1.351819e+01,1.623668e+00
2.211762e+01,3.512565e+00
1.153275e+01,2.271641e-01
2.395535e+01,1.309498e-01
7.140929e+00,5.122024e+00
1.897001e+01,1.995177e-01
1.443240e+01,2.510158e+00
2.139339e+01,3.992168e-01
1.996214e+01,-1.072225e+00
2.075624e+01,-1.383805e+00
1.473705e+01,2.283177e+00
1.838879e+01,1.911522e+00
7.145266e+00,7.509431e-01
7.452214e+00,8.435985e-01
2.218740e+01,2.398602e+00
2.227723e+01,1.799733e+00
1.583911e+01,1.446949e+00
1.990591e+01,1.805644e-01
1.761418e+01,1.594371e+00
2.425335e+01,3.709628e+00
1.429274e+01,-1.301503e+00
2.418770e+01,1.750194e+00
2.335505e+01,3.365145e+00
1.150539e+01,1.998217e-01
2.217200e+01,4.191667e-01
1.556680e+01,-9.842118e-01
1.546196e+01,3.338605e+00
1.189547e+01,5.860889e-02
2.430750e+01,-4.617334e-01
1.587439e+01,2.078133e+00
7.182121e+00,1.993686e+00
2.384804e+01,-6.284737e-01
2.051598e+01,2.515748e-01
1.857633e+01,1.123158e+00
1.184801e+01,2.698030e+00
2.018302e+01,2.591902e+00
7.700111e+00,-1.110881e+00
7.447373e+00,-1.077293e+00
2.004938e+01,9.676244e-01
7.937103e+00,2.414556e+00
1.826746e+01,2.015329e+00
1.895928e+01,2.265393e-01
1.801882e+01,6.021481e-01
1.742472e+01,1.105056e+00
2.055366e+01,4.741952e+00
1.869583e+01,-6.825419e-01
1.373542e+01,-2.377666e-01
1.766404e+01,2.061830e+00
1.565917e+01,1.602669e+00
