7.216686e+00,-1.817229e+00
7.796702e+00,1.393260e+00
7.652045e+00,-8.912061e-01
9.209032e+00,5.562115e+00
1.599460e+01,-1.242639e+00
1.391376e+01,-3.478137e+00
1.797463e+01,1.695062e+00
1.033351e+01,5.805639e+00
2.182748e+01,7.391307e+00
1.157166e+01,-8.483885e-02
1.095984e+01,1.524619e+00
1.243996e+01,4.491519e+00
2.065669e+01,2.490039e+00
1.700043e+01,6.618226e+00
1.287381e+01,4.895591e+00
1.057646e+01,4.353457e+00
1.188777e+01,4.306688e+00
1.069095e+01,4.241908e+00
1.452004e+01,1.822138e+00
2.213273e+01,6.506622e+00
7.387783e+00,2.385594e+00
1.983735e+01,1.393537e+00
2.429226e+01,6.342210e+00
1.656412e+01,5.444116e+00
1.957655e+01,8.215022e+00
8.748589e+00,3.288251e+00
9.735733e+00,1.250817e+00
9.845569e+00,3.391546e+00
1.252232e+01,5.063180e+00
2.326402e+01,6.108866e+00
8.797444e+00,-2.694457e+00
1.527153e+01,8.187438e-01
2.377703e+01,1.032045e+01
1.479485e+01,5.277551e-01
1.272416e+01,5.107127e+00
2.371460e+01,1.207779e+01
1.488805e+01,1.599196e+00
1.728400e+01,7.767285e-01
8.044464e+00,-1.598041e+00
7.763498e+00,-1.812495e+00
8.375656e+00,4.325126e+00
2.416064e+01,7.505154e+00
1.390723e+01,2.732900e+00
2.166667e+01,2.616538e+00
1.065871e+01,-4.360255e+00
9.335995e+00,2.406704e+00
1.851173e+01,2.116113e+00
2.086017e+01,-3.415810e+00
1.532022e+01,-3.308480e+00
2.258257e+01,6.275872e+00
1.920318e+01,4.692791e+00
2.086233e+01,6.747276e+00
1.523982e+01,-1.003554e+00
2.271409e+01,3.661245e+00
1.734919e+01,6.492794e+00
1.389410e+01,2.055468e+00
9.290318e+00,-1.510996e+00
2.230763e+01,5.705451e+00
1.382669e+01,2.341214e+00
2.101470e+01,8.114565e+00
2.423382e+01,6.171311e+00
1.359644e+01,9.155268e-01
1.004123e+01,2.329178e+00
1.215096e+01,1.791874e+00
2.254148e+01,7.987883e+00
2.221389e+01,-4.655610e+00
1.401243e+01,3.456412e+00
2.478801e+01,1.995699e+00
2.313472e+01,2.668726e+00
2.138771e+01,2.953039e+00
1.122276e+01,-1.135939e+00
2.267162e+01,5.889217e+00
8.973656e+00,4.375957e+00
1.999536e+01,6.979084e+00
2.316665e+01,5.465402e+00
1.520669e+01,6.892785e+00
1.139615e+01,5.220344e+00
1.051091e+01,1.905625e+00
1.907799e+01,4.867326e+00
1.888006e+01,8.290664e+00
1.447163e+01,3.624876e+00
1.263748e+01,7.469433e+00
2.206675e+01,1.118657e+00
2.078924e+01,4.369402e+00
1.660365e+01,7.285279e+00
2.110781e+01,5.454841e+00
1.719819e+01,4.479209e+00
2.041133e+01,9.245656e-01
7.141786e+00,4.266524e+00
8.678549e+00,1.036883e+01
7.095668e+00,4.436360e+00
9.018914e+00,1.420244e+00
1.208281e+01,-4.616951e+00
2.052496e+01,1.672437e-02
1.190944e+01,3.431972e+00
9.901446e+00,5.676829e+00
1.810705e+01,4.742283e+00
2.251116e+01,5.352944e+00
9.289973e+00,1.249529e+00
2.032379e+01,6.103350e+00
1.717714e+01,4.482458e+00
7.833876e+00,2.429791e+00
1.133146e+01,-7.044570e-01
1.661501e+01,3.447263e+00
2.394616e+01,6.932660e+00
2.059859e+01,4.630925e+00
1.699073e+01,-1.151493e+00
1.965971e+01,1.241358e+01
8.001874e+00,-1.016680e+00
8.575583e+00,6.914438e+00
2.400822e+01,1.379651e+01
1.683441e+01,3.058539e+00
1.681886e+01,3.939040e+00
1.520826e+01,6.311718e+00
1.398298e+01,5.180826e-01
7.424558e+00,3.587922e+00
1.386217e+01,8.567970e+00
2.198352e+01,1.686540e+00
1.753163e+01,-1.915504e+00
2.399016e+01,4.577847e+00
9.037971e+00,1.633532e+00
1.642427e+01,2.123201e-01
1.455667e+01,-5.611469e-01
2.301389e+01,3.511709e+00
1.855328e+01,5.576095e+00
1.834455e+01,4.295976e+00
2.071534e+01,-2.280596e-01
8.376502e+00,-3.961139e+00
2.244194e+01,5.871761e+00
1.568358e+01,-1.361756e-01
2.012632e+01,4.601820e+00
8.632573e+00,1.069206e+00
8.796873e+00,1.586943e+00
1.092106e+01,-4.384538e+00
8.454193e+00,6.637313e+00
1.129756e+01,1.294156e+00
2.264465e+01,3.923400e+00
2.198290e+01,5.652666e+00
1.479704e+01,9.014842e-01
2.317033e+01,6.840543e+00
8.600835e+00,6.356604e+00
2.033310e+01,9.727553e+00
1.561437e+01,6.708265e+00
2.426198e+01,5.204986e+00
1.474627e+01,7.562910e-01
1.693169e+01,-1.623257e+00
2.295786e+01,2.469393e+00
1.997680e+01,6.076030e+00
1.995850e+01,-1.765971e+00
1.466658e+01,2.165184e+00
8.570519e+00,-2.981560e-01
1.196924e+01,7.226814e-01
2.349922e+01,1.846599e+00
8.761090e+00,3.953118e+00
1.765853e+01,5.084251e+00
1.526022e+01,-1.114919e+00
9.739520e+00,1.606074e+00
7.575025e+00,1.964254e+00
2.354462e+01,3.543431e+00
1.428600e+01,-1.860784e+00
9.275325e+00,2.004382e-02
1.009734e+01,9.062872e-02
1.669361e+01,8.037215e+00
2.289860e+01,4.167402e+00
1.974118e+01,4.209934e+00
2.449849e+01,3.098931e+00
1.276251e+01,3.627653e+00
1.808179e+01,1.241827e+01
7.916455e+00,-4.211804e+00
2.356766e+01,7.272359e+00
1.569864e+01,-1.032790e+00
1.413177e+01,-7.044544e-01
2.371336e+01,3.700795e+00
2.047852e+01,1.781878e+00
1.030649e+01,5.430842e+00
1.226133e+01,5.903948e+00
2.412474e+01,5.985450e+00
1.231553e+01,1.331992e+00
1.969233e+01,2.250915e+00
1.980409e+01,6.357161e+00
2.254925e+01,6.849132e+00
1.284345e+01,5.374985e+00
1.938389e+01,1.035604e+01
8.246557e+00,5.357884e+00
9.426085e+00,2.573300e+00
2.216315e+01,4.643815e+00
1.460646e+01,7.141782e+00
1.952591e+01,2.597801e+00
8.485160e+00,6.150442e+00
1.005075e+01,1.403391e+00
9.906578e+00,2.696630e+00
1.458197e+01,4.886033e+00
9.629851e+00,3.678187e+00
1.051095e+01,6.819877e+00
1.103062e+01,1.550475e+00
2.240143e+01,8.237507e+00
1.832162e+01,4.531329e+00
1.174487e+01,-2.851060e+00
1.791134e+01,9.911576e+00
2.167539e+01,1.423676e+00
