1.390701e+00,8.572572e-01
1.907349e+00,1.779042e-01
3.157575e+00,3.847988e-01
3.058100e+00,-6.515335e-02
3.093918e+00,3.606250e-01
1.631156e+00,3.271000e-01
1.736419e+00,4.373154e-01
2.089858e+00,7.039502e-01
3.078873e+00,7.362849e-01
3.459935e+00,3.448193e-01
2.577727e+00,2.513953e-01
2.405860e+00,8.658971e-01
3.138191e+00,2.262649e-01
2.049980e+00,1.367662e-01
2.695843e+00,2.233584e-01
3.090425e+00,3.837886e-01
2.516882e+00,7.179450e-01
3.165974e+00,6.838253e-01
1.387739e+00,6.412092e-01
2.594393e+00,1.083292e+00
3.230953e+00,1.082303e-01
1.788125e+00,-6.681201e-02
2.684309e+00,1.894401e-01
3.102033e+00,4.821863e-01
2.217144e+00,6.748757e-01
2.241320e+00,9.204978e-01
1.831335e+00,6.132991e-01
1.699910e+00,3.850865e-01
3.547473e+00,6.650192e-01
1.577062e+00,4.102956e-01
2.992111e+00,7.208045e-01
2.753758e+00,3.929839e-01
1.977097e+00,6.786478e-01
3.198984e+00,-8.845260e-02
1.601955e+00,5.385375e-01
2.937776e+00,2.740332e-01
3.286458e+00,2.832042e-01
1.737278e+00,6.674883e-01
1.919720e+00,3.366915e-01
3.356647e+00,5.599220e-01
1.677302e+00,8.461143e-01
2.163555e+00,-1.235132e-01
2.184761e+00,4.337501e-01
2.276865e+00,6.059941e-01
2.718734e+00,2.946729e-01
4.052089e+00,1.433055e-01
2.089986e+00,8.947105e-01
2.072095e+00,2.618410e-01
2.662599e+00,2.219258e-01
1.657210e+00,3.313284e-01
3.014848e+00,-1.531927e-01
1.432760e+00,6.406552e-01
1.470439e+00,8.216593e-01
2.681926e+00,4.479440e-01
2.946464e+00,-5.500148e-02
1.895284e+00,9.220407e-01
2.271049e+00,4.205022e-01
3.347632e+00,1.935785e-01
3.065642e+00,5.781939e-02
2.912761e+00,3.830615e-01
2.891874e+00,3.612838e-01
2.854850e+00,3.366380e-01
2.804896e+00,4.459002e-01
2.207333e+00,2.753826e-01
1.919481e+00,2.885478e-01
1.956427e+00,-5.932933e-01
3.282562e+00,3.951815e-01
3.080326e+00,3.020731e-01
3.176326e+00,4.831475e-01
2.616779e+00,2.839065e-01
2.128446e+00,1.202961e+00
1.233077e+00,3.718186e-01
1.893450e+00,3.678170e-01
2.865842e+00,4.926428e-01
2.415628e+00,9.709311e-01
1.516893e+00,4.227418e-01
2.933261e+00,5.269126e-01
2.021370e+00,5.025395e-01
2.982910e+00,8.179028e-01
1.835951e+00,5.966595e-01
2.863088e+00,4.469262e-01
2.022271e+00,4.882605e-01
2.661810e+00,1.440274e-02
1.541343e+00,4.440870e-01
2.218342e+00,1.043888e+00
3.221896e+00,9.514181e-01
3.282991e+00,2.559222e-01
3.270428e+00,-2.183416e-01
2.934656e+00,1.572055e-01
3.545900e+00,2.796083e-01
3.191495e+00,7.291433e-02
1.831933e+00,2.864759e-01
1.988088e+00,8.333124e-01
2.214437e+00,6.579102e-01
2.898528e+00,1.007180e+00
3.088359e+00,3.821986e-01
2.342623e+00,2.317437e-01
2.822870e+00,4.557266e-01
2.082733e+00,1.036714e-01
1.102841e+00,4.705449e-01
1.783519e+00,9.473728e-01
2.951310e+00,3.379335e-01
3.145289e+00,4.392670e-01
1.996630e+00,9.057964e-01
2.919455e+00,-9.972775e-02
2.616824e+00,-1.986994e-01
1.812490e+00,5.266045e-01
2.236978e+00,-5.360469e-02
2.568927e+00,2.731795e-01
3.199428e+00,5.241275e-01
2.318492e+00,6.641834e-01
3.455602e+00,1.365117e-01
2.018830e+00,-4.664741e-02
2.925505e+00,3.146478e-02
1.565533e+00,2.668073e-01
2.700308e+00,4.475883e-02
1.898264e+00,9.526269e-01
2.286785e+00,2.699850e-01
1.590400e+00,1.783214e-01
2.863538e+00,-7.619492e-02
2.629602e+00,-2.129118e-01
2.019266e+00,4.598287e-01
3.861708e+00,7.244308e-01
1.939641e+00,5.347295e-01
2.658305e+00,4.760744e-02
2.409641e+00,6.528846e-01
1.848870e+00,2.819215e-02
1.932830e+00,-2.516477e-02
2.452410e+00,2.114133e-01
3.052690e+00,4.925338e-01
2.259679e+00,5.676764e-01
1.929055e+00,2.970193e-01
3.083093e+00,2.332562e-02
2.422109e+00,-1.277515e-01
3.586768e+00,2.981826e-01
2.036701e+00,7.384641e-01
1.710829e+00,6.471727e-01
1.684047e+00,1.315410e-01
1.353292e+00,7.691636e-01
1.672421e+00,3.043349e-01
2.841547e+00,2.963457e-01
3.624979e+00,-6.615230e-02
2.228993e+00,4.895087e-01
1.738796e+00,1.298395e-01
3.240729e+00,1.076196e+00
2.293589e+00,-2.239620e-01
2.695974e+00,2.903105e-01
2.412470e+00,4.612607e-02
1.857688e+00,4.892679e-01
1.905837e+00,8.010110e-01
2.778929e+00,8.117931e-01
3.045118e+00,-5.157704e-02
2.430101e+00,9.917433e-01
3.255363e+00,5.846139e-02
2.244038e+00,3.696953e-01
2.588405e+00,6.296740e-01
2.825016e+00,7.138549e-01
2.889598e+00,2.152697e-01
2.834471e+00,1.048047e+00
1.887649e+00,5.460207e-01
1.612253e+00,9.646948e-01
2.026560e+00,8.651968e-01
1.723696e+00,8.293579e-01
1.961969e+00,5.467769e-01
1.714400e+00,7.076112e-02
2.420184e+00,-3.966963e-01
1.548285e+00,4.225255e-01
2.394601e+00,5.956775e-02
2.291000e+00,4.083459e-01
2.792224e+00,-3.165451e-01
1.751981e+00,-4.670037e-02
3.251499e+00,8.478335e-01
2.953899e+00,9.671870e-02
3.093415e+00,4.147006e-01
3.363610e+00,-2.000022e-01
2.608191e+00,4.857351e-02
2.612597e+00,1.141713e+00
2.937701e+00,2.300393e-01
1.890500e+00,2.598665e-01
2.183015e+00,7.158178e-02
2.465121e+00,2.092609e-01
2.641442e+00,6.414627e-01
3.047177e+00,2.210411e-01
2.410431e+00,8.431775e-01
2.269615e+00,1.304554e-01
2.376406e+00,4.720705e-01
2.532796e+00,6.239388e-01
2.247168e+00,7.958916e-02
2.087088e+00,3.264055e-01
2.900589e+00,8.416534e-01
2.606986e+00,-3.361236e-01
3.042307e+00,1.196713e-01
3.106363e+00,9.477759e-01
3.073729e+00,2.212931e-01
2.884701e+00,8.877324e-01
2.113234e+00,1.003505e+00
2.780007e+00,2.121798e-01
2.023071e+00,2.909899e-01
1.579305e+00,1.734142e-01
2.119895e+00,4.477017e-01
