1.504703e+01,8.205558e-01
2.463374e+01,1.611321e+00
1.407640e+01,-1.371345e+00
2.352108e+01,-9.909018e-01
2.431232e+01,8.241766e-01
1.360068e+01,-2.755737e-01
1.427353e+01,-1.773041e+00
2.365416e+01,-1.736023e+00
1.794412e+01,-4.542013e-02
7.129417e+00,7.415604e-01
1.011182e+01,1.215181e+00
9.256377e+00,2.407974e+00
2.412567e+01,4.262831e-01
1.554677e+01,9.817655e-01
2.321272e+01,-1.240025e+00
1.751666e+01,-6.169182e-01
1.349177e+01,6.489772e-01
1.554527e+01,1.783352e+00
2.440028e+01,9.477763e-01
1.824031e+01,1.562441e+00
1.856126e+01,1.613424e+00
7.825972e+00,-2.000945e+00
2.393380e+01,-3.691237e-01
1.763283e+01,-2.070148e-01
1.557103e+01,1.871664e+00
8.304355e+00,1.668089e-01
1.743130e+01,-6.692073e-01
2.234035e+01,2.484240e+00
1.044066e+01,-2.378905e-01
2.184011e+01,1.322912e+00
2.175043e+01,2.078463e+00
1.597363e+01,2.633750e+00
9.585717e+00,2.534646e+00
2.143859e+01,1.441115e+00
2.261806e+01,1.179100e+00
9.282882e+00,1.661838e+00
9.655017e+00,2.538389e+00
2.227088e+01,1.754880e+00
1.948590e+01,3.756990e-01
2.098473e+01,1.674731e-01
2.220788e+01,1.490866e+00
7.896511e+00,-7.443785e-01
2.492029e+01,2.491143e+00
1.829391e+01,1.194607e+00
1.850466e+01,1.113455e+00
7.886072e+00,-8.282348e-01
7.661667e+00,-3.084207e-01
1.016118e+01,3.708937e-01
1.933188e+01,1.574777e+00
2.111310e+01,3.391081e-01
2.168307e+01,1.613593e+00
1.865773e+01,2.820887e+00
1.645012e+01,1.015682e+00
1.187247e+01,7.181956e-02
1.911068e+01,2.400110e+00
1.539488e+01,1.206546e+00
1.722136e+01,-1.049831e+00
2.206719e+01,1.517138e+00
1.337769e+01,2.038863e-01
1.284424e+01,2.161917e+00
1.940033e+01,1.490655e+00
9.196975e+00,2.061047e+00
1.670188e+01,-1.560325e+00
2.314574e+01,-1.165203e+00
1.859212e+01,2.494864e+00
1.703575e+01,-4.703018e-01
1.751382e+01,-1.301096e+00
1.895231e+01,1.456038e+00
9.224952e+00,2.294271e+00
2.361763e+01,-1.001592e+00
2.418257e+01,-4.034958e-01
8.740239e+00,1.807410e+00
1.799090e+01,7.925598e-01
1.974866e+01,2.391569e-01
1.777169e+01,-5.265289e-01
2.454526e+01,8.428402e-01
7.153982e+00,3.795750e-01
9.565731e+00,2.208327e+00
1.974982e+01,3.140347e-01
2.271665e+01,7.436832e-01
2.023655e+01,-4.680980e-01
2.021312e+01,-6.729603e-01
1.360753e+01,-1.411518e-01
1.652880e+01,-3.668490e-01
1.839161e+01,1.708310e+00
2.243049e+01,1.421140e+00
2.011777e+01,-1.583313e+00
2.242659e+01,1.503531e+00
1.874458e+01,1.471195e+00
2.460457e+01,1.606702e+00
1.745165e+01,-8.029601e-01
1.839963e+01,4.835707e-01
1.998973e+01,-1.838786e-01
2.101391e+01,-1.348124e-01
1.059025e+01,-1.848836e-01
2.070048e+01,-6.026429e-01
1.476079e+01,-4.219331e-01
1.750687e+01,-1.186178e+00
8.884105e+00,1.552389e+00
1.969460e+01,2.731954e-01
1.127498e+01,-1.303266e+00
9.559369e+00,1.879921e+00
1.763485e+01,-2.434496e-02
9.804654e+00,3.468829e-01
1.423147e+01,-2.084611e+00
2.401318e+01,6.624588e-02
7.081753e+00,3.643087e-01
1.869017e+01,1.919675e+00
2.340615e+01,-5.496359e-01
1.716355e+01,-1.221127e+00
1.835217e+01,1.799955e+00
2.133661e+01,-8.434497e-02
1.123026e+01,-9.046591e-01
1.464638e+01,-1.006287e+00
2.193366e+01,1.724351e+00
2.145567e+01,1.284264e+00
8.767465e+00,1.228107e+00
2.400287e+01,-1.875842e+00
9.643546e+00,2.733783e+00
1.475188e+01,-2.123010e-01
8.842774e+00,1.397841e+00
1.814939e+01,1.236436e+00
2.485291e+01,2.064959e+00
2.265124e+01,7.518517e-01
2.276893e+01,6.455065e-01
1.495318e+01,1.127660e+00
1.874207e+01,2.199751e+00
7.430280e+00,-1.437900e-01
1.986512e+01,4.483091e-01
2.065417e+01,-7.130964e-01
2.344202e+01,-2.115672e+00
9.903936e+00,2.504987e+00
2.369359e+01,-1.479834e+00
1.443262e+01,-8.864175e-01
1.733462e+01,-4.590738e-01
1.182051e+01,-5.472688e-01
2.373359e+01,-1.327258e+00
2.321264e+01,-8.044451e-01
2.317164e+01,-6.462978e-01
1.677467e+01,-3.476367e-01
1.383249e+01,-6.770988e-01
2.113533e+01,6.581837e-01
1.278110e+01,2.187081e+00
7.948291e+00,-1.763866e+00
2.313195e+01,-2.359688e-01
1.903674e+01,9.541886e-01
2.151609e+01,2.322774e+00
2.453709e+01,1.821768e+00
1.432947e+01,-1.294151e+00
9.417740e+00,1.508905e+00
1.518790e+01,2.313379e+00
2.498848e+01,1.891129e+00
1.299307e+01,1.262413e+00
1.965835e+01,1.610042e+00
1.310551e+01,2.367408e+00
1.958814e+01,2.718003e-01
8.462181e+00,-6.252513e-01
1.177303e+01,7.788742e-01
1.012887e+01,8.876172e-01
2.265910e+01,7.648286e-01
1.576394e+01,2.624160e+00
8.289273e+00,-6.394143e-01
1.229331e+01,2.291048e+00
1.857939e+01,2.078047e+00
1.581009e+01,2.374748e+00
1.478249e+01,-4.178777e-01
1.764917e+01,-2.986889e-01
1.811329e+01,1.364143e+00
1.007486e+01,7.577131e-01
1.111297e+01,-1.030875e+00
1.920864e+01,5.916370e-01
1.644321e+01,3.125531e-01
8.359127e+00,3.581237e-01
8.086940e+00,-1.815358e+00
9.602652e+00,2.366354e+00
2.020129e+01,-1.766353e+00
1.743081e+01,-1.419764e+00
2.065059e+01,-1.177137e+00
1.601484e+01,1.455837e+00
1.793663e+01,9.615237e-01
2.037980e+01,-1.073733e+00
1.498661e+01,1.001880e+00
1.960155e+01,6.729801e-01
9.660357e+00,2.241054e+00
1.838922e+01,2.608134e+00
2.046829e+01,-1.213547e+00
1.278369e+01,1.190599e+00
1.446710e+01,-8.078634e-02
1.992693e+01,-3.262639e-01
1.170286e+01,-1.002796e-01
7.680602e+00,-2.112113e+00
1.768195e+01,-6.748590e-01
1.907168e+01,1.955471e+00
9.521275e+00,2.504768e+00
1.991323e+01,-2.623105e-01
2.378260e+01,-2.114432e-02
1.299036e+01,1.214678e+00
1.958137e+01,9.681684e-01
8.753205e+00,1.018417e+00
7.133230e+00,-8.931892e-01
