1.863924e+01,5.163172e-01
1.495173e+01,1.539474e+00
6.933976e+00,3.157375e-01
1.488131e+01,1.366893e-01
4.835586e+00,-3.916473e-01
1.125177e+01,7.284118e-01
1.466663e+01,1.635957e+00
5.267107e+00,6.368312e-01
8.949155e+00,1.105147e+00
9.551899e+00,8.860018e-01
1.587618e+01,1.412966e+00
1.042041e+01,8.265424e-01
1.804685e+01,1.476674e-01
9.000259e+00,1.772411e+00
7.122984e+00,8.825377e-01
1.371771e+01,1.885210e+00
2.214899e+00,6.818291e-01
9.870554e+00,9.222881e-01
1.489756e+01,1.428775e+00
9.633111e+00,-5.827111e-02
1.197311e+00,1.169043e+00
7.396331e+00,2.250139e+00
2.536819e+00,-2.149173e-01
5.408811e+00,5.440288e-01
4.481555e+00,-1.497459e-01
1.232074e+01,1.058713e+00
6.264556e+00,8.445671e-01
3.227620e+00,4.897280e-01
6.146339e+00,6.962122e-01
1.059601e+01,3.331964e-01
3.692392e+00,8.155583e-03
1.429308e+01,1.047037e+00
9.570332e+00,-9.617098e-02
7.859503e+00,6.332806e-01
1.957146e+00,4.752933e-01
9.072755e+00,-3.581216e-01
1.329199e+01,7.445995e-01
9.974223e+00,-1.200069e+00
1.298036e+01,8.407810e-01
9.089018e+00,1.143892e+00
6.137770e+00,-3.713723e-02
4.801848e+00,9.127326e-02
8.281058e+00,9.546065e-01
1.472378e+01,-2.798916e-01
8.634443e+00,7.110877e-01
6.074887e+00,-7.756238e-01
1.218087e+01,1.087656e+00
6.664844e+00,6.177138e-01
1.397707e+00,8.153142e-02
1.302152e+01,1.238352e-01
1.154003e+01,3.011921e-02
1.697937e+01,-3.801191e-01
1.430705e+01,1.087005e+00
1.278045e+01,3.453398e-01
9.926254e+00,-1.636923e-01
1.039815e+01,-8.495919e-02
1.349516e+01,6.387983e-01
1.041685e+01,7.318245e-01
1.798218e+01,2.304017e-01
1.501006e+01,-6.985038e-02
4.716506e+00,5.445506e-01
4.344908e+00,9.943370e-01
7.636258e+00,9.674047e-01
1.218483e+01,4.159935e-01
2.080749e+00,7.162528e-01
1.575300e+01,9.551698e-02
1.688065e+01,7.473474e-01
1.000582e+01,-9.809268e-01
1.795548e+01,1.158499e+00
1.710374e+00,7.194301e-01
1.386538e+01,1.063122e+00
9.366936e+00,7.957594e-01
1.235307e+01,-3.583568e-02
5.108736e+00,-8.261192e-01
9.834349e+00,4.476263e-01
1.097914e+00,1.175579e+00
2.920033e+00,4.031003e-01
1.220670e+01,8.391165e-01
6.724458e+00,1.200691e+00
1.674923e+01,3.583504e-01
2.374905e+00,-7.347113e-01
5.527883e+00,7.737580e-01
1.217713e+01,1.939656e+00
1.206335e+01,-1.135927e-01
6.576006e+00,5.477851e-01
1.891211e+01,-2.877080e-02
1.915167e+01,1.637775e+00
1.518402e+01,5.201844e-01
1.770829e+01,2.574651e-01
1.357529e+01,6.231194e-01
8.991895e+00,1.595605e+00
1.114534e+00,-3.934189e-02
6.651034e+00,1.182826e+00
1.416684e+01,2.457941e+00
1.812328e+01,2.147577e-01
1.718035e+01,1.895138e-01
1.409048e+01,1.451313e+00
1.779260e+01,7.294805e-01
1.469095e+01,1.273165e+00
4.208687e+00,-2.452820e-01
1.698267e+01,-2.817852e-02
1.020686e+01,1.210797e+00
2.944635e+00,1.340205e+00
4.852050e+00,-1.964478e-01
1.814492e+00,8.615967e-01
1.917925e+01,7.459286e-01
1.644480e+01,-5.155014e-01
1.687219e+01,1.415533e+00
7.996459e+00,1.772001e+00
1.570699e+01,2.557440e-01
2.299103e+00,1.468700e+00
1.125207e+01,-3.049615e-01
1.749751e+01,6.351744e-01
1.382572e+01,2.778500e-01
1.338443e+01,2.638217e-01
1.250601e+01,3.666754e-01
1.916265e+01,4.401388e-01
3.508897e+00,8.553248e-01
1.330754e+01,1.239012e+00
1.900382e+01,1.283199e-01
4.176267e+00,2.825159e-01
1.889686e+00,1.843100e+00
1.262401e+00,1.360676e+00
3.971973e+00,-3.459483e-01
1.688272e+00,4.758089e-01
5.494764e+00,-1.795424e-01
7.940078e+00,9.915093e-01
2.167244e+00,7.739872e-01
1.597989e+01,5.349078e-01
1.597910e+01,4.417923e-01
1.233879e+01,1.133661e-01
1.672647e+01,6.340011e-01
1.583102e+00,1.412573e+00
1.141629e+00,-3.166511e-03
1.400814e+01,1.757525e+00
5.912477e+00,3.384059e-01
9.480231e+00,9.977928e-01
9.451121e+00,7.211490e-01
8.918128e+00,1.176523e+00
1.747286e+01,4.472483e-02
4.458190e+00,-1.159424e-01
3.465333e+00,4.882637e-01
6.697409e+00,5.340575e-01
1.367535e+01,3.489578e-01
5.812230e+00,4.483295e-01
1.436977e+01,8.956353e-01
3.696726e+00,9.687095e-01
1.040641e+01,9.860575e-01
6.798393e+00,3.277387e-01
1.659561e+01,1.947915e-01
6.232005e+00,5.826372e-01
4.317541e+00,1.269361e+00
6.148602e+00,1.260530e+00
3.920778e+00,1.318841e-01
9.538254e+00,4.802632e-01
1.452606e+01,1.048637e+00
1.547699e+01,5.977833e-01
1.438216e+00,6.536717e-01
1.875931e+00,-2.449995e-01
2.060375e+00,1.171368e+00
1.120367e+01,-8.738021e-01
1.921449e+01,1.353737e+00
1.298657e+01,2.409787e-01
1.701064e+01,-2.638882e-01
1.027854e+01,-3.737358e-02
8.054199e+00,-1.851143e-01
6.337890e+00,1.353400e-01
3.066045e+00,6.464471e-01
1.823202e+01,1.073250e+00
7.295518e+00,7.109299e-01
1.300541e+00,3.736293e-01
1.799902e+01,1.412947e-01
1.896746e+01,8.364921e-01
6.738573e+00,1.391955e+00
1.880256e+01,3.992329e-01
1.771970e+01,2.042329e-01
1.762621e+01,-1.197084e-01
7.033640e+00,1.450475e+00
8.339623e+00,8.850478e-01
1.694142e+01,-1.840081e-01
1.561245e+01,-5.030749e-01
6.824714e+00,1.316957e-01
1.331199e+01,4.056186e-01
8.077993e+00,8.734424e-01
9.057340e+00,9.583040e-02
1.002112e+00,3.940900e-02
1.753196e+01,3.467103e-01
1.110817e+01,-3.653622e-01
9.672511e+00,1.445468e-01
9.519020e+00,1.035037e+00
8.298200e+00,1.721852e+00
1.873930e+01,1.989369e+00
1.448588e+01,1.273114e+00
1.516794e+01,2.898922e-01
1.192097e+01,6.582495e-01
8.649473e+00,9.799068e-01
3.884904e+00,3.337062e-01
1.798670e+01,2.943972e-01
1.572471e+01,6.369781e-01
1.514504e+01,1.002437e+00
