3.492787e+00,-1.679270e-01
1.843845e+01,-7.742056e-01
1.521716e+01,9.238631e-01
6.424869e+00,5.651931e-01
3.578500e+00,1.783440e-01
1.929860e+01,5.968599e-01
1.790365e+01,-1.357173e-01
4.393298e+00,-2.197305e-01
7.167943e+00,8.686532e-01
1.936212e+01,9.360308e-01
1.436544e+01,1.084347e+00
3.691248e+00,2.355695e-01
1.661204e+00,1.043786e+00
1.509414e+01,4.884110e-01
1.639302e+01,1.694230e-01
1.923732e+01,4.821016e-01
1.267523e+01,1.513439e-01
9.237330e+00,7.144951e-02
8.296263e+00,3.649489e-01
1.853806e+01,3.616651e-01
1.791936e+01,-6.813267e-01
8.777005e+00,6.643609e-01
3.266058e+00,-6.381739e-02
1.868291e+01,4.222022e-01
4.069719e+00,-1.511828e-01
7.571932e+00,8.817688e-01
1.006533e+01,-3.286437e-02
1.990529e+00,3.434912e-01
5.412991e+00,-4.816142e-02
1.243944e+01,4.125161e-01
1.647743e+01,1.130515e-01
1.756523e+00,7.954794e-01
1.875375e+01,5.904660e-01
1.748407e+01,-5.355025e-01
1.856564e+00,1.280161e+00
4.964181e+00,-4.231111e-01
1.996162e+01,8.013138e-01
1.386103e+01,1.851014e+00
6.204799e+00,6.765022e-02
1.744492e+01,-4.009205e-01
3.956816e+00,-4.125987e-01
8.709944e+00,1.046908e+00
1.993364e+01,1.339820e+00
1.120142e+01,-3.409330e-01
1.196692e+01,1.330285e-01
4.681352e+00,-1.486816e-01
3.565233e+00,-9.143603e-02
1.150857e+01,-3.032092e-01
1.376763e+01,1.425368e+00
1.382747e+01,6.426780e-01
1.913086e+01,3.634672e-01
1.475244e+01,1.498068e+00
1.347284e+01,7.524837e-01
1.087112e+01,-5.739839e-01
1.348400e+01,9.813097e-01
1.733881e+01,-5.513296e-01
3.442430e+00,-1.992230e-01
1.275848e+01,5.062827e-01
8.689986e+00,1.076735e+00
5.198627e+00,-6.070113e-01
4.238737e+00,-2.366921e-01
5.224974e+00,-4.148872e-01
1.764062e+01,-2.261523e-01
7.599360e+00,1.061424e+00
1.291878e+01,4.414588e-01
1.673470e+01,-8.903698e-02
1.279532e+01,3.698095e-01
1.993543e+01,9.949425e-01
8.830748e+00,8.291817e-01
1.979211e+00,1.151152e+00
3.943508e+00,-4.546816e-01
1.096722e+01,-6.597485e-01
6.689439e+00,7.640155e-01
1.049679e+01,2.844183e-01
1.524328e+01,8.810516e-01
9.344471e+00,4.470733e-01
1.340872e+01,8.374229e-01
1.522256e+01,6.295342e-01
8.164243e+00,6.234974e-01
1.271679e+01,3.595566e-01
1.411521e+01,9.190718e-01
1.189407e+01,6.564828e-02
3.124822e+00,2.349250e-01
6.394353e+00,4.840360e-01
1.051601e+01,-1.494972e-01
1.874018e+01,-3.312054e-01
1.780858e+01,-4.763917e-02
1.840970e+01,-1.253481e-01
1.576545e+01,5.438850e-01
2.482977e+00,6.157202e-01
5.265900e+00,-5.179915e-01
6.887314e+00,6.276583e-01
2.608900e+00,3.863892e-02
9.021315e+00,3.619189e-01
1.528755e+01,6.698207e-01
1.685652e+01,-3.922228e-01
7.308292e+00,8.032357e-01
9.986987e+00,-3.705067e-02
4.262550e+00,-3.031656e-01
9.121355e+00,7.027601e-01
1.216222e+01,-1.177460e-01
1.712982e+01,-5.507549e-01
1.998593e+01,1.153273e+00
8.553609e+00,5.937449e-01
7.581425e+00,8.818222e-01
4.322600e+00,5.445379e-02
1.304947e+01,8.268812e-01
9.037260e+00,4.771219e-01
6.228178e+00,3.420601e-01
5.225058e+00,-1.288979e-01
6.087682e+00,-9.351534e-03
3.149261e+00,5.334048e-01
1.532650e+01,5.242475e-01
8.393286e+00,9.299899e-01
7.647976e+00,1.215595e+00
3.375341e+00,1.110330e-01
1.104758e+01,-6.269487e-01
2.073111e+00,6.311302e-01
7.600448e+00,1.862181e-01
4.966745e+00,-4.404391e-01
1.322423e+01,7.274561e-01
8.649402e+00,4.989996e-01
1.891794e+01,1.377673e-01
1.641872e+01,-1.240621e-01
1.365466e+01,1.031519e+00
1.541113e+01,5.254531e-01
1.734964e+01,-2.361132e-01
1.137041e+01,-4.244220e-01
1.225091e+01,1.372666e-01
1.879198e+01,3.920997e-01
3.586378e+00,-6.790400e-02
1.221934e+01,5.165409e-02
2.803796e+00,6.809295e-01
1.124102e+01,-3.783913e-01
1.575529e+01,7.314226e-01
1.815957e+01,5.948383e-01
7.818080e+00,1.245082e+00
1.929660e+01,5.361743e-01
1.215023e+01,3.136790e-02
1.758940e+01,-4.927581e-01
2.320281e+00,1.162535e+00
1.468351e+00,1.426117e+00
3.524404e+00,-3.856316e-02
1.854121e+01,2.933028e-01
8.436837e+00,5.994511e-01
3.083699e+00,8.511044e-02
1.425861e+01,9.731003e-01
1.688574e+01,-7.107333e-01
5.818486e+00,1.559937e-03
3.309699e+00,3.530256e-01
1.265217e+01,-2.397778e-02
1.232128e+01,-1.698717e-01
1.293317e+01,8.720638e-01
1.441838e+01,1.078597e+00
7.217261e+00,5.353218e-01
8.498473e+00,1.005842e+00
1.475090e+00,1.020563e+00
6.352422e+00,2.812785e-01
5.821968e+00,1.716254e-01
1.112748e+01,-3.763231e-01
7.963062e+00,9.669480e-01
1.200308e+01,-2.282351e-01
1.366793e+01,1.203773e+00
1.025254e+01,-3.649108e-01
1.147402e+00,8.099425e-01
1.151808e+01,-2.073829e-01
2.413934e+00,8.427531e-01
5.432676e+00,-2.474159e-02
1.684462e+01,-6.028267e-01
2.512999e+00,5.900118e-01
6.733815e+00,5.427201e-01
4.915976e+00,-4.012576e-01
6.392033e+00,2.115972e-02
1.864084e+01,1.185813e-01
1.150452e+01,1.340119e-01
1.007534e+01,3.126109e-02
1.691361e+01,-3.676104e-01
1.574838e+01,1.082768e-01
1.347686e+01,9.476520e-01
4.443069e+00,-3.056210e-01
3.267372e+00,2.008405e-01
7.378212e+00,8.638275e-01
1.418401e+01,6.649989e-01
1.098981e+01,-2.390515e-01
1.096130e+00,1.025090e+00
4.677004e+00,-1.411088e-01
1.238623e+01,1.399139e-01
4.815798e+00,-1.005819e-01
1.077095e+01,-1.393571e-02
1.837597e+01,-2.214990e-02
5.390246e+00,-4.264892e-01
7.263562e+00,6.693899e-01
1.887905e+01,7.552911e-01
1.993647e+01,5.319288e-01
7.636501e+00,1.060539e+00
6.344780e+00,8.759346e-02
1.161291e+01,-3.839749e-01
9.268318e+00,-7.077943e-05
1.845651e+01,2.433567e-01
5.241377e+00,-4.626401e-01
