2.525470e+00,6.462688e-01
2.572687e-01,1.484417e+00
1.082409e+00,2.035621e-01
2.257227e+00,-4.084096e-01
1.732094e+00,9.586941e-02
1.081861e+00,2.588450e+00
-6.740736e-01,2.371535e+00
-4.448624e-01,-5.751121e-01
1.773027e+00,1.473081e+00
2.110860e+00,1.556101e+00
-1.346153e-01,1.633325e+00
2.771333e+00,1.440133e-01
2.179315e-01,1.556841e+00
1.222413e+00,9.075465e-01
1.154116e+00,-3.999629e-01
2.926935e+00,-9.532503e-01
6.335399e-01,3.383607e-01
1.265926e+00,1.935513e+00
1.654516e+00,1.813055e-01
1.717408e+00,1.486566e+00
2.974116e+00,1.739774e+00
2.203471e+00,1.088243e+00
1.804294e+00,9.599814e-01
1.844391e+00,1.289682e+00
1.283397e+00,7.726113e-01
1.705385e+00,7.066260e-01
2.097767e+00,8.401104e-01
2.684328e+00,3.299614e-01
4.236058e-01,2.618859e-01
-4.718870e-01,7.698811e-01
2.246089e+00,3.349771e-01
4.556020e-01,9.764558e-01
2.326756e+00,1.791928e-02
1.066785e+00,4.651889e-01
1.523673e+00,2.024715e+00
1.515687e+00,-1.014055e+00
2.180873e+00,-8.217503e-02
1.163707e+00,-2.078511e-01
1.939761e+00,1.594847e+00
9.029614e-01,8.437031e-01
2.508785e+00,1.854043e+00
3.271121e-01,1.598632e+00
1.534718e+00,1.847694e+00
1.649647e+00,8.388306e-01
1.882618e+00,1.241994e+00
6.167442e-01,6.057160e-02
1.223075e+00,1.698565e+00
2.928181e+00,1.603808e+00
1.778843e+00,2.040459e+00
8.133617e-01,2.532370e+00
3.781472e-01,2.150296e-01
1.297201e+00,9.311380e-01
1.266932e+00,2.593617e+00
1.348546e+00,-3.539686e-01
3.632652e+00,-3.497879e-02
2.088329e+00,1.302542e+00
6.020460e-01,9.157507e-02
2.619070e+00,1.566470e+00
4.088971e+00,1.022922e+00
6.584922e-01,5.496539e-01
2.873868e+00,1.112065e+00
-2.551504e-01,1.007285e+00
7.445241e-01,-4.716378e-01
8.034446e-01,1.592966e+00
3.924559e+00,2.809077e-01
4.062981e-01,1.456699e+00
1.426326e+00,4.217215e-01
3.132979e+00,1.972728e+00
1.033295e+00,6.611618e-01
2.281049e+00,4.828286e-02
5.733051e-01,1.071439e+00
1.386405e+00,4.798262e-01
1.638568e+00,1.528245e-01
1.400509e+00,1.597349e+00
1.058005e+00,2.768984e+00
1.548138e+00,-1.477427e-03
2.443756e+00,2.395555e+00
9.048179e-01,-5.030814e-01
2.281552e+00,1.262003e+00
1.645866e+00,9.925399e-01
8.430569e-01,1.102172e+00
1.168878e-01,-2.071279e+00
-7.216355e-01,5.061400e-01
1.635268e+00,1.062550e+00
5.067317e-01,7.154409e-01
7.236478e-01,1.058644e+00
9.539827e-01,6.885545e-02
7.915988e-01,1.087651e+00
1.805287e+00,8.735371e-01
7.223047e-01,6.685649e-02
2.110651e+00,2.212148e+00
1.151522e+00,1.162272e+00
1.565645e+00,1.351682e+00
7.762182e-01,4.498460e-01
3.197399e+00,3.663564e-01
1.995070e+00,1.248160e+00
5.765989e-01,5.175685e-01
2.135751e+00,3.511119e-01
5.569293e-01,4.626938e-02
1.547115e+00,3.242942e+00
9.747282e-01,7.462716e-01
1.928205e+00,2.108186e+00
-1.441597e-01,1.542215e+00
5.746600e-01,-2.006848e-01
3.185956e+00,1.488780e+00
1.550082e+00,1.224960e+00
2.424090e+00,1.052864e+00
2.193853e+00,-9.867850e-01
1.941645e+00,2.723591e-01
2.418362e+00,-3.554517e-01
1.105226e+00,1.776940e+00
2.023976e+00,2.625800e+00
2.197483e+00,3.046463e+00
3.193003e+00,-7.812058e-01
1.869609e+00,1.033862e+00
2.355342e+00,8.375110e-01
2.029948e+00,1.772741e+00
1.544541e+00,-6.295386e-01
1.250026e+00,2.074055e+00
8.989698e-01,2.590443e-01
1.279198e+00,1.217788e+00
1.532586e+00,1.584589e+00
8.552979e-01,1.633665e+00
9.151269e-02,2.326734e-01
2.984817e+00,1.142515e+00
-1.775938e+00,2.313555e+00
1.773350e+00,1.383662e+00
1.824942e+00,4.354817e-01
1.642565e-01,1.579047e+00
3.119430e+00,6.971383e-01
-1.200876e+00,6.998417e-01
2.366740e+00,1.376645e+00
1.466334e+00,6.853420e-01
1.877377e-01,8.341298e-01
3.191090e+00,-1.523657e+00
1.959416e+00,-8.126291e-01
7.208778e-01,8.078791e-01
2.641158e+00,6.082548e-01
3.436564e+00,-3.955619e-04
1.340334e+00,-2.073818e-01
5.922503e-01,2.457967e+00
7.815776e-01,-2.668150e-01
2.865149e-01,5.091108e-01
1.394255e+00,5.519377e-01
1.781498e+00,-1.228326e+00
2.468048e+00,8.216736e-01
2.625634e+00,1.600850e+00
-1.889218e-01,1.019383e+00
3.841277e+00,2.258551e-01
2.703551e+00,-1.824850e-01
7.190353e-01,-1.805161e+00
1.966951e+00,1.427592e+00
2.209299e+00,1.661283e-01
1.161760e+00,-8.630703e-01
7.446845e-01,1.688174e+00
1.114628e+00,3.258994e-01
2.415014e+00,1.599481e+00
2.522772e-01,6.536679e-01
9.606148e-01,1.184635e+00
1.840256e+00,2.354564e+00
1.591831e+00,-4.797090e-01
7.451826e-01,2.019834e+00
1.313865e+00,8.469891e-01
1.843309e+00,1.802154e+00
2.701228e+00,2.109656e+00
1.384461e+00,9.224224e-01
2.252790e+00,1.013285e+00
5.672273e-01,6.096085e-01
1.895942e+00,1.556384e+00
-3.872642e-02,1.697450e+00
1.652543e+00,2.242459e+00
1.842210e+00,2.128435e-01
1.730675e+00,2.338184e+00
1.841730e+00,1.913664e+00
1.613370e+00,1.631555e+00
-2.477776e-01,-4.998299e-02
2.588949e+00,-5.831103e-01
1.080549e+00,9.171374e-02
2.067204e+00,1.003450e+00
1.663083e+00,1.102556e+00
9.807577e-01,6.977030e-01
2.782335e+00,3.864517e-01
1.441870e+00,2.439844e+00
2.964667e+00,7.889834e-01
6.547836e-01,4.349815e-01
5.868613e-01,4.123712e-01
1.337079e+00,9.002200e-01
1.797887e+00,7.783933e-01
-3.336672e-01,1.816969e+00
1.920909e+00,7.403143e-01
7.405710e-01,1.068844e+00
1.812427e+00,-1.086855e-01
9.754761e-01,1.835242e+00
6.262349e-01,4.801749e-01
1.551066e+00,5.354734e-01
2.382216e+00,2.237453e+00
1.708480e-01,7.812761e-02
2.327130e+00,6.672176e-01
1.476024e+00,2.278987e+00
2.647833e-01,9.216503e-01
