1.882308e+01,1.353036e+01
1.129162e+01,-1.039365e+01
1.206893e+01,-2.097192e+00
1.888031e+01,2.402771e+01
1.303147e+01,2.328914e+01
1.760881e+01,1.896231e+01
1.524774e+01,1.251989e+01
1.583233e+01,1.150599e+01
1.484211e+01,1.188658e+01
8.627785e+00,1.307714e+01
1.916585e+01,1.764954e+01
1.317725e+01,1.380455e+01
8.070939e+00,-8.606241e-01
8.604090e+00,-2.262143e+00
1.685105e+01,1.991059e+01
1.743641e+01,1.832640e+01
9.849125e+00,-2.226125e-01
9.981028e+00,-2.474080e+00
1.021287e+01,2.056586e+01
1.599332e+01,1.309956e+01
1.351212e+01,5.493761e+00
1.739874e+01,1.618474e+01
9.957745e+00,1.648118e-01
1.048828e+01,-1.181292e+01
9.182176e+00,5.363796e+00
1.851117e+01,2.554723e+01
1.107493e+01,1.085098e+01
1.288745e+01,2.163487e-01
1.291115e+01,-9.617491e+00
1.717191e+01,2.019723e+01
1.218107e+01,1.805977e+01
1.003905e+01,-2.700560e+00
1.942831e+01,2.294064e+01
1.353927e+01,-4.894641e+00
7.814847e+00,1.228915e+01
8.885021e+00,-5.926037e+00
1.726244e+01,1.052361e+01
1.703116e+01,4.820833e+00
1.209984e+01,3.303776e+00
1.382808e+01,1.006137e+01
1.057108e+01,9.367005e+00
1.865773e+01,2.249035e+01
9.144384e+00,-8.584638e+00
1.626332e+01,1.849436e+01
1.653834e+01,1.549678e+01
1.521394e+01,1.030929e+01
1.768465e+01,1.150672e+01
1.453397e+01,-4.757270e+00
1.729268e+01,1.417266e+01
1.075635e+01,5.556221e+00
1.999190e+01,1.072268e+01
1.921773e+01,1.484515e+01
7.275979e+00,5.511564e-01
1.298891e+01,3.758794e+00
7.349919e+00,1.206757e+01
1.627684e+01,2.062297e+01
1.938144e+01,2.839332e+01
1.300182e+01,1.180959e+01
1.442702e+01,-2.098330e+00
1.029172e+01,-8.967824e+00
1.560167e+01,1.786391e+01
1.838013e+01,5.174573e+00
7.873330e+00,9.888990e+00
9.867350e+00,-5.499395e+00
9.116896e+00,1.095885e+01
1.512473e+01,1.103366e+01
1.257372e+01,7.611981e+00
1.640291e+01,3.234343e+01
1.783461e+01,1.987022e+01
1.159779e+01,2.195149e+00
1.205414e+01,-1.709379e-01
7.833467e+00,-1.051613e+01
1.067202e+01,6.042736e-01
1.892066e+01,2.255084e+01
1.245775e+01,-6.182146e+00
1.163657e+01,2.373426e+01
1.036572e+01,2.426384e+01
1.835154e+01,7.524081e+00
1.775515e+01,1.573175e+01
1.379274e+01,7.402706e+00
1.993725e+01,2.312302e+01
1.086323e+01,7.579682e+00
8.531695e+00,3.303296e+00
1.962468e+01,1.534405e+01
1.983658e+01,8.929706e+00
8.533355e+00,9.547173e+00
1.616998e+01,1.376260e+01
8.652783e+00,-2.061596e+00
1.631159e+01,1.024930e+01
1.634503e+01,1.825779e+01
1.207661e+01,7.064920e+00
7.576766e+00,1.021038e+01
1.197244e+01,3.775880e+00
1.283781e+01,1.000907e+01
1.585203e+01,1.128159e+01
1.279101e+01,1.553604e+00
7.788572e+00,6.723791e+00
1.373115e+01,1.900338e+01
1.894086e+01,2.556392e+01
1.805589e+01,5.103158e+00
1.699055e+01,1.583069e+01
1.906238e+01,1.546007e+01
1.777525e+01,8.909347e+00
1.957338e+01,3.006163e+01
1.665686e+01,-9.394601e+00
7.285186e+00,2.594469e+01
1.636245e+01,1.378649e+01
1.346470e+01,2.234487e+01
8.010659e+00,1.047803e+01
1.893294e+01,2.637055e+01
1.743002e+01,2.344052e+01
1.747896e+01,1.680994e+01
1.118247e+01,4.126572e-01
1.466720e+01,1.093492e+01
8.985894e+00,4.519241e+00
1.293021e+01,-9.995752e+00
1.946883e+01,3.206419e+01
1.889806e+01,1.267620e+01
1.696769e+01,1.592999e+01
1.499293e+01,2.617076e+01
9.857673e+00,-2.256750e+00
9.872517e+00,2.424396e+00
1.857705e+01,-2.633123e+00
1.683263e+01,1.573787e+01
1.828317e+01,2.723028e+01
1.681826e+01,2.130232e+01
1.511957e+01,1.041304e+01
1.381933e+01,2.063798e+01
1.102079e+01,-3.931200e-01
9.631700e+00,1.875959e+01
1.027100e+01,3.766883e+00
1.842957e+01,-4.882575e-01
1.701548e+01,2.136650e+01
1.252893e+01,1.882103e+01
9.649384e+00,1.339349e+01
7.279183e+00,-1.590705e+00
1.691201e+01,2.919223e+01
1.282688e+01,8.531978e+00
1.832874e+01,1.593604e+01
1.653970e+01,8.181826e+00
1.187275e+01,1.563806e+01
1.874651e+01,5.354653e-01
7.795790e+00,-1.713740e+01
1.338048e+01,2.441706e+00
1.647196e+01,1.828663e+01
1.613170e+01,1.023632e+01
1.345337e+01,1.786640e+01
1.238428e+01,1.363661e+01
1.653603e+01,8.793203e+00
1.831230e+01,2.555636e+01
1.401402e+01,8.614719e+00
8.949970e+00,1.125049e+01
1.375534e+01,-1.012700e+01
1.846871e+01,9.740255e+00
1.649112e+01,1.440780e+01
1.728234e+01,4.535450e+00
1.619093e+01,7.302103e+00
1.926600e+01,1.156001e+01
1.391212e+01,-8.956183e-01
1.753108e+01,-1.836030e+00
1.851994e+01,1.819149e+01
1.965832e+01,9.066731e+00
1.100252e+01,3.411893e+00
1.296514e+01,4.269993e+00
1.525327e+01,1.792259e+01
1.244313e+01,4.070664e+00
1.826279e+01,2.228191e+01
1.689779e+01,2.673045e+01
1.135926e+01,1.840874e+00
1.873935e+01,1.919874e+01
1.614672e+01,2.732515e+01
1.997899e+01,3.981315e+00
1.630467e+01,-1.028486e+00
1.547435e+01,9.831344e+00
7.202050e+00,5.019506e+00
1.322119e+01,6.180540e+00
1.746608e+01,6.514955e+00
1.339746e+01,-1.886486e+00
9.830516e+00,-5.820514e+00
8.782081e+00,3.923389e-01
1.599641e+01,1.890943e+00
1.345065e+01,1.176368e+01
1.177106e+01,3.778431e+00
1.646592e+01,1.065263e+00
7.180577e+00,1.074031e+01
7.278847e+00,4.870671e+00
7.277848e+00,9.934067e+00
1.247728e+01,3.041121e+00
1.537945e+01,1.935491e+01
1.519715e+01,9.693478e+00
1.585128e+01,8.991342e+00
9.931171e+00,2.481456e+01
1.544813e+01,5.994839e-01
1.716684e+01,1.314155e+01
1.152086e+01,9.774576e+00
1.334450e+01,1.822332e+01
9.653729e+00,-1.677363e+00
1.462038e+01,1.342585e+01
1.459944e+01,3.051059e+01
1.243786e+01,-3.034316e+00
