1.699571e+01,5.336837e+00
8.071602e+00,2.872538e+00
6.773090e+00,1.490592e+00
1.987999e+01,6.311453e+00
5.945699e+00,1.480672e+00
1.822450e+01,7.293010e+00
1.442781e+01,-2.317232e+00
1.472950e+01,-6.268218e-01
2.344819e+00,6.472879e+00
1.520084e+01,8.571246e+00
8.673524e+00,4.389838e+00
3.257501e+00,1.757657e+00
9.174239e+00,8.012198e+00
6.521469e+00,4.602180e+00
1.830236e+01,7.271454e+00
1.767020e+01,8.242664e+00
1.685597e+01,2.090058e+00
1.582702e+01,3.577444e+00
3.503470e+00,2.408283e-01
2.331109e+01,7.117407e+00
6.511990e+00,1.146432e+01
1.008870e+01,6.098690e+00
1.903568e+01,6.039308e+00
2.168779e+01,2.555219e+00
5.480076e+00,3.365761e+00
1.490701e+01,8.348460e-01
3.287536e+00,5.906117e-01
2.487848e+01,4.540081e+00
5.677275e+00,-3.536568e+00
7.369664e+00,5.435935e+00
3.468844e+00,6.581487e-01
1.040187e+01,9.719523e+00
1.810343e+01,2.904663e+00
4.425934e+00,2.501949e+00
1.049978e+01,-4.379848e+00
9.067748e+00,7.789853e+00
1.983135e+00,7.685177e+00
1.873444e+01,4.868556e+00
8.452385e+00,-4.322136e+00
2.400428e+01,1.715832e+00
7.591966e+00,6.250852e+00
1.142791e+01,4.015193e+00
9.519555e+00,-2.691219e+00
2.163714e+01,3.698741e+00
3.687954e+00,3.300756e+00
1.495286e+01,2.962959e+00
1.614935e+01,-2.718630e-01
1.012038e+01,5.407938e+00
2.271640e+01,5.681074e+00
1.401000e+01,7.992234e+00
1.870734e+01,3.119030e+00
1.300336e+01,4.996700e+00
1.648893e+01,7.903410e+00
2.342444e+01,8.086894e-01
8.278781e+00,2.827186e+00
2.446145e+01,3.752867e+00
1.636514e+01,4.230735e+00
8.116236e+00,4.307935e+00
2.156426e+01,6.379347e+00
6.924919e+00,8.560051e+00
4.818462e+00,4.056597e+00
2.396994e+01,1.049456e+00
4.993298e+00,5.293878e-01
2.263143e+01,5.374421e+00
1.827471e+01,-3.581980e-01
3.860724e+00,7.844494e-01
4.865685e+00,1.807922e+00
6.177476e+00,1.193335e+01
1.805472e+01,1.090101e+01
1.456084e+01,7.930145e+00
1.809812e+01,8.549821e-01
1.867197e+00,5.654050e+00
1.815204e+01,4.313201e+00
4.268154e+00,-8.787062e-01
1.225632e+01,6.866206e+00
4.898959e+00,4.235848e+00
1.516847e+01,5.449930e-01
1.854434e+01,3.692897e+00
1.157784e+01,4.502211e+00
1.180025e+01,-2.888464e+00
1.805616e+01,6.398041e+00
2.134389e+01,7.509592e+00
2.829964e+00,1.008633e+00
1.058148e+01,1.112866e+00
1.200769e+01,2.841005e+00
1.495447e+01,9.772493e+00
2.338766e+01,7.880986e+00
7.563486e+00,8.117756e+00
1.036533e+01,-3.891446e+00
1.694271e+01,7.758910e-01
2.425692e+00,6.060703e+00
2.470421e+01,6.921383e+00
2.044662e+01,3.077246e-02
7.393115e+00,5.855596e+00
2.366781e+01,-1.856332e+00
1.437508e+01,5.947129e+00
1.647175e+01,3.494014e+00
2.079454e+01,6.486138e+00
1.452004e+01,3.104219e+00
1.348122e+01,2.506999e+00
2.011790e+00,8.354755e+00
4.727825e+00,1.120121e+01
1.711731e+01,9.180404e+00
8.348331e+00,8.310074e+00
2.099873e+01,-1.485280e+00
3.450216e+00,7.119814e+00
6.946159e+00,8.686881e+00
1.444305e+00,-3.858925e+00
2.951630e+00,-2.123851e+00
1.207495e+01,7.475629e+00
2.080942e+01,4.273014e+00
7.555119e+00,1.868201e+00
1.323717e+01,9.691203e+00
7.041227e+00,4.265303e+00
8.382932e+00,4.748919e+00
1.252240e+01,6.629797e+00
1.414673e+01,-1.182492e+00
2.224226e+01,3.472217e+00
2.330711e+01,5.052013e+00
3.147923e+00,1.769937e+00
1.802868e+01,4.065572e+00
2.554669e+00,1.203959e+00
9.464503e+00,1.371204e+01
7.117819e+00,3.344283e+00
8.573809e+00,1.412081e+00
3.727218e+00,4.699499e+00
2.431137e+01,5.916377e+00
2.486171e+01,-2.341883e+00
1.153792e+01,4.685951e+00
8.950304e+00,-1.882109e+00
1.178775e+01,-5.749978e+00
5.320297e+00,-1.416055e+00
4.783045e+00,-7.658160e+00
9.618492e+00,4.707890e+00
1.445815e+01,8.119108e+00
2.298073e+01,1.963506e+00
1.279528e+01,8.638973e+00
4.103052e+00,4.650026e+00
2.137466e+01,9.199087e+00
2.058743e+01,5.225089e+00
1.610430e+01,1.049469e+01
2.018105e+01,4.563731e+00
2.533477e+00,-4.042337e+00
7.306090e+00,5.223776e+00
1.685587e+01,1.403653e+01
8.068239e+00,3.868276e+00
2.264430e+00,-4.881828e+00
8.938937e+00,3.297853e+00
2.129666e+01,-4.067596e+00
1.633667e+01,1.968494e-01
6.010733e+00,1.258612e+01
1.300325e+01,-4.506784e-01
1.555835e+01,4.446307e+00
1.660198e+01,1.741315e+00
9.471962e+00,6.771478e-01
2.048879e+01,3.509085e+00
9.199104e+00,9.579202e-01
1.034796e+01,7.881737e+00
1.466499e+01,2.747389e+00
1.796347e+01,6.577590e+00
1.681458e+01,7.046990e+00
1.862091e+01,1.097386e+01
9.764044e+00,3.403238e+00
9.951962e+00,1.112945e+00
2.292693e+01,1.279574e+01
1.095883e+01,1.272585e+00
2.397679e+01,6.641785e+00
1.193873e+01,3.253178e+00
5.643636e+00,-1.173193e+00
6.599619e+00,3.516780e+00
1.813410e+01,4.871053e+00
1.783995e+01,5.328201e+00
1.296359e+01,6.032264e+00
1.108727e+01,6.650003e+00
1.829512e+01,2.868506e+00
7.474347e+00,-3.886069e+00
6.230428e+00,3.437528e+00
1.655321e+01,8.330265e+00
1.448174e+01,6.495934e+00
1.283486e+01,7.335313e+00
1.234673e+01,3.031971e+00
2.007931e+01,6.349969e+00
2.487003e+01,6.045227e+00
1.488468e+01,7.248340e+00
4.025261e+00,1.004019e+00
4.618372e+00,3.099016e+00
1.703182e+01,1.223679e+00
7.444444e+00,1.474664e+00
1.193732e+01,4.496461e+00
1.558552e+01,7.678200e+00
9.463065e+00,8.373089e+00
1.847147e+01,1.150423e+00
1.058195e+01,3.173272e+00
1.492504e+01,3.160968e+00
7.876452e+00,5.967648e+00
2.130889e+01,-2.223302e+00
2.173110e+01,7.018129e+00
2.311293e+01,1.133811e+00
1.540786e+01,8.441629e+00
1.219565e+01,5.504743e+00
