1.026729e+01,1.916191e+00
2.060089e+01,8.566432e-01
1.369760e+01,7.322562e-01
4.404586e+00,-5.918861e-01
1.962421e+01,2.170980e+00
7.397737e+00,8.823488e-01
3.626374e+00,8.002237e-01
1.425019e+01,-1.064465e+00
1.393646e+01,-6.709130e-01
2.452486e+01,3.301071e+00
1.997728e+01,4.023910e+00
6.306692e+00,3.835719e+00
2.445693e+01,1.843329e+00
2.328223e+01,-8.431411e-01
1.498099e+01,1.327682e+00
1.731837e+01,1.224104e+00
2.109316e+01,3.281090e+00
1.057011e+01,1.960279e+00
1.479232e+01,-9.240713e-01
1.487437e+01,1.719874e+00
1.827888e+01,3.214783e+00
2.184740e+01,3.201484e+00
1.458720e+01,1.414860e+00
1.029691e+01,4.076226e-01
1.843251e+01,2.178164e+00
4.632298e+00,6.182698e-01
2.338115e+01,3.300653e+00
2.237661e+01,2.598390e+00
2.338451e+01,2.889593e+00
2.111102e+01,1.961427e+00
8.523266e+00,5.800985e-01
1.180264e+01,3.766492e+00
9.043983e+00,2.034221e+00
8.563172e+00,2.065459e+00
1.709626e+01,1.070725e+00
3.719417e+00,4.269792e-01
1.659803e+01,3.244585e+00
1.841312e+01,1.365670e+00
6.483378e+00,1.669069e+00
1.234595e+01,-3.497211e-01
2.269984e+01,1.805297e+00
8.721582e+00,2.371506e+00
1.184985e+01,4.046110e+00
1.825362e+01,2.259231e+00
4.417824e+00,4.359450e-01
9.531874e+00,-2.367058e+00
7.161385e+00,1.390343e+00
8.371937e+00,3.320855e+00
1.069053e+01,5.396657e-01
2.263675e+01,1.945249e+00
1.109442e+01,1.434432e+00
2.458613e+01,6.519682e-01
6.193185e+00,2.293319e+00
1.655228e+01,3.130821e+00
1.528270e+01,6.239576e-01
7.693766e+00,1.208588e+00
1.191000e+01,1.213776e+00
8.545004e+00,1.304156e+00
2.021402e+01,3.791508e+00
1.293276e+01,2.889413e+00
2.265614e+01,3.995527e+00
2.355457e+01,1.504618e+00
6.180391e+00,1.881582e+00
2.366501e+01,1.880680e+00
9.163679e+00,5.393665e-01
6.815213e+00,-6.591445e-01
2.329092e+01,8.864036e-01
1.143901e+01,1.301318e-01
2.014413e+01,2.797200e+00
8.921203e+00,2.742783e+00
9.827084e+00,3.322843e+00
2.328906e+01,7.698633e-01
4.747206e+00,-1.427808e-02
6.137764e+00,-2.038653e+00
9.793442e+00,2.645371e+00
4.254139e+00,-8.947104e-02
5.704818e+00,3.693821e+00
6.442261e+00,6.571298e-01
2.314780e+01,3.337207e+00
9.593290e+00,2.552820e+00
2.085873e+01,4.429750e+00
1.647520e+01,4.588255e-01
8.233930e+00,2.579127e+00
2.076849e+01,3.778993e+00
2.237992e+01,3.689283e+00
2.346746e+01,3.686591e+00
2.015288e+01,1.002509e+00
1.532791e+01,3.949279e+00
1.788775e+01,2.502971e+00
1.171316e+01,1.231198e+00
2.010175e+01,1.724384e+00
1.516670e+01,2.771574e+00
1.175818e+01,9.823181e-01
1.039719e+01,-7.087763e-01
1.836399e+01,1.553323e+00
9.499761e+00,2.309302e+00
1.074519e+01,1.276559e+00
3.492058e+00,-5.218045e-01
1.776672e+01,3.369764e+00
8.361054e+00,1.450065e+00
1.180848e+01,-4.673138e-01
4.327602e+00,1.933878e+00
1.028794e+01,3.957495e+00
1.028403e+01,3.826768e+00
2.321539e+01,9.626059e-01
1.517150e+01,2.704434e+00
4.385940e+00,-3.388721e-01
2.269020e+01,1.259456e+00
1.639507e+01,-4.687939e-01
2.431827e+01,6.663267e-01
2.308785e+01,4.629620e+00
5.383426e+00,-1.552735e+00
2.230106e+01,3.869760e+00
6.387211e+00,1.949560e+00
9.361312e+00,1.549703e+00
1.147967e+01,2.770784e+00
2.438384e+01,2.475542e+00
2.059111e+01,1.879486e+00
1.877712e+01,3.126138e+00
1.121515e+01,1.556952e+00
1.397981e+01,1.217110e+00
3.238776e+00,-1.205843e+00
1.300638e+01,2.818562e+00
8.510010e+00,1.971552e+00
5.165441e+00,-5.203726e-01
1.955237e+01,1.067166e+00
7.106707e+00,1.467428e+00
8.248176e+00,-1.443099e+00
3.533761e+00,1.605689e+00
1.879984e+01,9.625481e-01
1.013253e+01,-6.407586e-02
2.165151e+01,1.063590e+00
1.136188e+01,3.766159e+00
1.101866e+01,2.085725e+00
8.444815e+00,-2.138622e-01
6.861811e+00,1.393565e+00
2.308003e+01,1.733843e+00
7.403115e+00,-2.353152e+00
1.326366e+01,6.028034e-01
8.849220e+00,-4.619005e-01
1.619781e+01,3.040475e+00
1.741588e+01,3.054093e+00
9.425751e+00,-1.128470e+00
6.497386e+00,1.205390e+00
1.324623e+01,2.729400e+00
1.449522e+01,2.199387e+00
2.211524e+01,-4.186473e-01
1.716124e+01,1.470579e+00
3.881366e+00,-9.526238e-02
1.352940e+01,7.656702e-01
4.766209e+00,1.468801e+00
3.813312e+00,1.032598e+00
1.121313e+01,1.088661e+00
7.969070e+00,-2.610614e+00
1.499598e+01,2.165776e+00
6.350510e+00,1.479810e+00
1.684396e+01,2.148357e+00
6.058780e+00,-1.862565e+00
1.583488e+01,2.336543e+00
1.824001e+01,2.851867e+00
1.418603e+01,2.164686e+00
1.450340e+01,-4.468508e-01
1.981711e+01,1.109006e+00
1.341720e+01,2.921745e+00
6.659469e+00,3.022320e+00
9.099280e+00,1.171089e+00
1.456397e+01,2.284472e+00
2.289929e+01,1.204810e+00
1.747375e+01,1.214248e+00
5.275596e+00,1.155551e+00
2.215364e+01,3.311085e+00
2.024942e+01,2.835387e-01
1.445571e+01,2.293540e+00
1.467865e+01,2.303720e+00
2.107580e+01,-1.100770e+00
1.992368e+01,1.250480e+00
1.940000e+01,2.912672e+00
1.576852e+01,2.349219e+00
2.143321e+01,1.791924e+00
1.988270e+01,4.008875e+00
2.022205e+01,2.869977e+00
1.713253e+01,1.471311e+00
1.417987e+01,1.088041e+00
3.408345e+00,1.017775e+00
1.731164e+01,1.614033e-01
1.169141e+01,2.588138e+00
5.514906e+00,3.116168e-01
5.033999e+00,4.170701e-01
1.835417e+01,2.749840e+00
1.073473e+01,3.654179e+00
9.888018e+00,3.257894e+00
3.315531e+00,1.598232e+00
7.028848e+00,-1.861761e+00
1.834391e+01,4.031782e+00
1.712319e+01,2.376100e+00
2.401300e+01,1.512753e+00
7.865172e+00,2.255020e+00
6.676673e+00,4.266186e+00
1.451143e+01,-2.984437e-01
6.674618e+00,1.515607e+00
