1.551403e+01,4.199267e-01
1.254933e+01,1.571363e+00
1.466854e+01,1.261082e+00
1.883703e+01,6.474807e-01
1.322896e+01,1.369251e+00
1.171693e+01,3.981228e-01
1.536359e+01,2.755405e-01
1.576541e+01,2.689874e-01
1.848948e+01,1.062284e-01
2.102641e+01,1.661996e+00
1.882692e+01,-2.082301e-01
1.154739e+01,5.739199e-01
1.134075e+01,-5.931728e-02
2.317219e+01,8.272128e-01
1.938423e+01,1.226851e+00
1.981296e+01,7.684801e-01
1.506911e+01,2.460926e+00
2.305702e+01,1.631610e+00
2.357609e+01,-3.933468e-01
1.963815e+01,1.835527e+00
1.190677e+01,2.000321e+00
1.632303e+01,1.212885e+00
2.131877e+01,1.002939e+00
2.488839e+01,1.440215e+00
9.400494e+00,1.404339e-01
9.585240e+00,6.788396e-01
1.082228e+01,1.371317e-01
2.336425e+01,6.306656e-02
2.069651e+01,1.900714e+00
2.071252e+01,2.086203e+00
9.107596e+00,1.300104e+00
1.707963e+01,1.549650e+00
1.102102e+01,-3.996117e-01
1.004290e+01,6.017440e-02
1.189826e+01,-1.205000e+00
1.138532e+01,1.830323e-01
1.130154e+01,-1.382940e+00
1.799046e+01,-7.722421e-02
1.017425e+01,1.013998e+00
2.430863e+01,1.093361e+00
1.461441e+01,1.303039e+00
1.807573e+01,9.452052e-02
2.019070e+01,7.036752e-01
2.022700e+01,2.008388e+00
1.735066e+01,5.917362e-02
1.704144e+01,5.140737e-02
1.052316e+01,3.088209e-03
2.490762e+01,-2.996682e-01
1.605854e+01,1.516368e+00
1.379491e+01,2.102629e+00
1.078204e+01,9.900795e-01
1.558796e+01,-3.994757e-01
9.784102e+00,1.643844e+00
1.406803e+01,7.805392e-01
2.037776e+01,7.252557e-01
1.512718e+01,7.087734e-01
9.805963e+00,1.012361e+00
2.438616e+01,-1.934039e-01
1.347960e+01,1.597269e+00
1.259850e+01,1.876752e-01
1.285987e+01,4.889783e-01
1.775362e+01,2.392057e-01
2.341297e+01,1.759295e+00
2.348235e+01,-1.867853e-01
2.341679e+01,4.441309e-01
1.840050e+01,-4.112370e-01
2.329112e+01,3.998902e-01
2.323631e+01,4.720078e-01
1.230711e+01,1.047985e+00
1.099587e+01,-4.420155e-01
1.426871e+01,2.748417e+00
2.488421e+01,1.254033e+00
1.755473e+01,1.921197e+00
1.025496e+01,1.799181e-01
2.238306e+01,6.541583e-01
2.248710e+01,-7.881873e-01
1.740667e+01,-9.232744e-01
9.758884e+00,1.455678e+00
1.143797e+01,3.028070e-03
2.009074e+01,2.206591e+00
1.124027e+01,5.086454e-01
1.109116e+01,9.876347e-02
1.024244e+01,9.399291e-01
1.225351e+01,1.428219e+00
1.578793e+01,2.173742e+00
1.403624e+01,1.650509e+00
1.478835e+01,1.804089e+00
1.155828e+01,8.802842e-01
1.363100e+01,2.661975e+00
1.467747e+01,2.437539e+00
1.729435e+01,6.164356e-02
2.174620e+01,-3.592711e-01
1.760743e+01,7.844019e-01
1.073947e+01,-9.647424e-01
2.419458e+01,1.614513e+00
2.443554e+01,1.184307e+00
1.819737e+01,2.405869e-01
2.128278e+01,2.669235e+00
1.201192e+01,1.268154e+00
2.032434e+01,6.593826e-01
1.936646e+01,-2.131039e-01
1.060119e+01,-2.808828e-01
2.377275e+01,-4.640863e-01
1.272529e+01,5.363159e-01
2.262785e+01,1.545507e-01
1.607612e+01,5.229339e-01
1.322543e+01,8.842730e-01
9.786072e+00,4.880149e-01
2.283631e+01,2.565982e+00
1.762659e+01,3.710313e-01
9.780508e+00,1.950098e+00
2.038028e+01,2.466054e+00
2.260083e+01,1.212091e+00
1.268956e+01,1.507145e+00
1.361151e+01,1.093713e+00
1.152054e+01,-1.620657e-01
1.034342e+01,-3.212573e-01
2.141746e+01,2.144597e+00
9.767423e+00,2.354305e-02
1.363182e+01,1.944631e+00
2.376686e+01,2.245919e+00
1.723529e+01,4.602260e-01
2.373726e+01,-4.060226e-01
2.305657e+01,3.620370e-01
2.301347e+01,9.874168e-02
1.232067e+01,5.866171e-01
1.607727e+01,8.104724e-02
2.115159e+01,2.127605e+00
1.447558e+01,7.599806e-01
1.785425e+01,8.415498e-01
1.613109e+01,1.295941e+00
2.004234e+01,1.887684e+00
1.785798e+01,-6.363568e-01
1.965887e+01,2.125786e-01
2.054082e+01,1.648352e+00
1.799971e+01,-6.147218e-01
2.270790e+01,6.461765e-01
1.362531e+01,9.497558e-01
1.445858e+01,2.194584e+00
1.370690e+01,1.685005e+00
1.386559e+01,3.722491e-01
1.908974e+01,1.080406e+00
1.977663e+01,1.375930e+00
2.182304e+01,9.718890e-01
2.070203e+01,1.175066e+00
1.676095e+01,-8.714767e-01
2.290962e+01,1.839411e-01
2.453256e+01,-5.172944e-02
9.654963e+00,-5.207500e-01
1.474456e+01,7.721757e-01
9.354543e+00,1.264063e+00
1.915740e+01,1.298090e+00
2.071839e+01,1.394130e+00
1.733723e+01,2.386695e-02
1.902117e+01,3.382001e-01
2.178992e+01,1.139264e+00
1.317014e+01,1.004696e+00
1.879531e+01,-4.836686e-01
2.259769e+01,-5.270198e-01
1.878136e+01,7.840945e-01
1.071903e+01,4.255701e-01
2.341989e+01,1.590888e+00
1.581240e+01,4.632140e-01
1.907902e+01,9.413483e-01
1.897882e+01,1.097409e-01
1.434935e+01,2.679901e+00
1.185612e+01,4.132181e-01
1.709238e+01,6.906358e-01
9.674964e+00,1.375601e-01
1.919471e+01,1.285540e+00
1.944051e+01,2.297329e+00
9.020744e+00,2.280983e+00
1.879179e+01,1.165822e+00
1.552631e+01,1.450235e+00
1.479473e+01,1.091724e+00
1.240557e+01,5.152991e-01
1.004705e+01,-4.699707e-02
9.210396e+00,1.305418e+00
1.518375e+01,1.158849e+00
1.609288e+01,1.122617e+00
2.246056e+01,-2.081383e-01
1.739834e+01,1.311496e+00
1.290452e+01,1.194351e+00
2.140621e+01,1.084705e+00
2.101067e+01,1.046695e+00
2.420309e+01,-6.283862e-01
2.357333e+01,-2.428967e-01
1.608632e+01,-1.139560e-01
1.093725e+01,1.109840e+00
1.090655e+01,1.588491e+00
9.992121e+00,3.894306e-01
1.193108e+01,-2.698276e-01
1.281638e+01,2.925105e-01
1.077077e+01,1.494795e+00
1.025572e+01,1.513595e-01
1.684080e+01,-4.519174e-01
9.363698e+00,1.181509e+00
1.435061e+01,1.783055e+00
2.397106e+01,-2.153127e-01
1.122793e+01,9.059873e-02
