1.526089e+00,1.431831e+00
3.470291e+00,1.392189e+00
3.359563e-01,9.839225e-01
2.074148e+00,8.875708e-01
1.104029e+00,6.536542e-01
1.875155e+00,1.109914e+00
1.606473e+00,1.403856e+00
2.576544e+00,2.720406e+00
1.599284e+00,-1.113174e+00
1.504126e+00,1.727477e+00
1.335156e+00,8.909163e-01
2.692022e+00,1.048796e+00
5.940504e-01,9.637781e-01
2.988782e+00,3.115948e+00
1.797282e-01,2.947384e+00
2.112100e-01,-8.792154e-03
3.755361e+00,-1.002565e+00
2.528842e+00,8.414772e-02
2.929568e-01,-4.033278e-01
5.757277e-01,-9.636684e-01
2.369598e+00,8.861404e-01
2.755546e-01,1.413806e+00
2.894165e+00,2.986761e-01
1.464039e+00,9.807891e-02
2.873047e-01,-1.149984e+00
2.953191e+00,4.779892e-01
3.307283e+00,1.353169e+00
4.768308e-01,-7.571313e-01
1.984996e+00,5.542775e-01
2.809350e+00,1.013936e+00
-6.286045e-02,4.675423e-01
-1.296857e+00,-8.043543e-01
1.628087e+00,1.526119e+00
4.198262e+00,3.115882e-01
2.806266e+00,8.354691e-01
2.170663e+00,7.465264e-01
3.305693e+00,1.211749e+00
-6.793829e-02,1.957986e+00
1.196210e+00,3.106256e+00
1.430648e+00,1.299362e+00
9.834895e-01,1.557366e+00
4.842781e-01,1.447269e+00
1.423623e+00,4.570336e+00
2.225489e+00,6.548633e-01
1.187843e+00,2.245127e-02
3.713902e+00,1.236935e+00
2.215714e+00,1.548914e+00
3.143735e+00,7.270380e-01
2.540373e+00,4.271452e-01
1.025767e+00,2.073723e+00
3.880923e-01,1.740296e+00
1.704152e+00,1.088579e+00
1.138928e+00,6.203739e-01
1.812918e+00,-4.911586e-01
5.077777e-01,2.746270e+00
2.125905e+00,-1.004566e+00
-3.158082e-01,-1.720751e-01
1.608880e+00,2.147710e+00
3.000244e+00,-1.937365e-01
1.861659e+00,9.027473e-01
2.419292e+00,2.107764e+00
9.955605e-01,1.968668e+00
1.502056e+00,6.287680e-01
1.855470e+00,8.952548e-01
3.131798e+00,4.173772e-01
2.312823e+00,1.448577e+00
5.707266e-01,6.809614e-01
3.080894e+00,1.809377e-01
2.256832e+00,-8.167756e-01
2.369030e+00,2.687897e+00
7.760641e-01,8.391019e-01
-2.679847e-01,6.463025e-01
8.522933e-01,-2.738645e-03
1.436951e+00,1.485432e+00
-2.725850e-01,1.432097e+00
1.076000e+00,1.333923e+00
1.956841e+00,1.042646e+00
7.619807e-01,1.481105e+00
2.511607e+00,1.865727e-01
1.769398e+00,5.308051e-01
5.633056e-01,2.117296e+00
1.153024e+00,1.756424e+00
1.302544e+00,1.149933e+00
1.630559e+00,3.050992e-01
2.264809e+00,2.703496e+00
-5.732844e-01,1.114181e+00
2.295362e+00,1.439892e+00
1.227686e+00,-5.499390e-01
1.855569e+00,1.796974e+00
6.520677e-01,1.736686e+00
1.353586e+00,2.020118e+00
3.881541e-01,1.758563e+00
4.329744e-01,1.715833e+00
1.137041e+00,9.695867e-01
6.932667e-01,8.579755e-01
1.218039e+00,1.559197e+00
1.556716e+00,3.632179e-02
-1.641161e-01,8.552061e-01
1.274995e+00,-1.119901e-01
6.637824e-01,1.728659e-01
3.733840e+00,2.507686e+00
5.419543e-01,3.450423e+00
2.645024e+00,-1.090857e-01
3.176747e+00,4.582603e-02
2.485580e+00,2.458933e+00
2.611337e+00,1.691040e+00
2.334763e+00,3.385419e-01
2.462796e+00,1.949044e+00
5.328522e-02,1.493997e+00
1.981973e+00,1.266322e+00
-5.124966e-01,2.223010e+00
-2.654852e-01,1.133160e+00
5.352724e-01,1.134276e-01
1.260006e+00,1.385849e+00
1.077792e+00,1.539567e+00
1.184064e+00,2.585999e-01
2.919773e+00,1.082798e+00
2.921155e+00,5.153055e-01
1.707067e+00,1.316764e+00
3.062602e+00,2.496831e+00
1.759979e+00,7.258056e-01
2.916875e+00,2.114095e-01
9.640080e-01,1.507293e+00
1.612318e+00,2.181281e+00
5.392859e-01,1.066337e+00
-7.543387e-01,1.063481e+00
1.081232e+00,7.269662e-01
2.582917e+00,6.261320e-01
3.489493e+00,1.736752e+00
-9.539972e-02,3.978989e-01
1.798746e+00,2.901497e+00
1.117491e+00,1.122626e+00
2.090212e+00,2.793356e+00
6.863151e-01,1.639217e-01
2.886685e+00,1.430802e+00
3.069151e+00,1.910447e+00
8.601304e-01,1.897614e+00
2.694861e+00,7.269117e-01
2.391255e+00,1.674667e+00
1.633100e+00,1.053560e+00
1.977664e+00,6.269736e-01
1.917901e+00,9.326341e-01
1.039940e+00,1.034068e+00
6.743461e-01,1.771321e+00
1.351403e+00,2.079739e+00
1.026084e+00,1.646824e+00
3.908938e+00,2.314549e+00
8.843828e-01,3.465552e-01
2.813770e+00,-1.163011e+00
1.425392e+00,7.154736e-01
1.944301e+00,2.360814e+00
1.322956e+00,1.454767e+00
2.072830e+00,-7.303495e-01
2.334681e+00,1.627797e+00
2.102012e-01,4.879406e-01
1.161703e-01,3.558492e+00
8.891170e-01,2.259153e-01
3.337892e+00,3.530096e+00
4.076151e+00,2.285139e+00
9.625365e-01,1.629947e+00
1.749900e+00,1.828999e+00
-7.778879e-01,-3.349041e-01
2.980380e+00,5.390757e-01
2.238424e+00,1.261775e+00
2.798621e-01,7.757546e-01
6.099454e-01,2.080415e+00
-1.106493e+00,3.130187e-01
7.154856e-01,1.651224e+00
1.511763e+00,2.655366e+00
1.259125e+00,1.288839e+00
1.789646e-02,1.049859e+00
-1.430242e+00,5.140220e+00
8.600129e-01,-1.482031e+00
-4.575601e-01,9.940563e-01
-5.419255e-01,1.775626e+00
6.035881e-01,2.285290e-01
2.605631e+00,1.408090e+00
2.689328e-01,2.045526e+00
2.839977e+00,5.398129e-01
-1.496603e-01,3.227337e+00
1.749344e+00,2.334043e+00
3.361063e+00,2.388142e+00
2.248107e+00,1.966473e+00
1.763597e+00,9.446418e-01
2.197784e+00,1.582703e+00
2.736751e+00,4.038830e-02
1.532360e+00,-3.291242e-01
1.410767e+00,2.320618e+00
1.667374e+00,-4.079104e-01
3.391604e-01,-3.185200e-01
2.086062e+00,2.746602e+00
6.112809e-01,3.177375e+00
-1.480614e+00,2.404076e+00
3.459982e+00,8.586792e-01
1.139430e+00,2.724007e+00
1.535050e+00,7.696129e-01
8.230062e-01,1.512061e+00
3.169668e+00,1.766221e+00
-1.788554e-01,2.274468e-01
1.522664e+00,7.275233e-01
