1.058685e+01,3.494683e+02
1.452319e+01,2.195480e+02
1.528305e+01,2.311739e+01
2.483911e+01,1.336190e+02
2.318851e+01,5.897276e+02
2.366096e+01,1.442256e+02
1.224515e+01,3.041380e+02
1.524523e+01,4.743552e+02
1.933288e+01,2.959615e+02
1.388105e+01,2.325448e+02
1.332232e+01,2.704354e+02
1.828128e+01,1.954833e+02
2.424369e+01,7.592780e+02
2.311892e+01,6.669175e+02
2.186623e+01,9.847155e+01
1.302797e+01,1.414782e+02
2.019064e+01,1.570471e+02
2.102369e+01,4.381289e+02
1.354440e+01,1.113585e+02
1.540594e+01,4.727756e+02
1.295115e+01,6.041251e+00
2.352001e+01,2.693475e+02
1.569508e+01,3.988665e+02
1.717659e+01,7.244569e+01
2.189819e+01,8.353280e+01
1.937059e+01,3.876841e+02
2.256275e+01,3.163761e+02
1.614815e+01,5.449324e+02
1.528287e+01,9.045255e+01
1.997743e+01,2.081269e+02
1.458257e+01,5.199478e+02
2.157031e+01,2.519640e+02
1.866989e+01,1.595093e+02
1.248214e+01,-1.874060e+01
2.137736e+01,7.970821e+01
1.738613e+01,-7.837641e+01
1.515467e+01,2.469491e+01
1.039526e+01,1.504148e+02
9.237103e+00,6.473995e+01
1.479109e+01,7.932644e+01
1.289796e+01,-2.660500e+00
1.016618e+01,2.173822e+02
2.466853e+01,3.104158e+02
9.956499e+00,4.662997e+02
2.339296e+01,4.392114e+02
1.680037e+01,1.555335e+02
1.494369e+01,-5.404938e+01
1.236126e+01,1.099334e+02
2.076291e+01,1.375864e+02
1.707115e+01,2.146998e+02
1.854615e+01,1.804028e+02
2.200263e+01,4.554552e+02
2.414994e+01,1.330311e+02
1.015739e+01,-1.298731e+02
1.057353e+01,1.912786e+02
1.037275e+01,-1.511953e+02
1.394604e+01,1.976158e+02
2.455581e+01,3.577464e+02
1.882360e+01,3.945094e+02
2.199270e+01,3.724172e+02
2.369615e+01,2.274918e+02
9.685547e+00,-2.301810e+02
2.196736e+01,4.019603e+02
2.313931e+01,1.969488e+02
1.046368e+01,8.093539e+01
1.774022e+01,4.403702e+02
1.344886e+01,-3.687880e+01
2.241217e+01,2.102000e+02
1.722500e+01,3.627633e+02
1.076939e+01,-1.714370e+02
1.606924e+01,1.497930e+02
9.998893e+00,4.630333e+01
1.878944e+01,4.797932e+02
1.976886e+01,1.836429e+02
1.417247e+01,2.620252e+02
2.084156e+01,2.644374e+02
1.884333e+01,2.683282e+02
1.116833e+01,-1.538011e+02
1.764070e+01,8.973882e+01
1.687408e+01,3.309221e+02
1.139591e+01,2.449854e+02
9.312621e+00,-4.149658e+01
2.323325e+01,5.186156e+02
1.598863e+01,6.272221e+02
1.128796e+01,2.099845e+01
1.962778e+01,8.846631e+01
2.224055e+01,9.383252e+01
1.871141e+01,3.039844e+02
1.923379e+01,2.380317e+02
1.967094e+01,1.680991e+02
1.907079e+01,-1.274185e+00
2.241167e+01,2.438284e+02
1.945446e+01,-1.537789e+01
2.002829e+01,2.566975e+02
1.662915e+01,6.418516e+01
2.345404e+01,4.097417e+02
1.498841e+01,-1.130048e+02
9.979063e+00,2.277687e+02
2.163773e+01,2.366838e+02
1.183575e+01,-3.483537e+01
2.152505e+01,5.194028e+02
2.427487e+01,2.257496e+02
2.260875e+01,6.881012e+02
2.075904e+01,3.131833e+02
9.058495e+00,2.847010e+02
1.410205e+01,1.746268e+02
1.013400e+01,3.578599e+02
1.165144e+01,1.253841e+01
1.364029e+01,1.603212e+02
2.171303e+01,7.364319e+01
1.435998e+01,-1.458754e+02
1.336688e+01,2.440795e+02
1.453183e+01,2.666085e+02
1.969748e+01,4.459848e+02
1.238393e+01,1.436168e+02
1.108970e+01,1.296294e+02
9.267308e+00,1.045839e+02
1.447684e+01,-7.826498e+01
1.759004e+01,-1.159253e+02
1.931332e+01,-7.179200e+01
1.247559e+01,4.873136e+02
1.031110e+01,1.893726e+01
1.460669e+01,1.571293e+02
1.576543e+01,5.949952e+01
1.853344e+01,-1.079399e+01
1.595233e+01,3.238307e+02
2.026184e+01,5.271976e+02
1.503790e+01,-2.102321e+01
1.474358e+01,3.437810e+02
1.071290e+01,-6.496784e+01
1.375054e+01,-3.263160e+02
1.033472e+01,-1.093425e+02
2.207200e+01,5.193985e+01
2.245956e+01,2.789623e+02
2.452237e+01,6.628923e+02
1.421061e+01,1.630529e+02
1.044590e+01,1.998397e+02
1.825628e+01,4.446189e+02
2.200282e+01,2.413304e+02
2.040368e+01,1.283086e+02
2.485449e+01,-1.721067e+02
2.348448e+01,1.780965e+02
1.905326e+01,1.290498e+02
1.094858e+01,2.546550e+02
1.192900e+01,-1.013370e+02
1.833146e+01,3.393082e+02
2.334736e+01,3.483867e+02
9.740103e+00,4.430234e+01
2.493437e+01,5.060131e+02
2.400151e+01,5.188853e+02
1.654939e+01,1.231337e+02
1.679329e+01,4.370901e+02
2.265262e+01,6.495736e+02
1.763375e+01,3.441496e+02
1.452942e+01,-4.438376e+02
9.747950e+00,-1.467515e+02
1.509646e+01,-1.391619e+02
2.344664e+01,8.036304e+02
1.540456e+01,7.451026e+01
1.622057e+01,-2.726806e+02
1.535892e+01,2.786720e+02
1.727101e+01,-2.129588e+02
1.018633e+01,-4.273016e+02
1.669264e+01,1.909637e+02
1.007657e+01,-7.276822e+01
1.080965e+01,5.742300e+01
2.410951e+01,4.189351e+02
2.283387e+01,6.174768e+02
1.337176e+01,1.968202e+02
1.858764e+01,3.835234e+02
2.392042e+01,4.219987e+02
1.660606e+01,-2.777434e+01
9.271288e+00,-2.477455e+02
2.161599e+01,5.085315e+02
9.752876e+00,1.082422e+02
1.458127e+01,-4.703324e+01
2.278227e+01,1.844139e+02
1.978424e+01,-1.746742e+01
2.046822e+01,3.730786e+02
2.353100e+01,1.456310e+02
2.464362e+01,1.420197e+02
1.742595e+01,2.449211e+02
1.961688e+01,3.344039e+02
2.012322e+01,2.272319e+02
1.278851e+01,6.769437e+01
1.863489e+01,1.953910e+02
1.324605e+01,1.895331e+02
1.289423e+01,1.481220e+02
2.250416e+01,3.044521e+02
1.351311e+01,-1.105423e+02
2.227891e+01,2.273553e+02
1.439304e+01,1.482029e+02
1.520695e+01,1.812816e+02
1.796137e+01,5.547710e+02
1.193930e+01,7.811572e+01
1.225554e+01,-1.231506e+01
2.113848e+01,2.338735e+02
1.884851e+01,3.362680e+02
2.351083e+01,1.369509e+02
2.071706e+01,-3.966174e+00
