1.055943e+01,1.530654e+00
1.124194e+01,4.470246e+00
2.929780e+00,-1.542467e+00
2.009096e+00,5.482115e+00
8.239900e+00,3.702928e-01
5.372842e+00,3.620376e+00
1.271188e+00,5.308053e+00
1.510448e+01,5.727666e+00
1.505349e+01,2.815409e+00
2.432099e+01,3.369670e+00
4.084766e+00,2.865643e+00
1.827972e+01,7.153012e+00
1.564451e+01,3.124995e+00
1.291658e+01,2.876626e+00
2.378469e+01,1.256576e+00
5.445166e+00,3.733074e-01
1.163257e+01,4.344452e+00
1.654397e+01,1.631528e+00
1.510621e+01,1.766700e+00
2.121195e+01,-2.388308e-01
1.273030e+01,5.655330e+00
1.780560e+01,4.320379e+00
8.696763e+00,3.746896e+00
5.884621e+00,2.224744e+00
1.097759e+01,1.474393e-01
8.470771e+00,7.642276e+00
2.069376e+01,3.166201e+00
1.361418e+01,3.681153e+00
2.016539e+01,4.204600e+00
1.727702e+01,3.665453e+00
2.368608e+00,-2.498448e+00
1.143330e+01,7.643151e+00
5.180554e+00,5.333785e+00
1.825543e+01,2.172945e+00
2.064249e+01,-1.552283e+00
2.304469e+01,-8.903432e-01
1.317712e+01,5.584158e+00
2.154097e+01,8.841187e+00
1.832565e+01,3.216065e+00
1.693282e+00,1.215579e+00
5.159712e+00,6.607532e+00
2.275379e+01,7.534177e+00
8.386686e+00,7.036359e+00
2.171010e+01,3.052823e+00
2.109238e+01,-1.118807e+00
1.085993e+01,4.890105e+00
1.505353e+01,7.487854e+00
1.712018e+01,2.949544e+00
1.182800e+01,2.942032e+00
1.220656e+00,3.976984e-02
1.368155e+01,4.825504e+00
2.236530e+01,3.903196e+00
7.550046e+00,7.126419e-01
1.562253e+01,4.752614e+00
1.772868e+01,5.690447e+00
6.386106e+00,1.174891e+00
1.107087e+01,1.313218e+00
1.761356e+00,6.442958e+00
7.709292e+00,6.936747e+00
2.251397e+01,7.105358e+00
1.488761e+00,-1.015182e+00
1.301112e+01,5.645300e+00
1.267933e+01,5.672728e+00
1.445056e+01,3.473653e+00
2.678884e+00,4.357131e+00
1.486447e+01,3.058973e+00
6.100500e+00,2.980926e+00
1.275843e+01,1.219989e+01
1.637896e+01,7.769493e-01
1.803787e+00,6.720949e+00
9.040322e+00,4.076482e+00
8.056166e+00,1.397527e-01
2.212830e+01,3.819996e+00
1.993757e+01,1.202526e+00
3.713212e+00,-1.684272e+00
5.911159e+00,2.397622e+00
1.597950e+01,4.928489e+00
2.339100e+01,5.353670e+00
8.016515e+00,4.510039e-01
4.917528e+00,1.169287e+00
1.618237e+01,6.159124e+00
1.448645e+01,3.683968e+00
1.769830e+01,2.877680e+00
2.479392e+01,1.651008e+00
1.759216e+01,-5.013208e-01
1.403824e+01,-1.496811e+00
1.762881e+01,4.457059e+00
2.269885e+01,1.509790e+00
2.111186e+01,1.244377e+00
2.493732e+01,5.564555e+00
6.769450e+00,1.372280e+00
8.977446e+00,1.273778e+00
5.478641e+00,4.807546e+00
2.524279e+00,1.121932e-01
7.778948e+00,6.820547e+00
1.991949e+01,7.841651e+00
1.219327e+01,9.184727e+00
1.384454e+01,1.603310e+00
2.369688e+01,3.971106e+00
1.703437e+00,7.434780e-01
1.114098e+00,3.143362e-01
1.586014e+01,3.139388e+00
7.280493e+00,2.619862e+00
1.639832e+01,-2.320352e-01
1.526166e+01,3.947723e+00
2.281809e+01,1.228718e+00
2.081107e+01,1.196448e+00
1.902557e+01,2.868451e+00
3.230702e+00,-9.969445e-02
2.015935e+01,6.953354e+00
1.855343e+00,-1.378879e-03
2.383506e+01,-3.141436e+00
1.627100e+01,-1.374481e+00
2.215380e+01,7.576751e+00
1.643809e+01,3.963540e+00
1.043982e+01,3.734200e+00
4.834823e+00,4.563007e+00
1.357659e+01,-5.509930e-01
2.365020e+00,4.146571e+00
1.405398e+01,3.106102e+00
2.499235e+01,6.948631e+00
2.410779e+00,-1.147527e+00
1.951744e+00,-4.376344e-02
1.603929e+01,3.445345e+00
3.120209e+00,1.290065e+00
2.373683e+01,5.329551e+00
2.492672e+01,8.041466e+00
1.627506e+01,6.073503e+00
1.686265e+01,4.291369e+00
2.030845e+01,3.447188e+00
1.141328e+01,5.498877e+00
1.771735e+01,1.050432e+00
7.103183e+00,1.934532e+00
2.253214e+01,-4.715608e-01
9.745051e+00,6.626648e+00
1.022624e+01,3.162975e+00
7.630696e+00,1.736857e+00
2.144294e+01,2.024972e+00
2.498170e+01,-3.754806e+00
1.608547e+01,6.369560e+00
1.608786e+01,2.975153e+00
2.096627e+01,1.812017e+00
1.577022e+01,7.090242e+00
1.145435e+01,5.064074e+00
9.604847e+00,9.128179e+00
1.548934e+01,3.257011e+00
6.011592e+00,-6.100073e-01
2.075015e+00,-2.361868e-01
1.213354e+01,2.351972e+00
5.173928e+00,-8.963834e-01
6.271078e+00,8.266785e+00
1.984797e+01,5.132841e+00
1.994402e+01,4.082421e+00
2.466502e+01,-9.410108e-01
5.220164e+00,-4.225176e-02
1.304501e+01,2.888215e+00
2.045583e+01,4.719227e+00
1.178665e+01,5.394218e+00
2.223659e+01,-3.463292e+00
3.625195e+00,4.761273e+00
1.517439e+01,3.954674e+00
7.328587e+00,3.870560e+00
1.001566e+01,2.361389e+00
9.510711e+00,1.489237e+00
2.448919e+01,7.648709e+00
5.146075e+00,5.351640e+00
8.525043e+00,-4.429112e-01
2.187905e+01,4.122855e+00
1.906448e+01,-1.622638e+00
1.662505e+01,4.718387e+00
2.435279e+01,5.578813e+00
2.492763e+01,-1.016245e+00
2.469084e+01,4.072378e+00
2.262049e+01,-7.659900e-01
1.526697e+01,1.619662e+00
9.170875e+00,6.899797e+00
1.516663e+01,2.881008e+00
1.409009e+01,3.314669e+00
1.211019e+01,-1.276926e+00
7.196950e+00,1.947196e+00
1.345207e+01,-3.162076e+00
1.819523e+00,8.036966e+00
1.551623e+01,2.643346e+00
1.472048e+01,4.195347e+00
2.197761e+01,2.612522e+00
4.432860e+00,2.147572e+00
1.772112e+01,1.671499e+00
1.155409e+01,6.053258e+00
2.274190e+01,3.241230e+00
1.677477e+01,-1.859728e+00
1.193973e+01,2.309964e+00
1.187192e+01,4.316853e+00
1.174237e+01,1.843916e+00
2.448908e+01,7.940958e-01
2.297696e+01,3.836631e+00
9.926040e+00,7.277219e-01
3.609211e+00,5.362050e+00
8.894343e+00,6.064216e+00
1.567061e+01,1.124437e+00
6.861302e+00,-4.016631e+00
