3.114631e+00,1.669797e-02
9.586576e-01,1.612402e-01
1.002287e+00,1.977157e-02
1.019470e+00,9.135510e-02
9.682550e-01,1.381420e-02
1.996071e+00,9.051292e-02
3.001508e+00,4.943382e-02
1.075923e+00,1.917072e-01
3.049118e+00,-5.506357e-02
3.053416e+00,-1.224381e-02
1.071115e+00,1.446700e-01
2.942124e+00,-1.259888e-01
9.826706e-01,8.348436e-02
1.944030e+00,6.432531e-02
2.004404e+00,1.339808e-01
1.992905e+00,4.320245e-02
1.018862e+00,4.028254e-02
-1.005581e-02,1.879032e-02
1.961989e+00,7.612753e-02
2.971378e+00,1.395880e-01
-1.061855e-01,-2.834488e-03
1.017472e+00,6.987157e-02
7.728890e-03,-5.962841e-02
-6.685701e-03,-4.015577e-02
3.068240e+00,7.805607e-02
1.019793e+00,7.268081e-02
9.418458e-01,6.734787e-03
1.931193e+00,1.288276e-01
1.142657e+00,7.207422e-02
2.006662e+00,-1.441243e-02
1.007275e+00,2.366117e-01
9.717087e-01,1.690906e-01
1.988866e+00,1.659878e-01
3.070770e+00,-6.091684e-02
8.530040e-01,1.059617e-01
7.826142e-02,-6.233518e-02
1.056899e+00,8.036618e-02
9.322529e-01,3.334788e-02
2.018494e+00,1.306806e-01
2.298941e-02,-3.217552e-02
3.025086e+00,-9.099272e-02
3.051827e+00,-1.152754e-01
2.554550e-03,1.310794e-01
-5.005284e-03,3.313082e-02
9.083858e-01,9.672305e-02
5.994301e-02,3.686722e-02
1.078588e+00,1.232940e-01
1.068736e+00,-6.395968e-02
2.989001e+00,-1.485119e-02
9.131397e-01,3.808137e-02
9.151627e-01,2.072786e-01
2.963258e+00,1.587219e-02
1.051380e+00,1.278417e-01
1.094134e+00,1.517975e-01
9.538062e-01,1.418217e-01
1.086637e+00,9.977360e-02
2.011151e+00,6.054837e-02
-7.149784e-02,3.813896e-02
-4.263490e-02,-8.191678e-02
2.054603e+00,1.555557e-01
9.819339e-02,-9.709749e-02
1.908686e+00,1.258631e-01
2.089942e+00,1.628795e-01
3.003256e+00,-1.271624e-02
2.873218e+00,-4.665637e-02
-2.805644e-02,-9.866537e-02
9.949140e-01,6.505593e-02
2.978172e+00,9.864642e-03
2.942610e+00,6.061397e-02
1.854922e+00,1.512285e-01
2.066141e+00,8.449090e-02
1.038472e+00,1.643488e-01
2.970647e+00,8.083080e-02
-1.469053e-02,5.036454e-02
-1.196399e-01,-2.542972e-04
-1.864574e-02,-8.033987e-03
-3.164392e-03,-1.298577e-01
9.526461e-01,1.895686e-01
3.037689e+00,-3.306123e-02
1.956939e+00,2.979057e-01
2.051228e+00,1.607115e-01
6.756480e-02,7.048611e-03
9.749031e-01,-7.661936e-02
1.982779e+00,8.024300e-02
2.956276e+00,-4.975820e-02
3.083744e+00,1.384424e-01
9.447938e-01,3.262340e-02
3.028301e+00,4.551766e-02
1.924070e+00,1.744198e-01
2.989327e+00,3.393456e-02
8.422024e-02,1.934739e-02
9.018213e-01,9.108871e-02
2.978652e+00,9.413964e-02
1.986393e+00,1.831396e-01
2.962453e+00,-1.563146e-03
5.776554e-02,-5.663841e-02
1.982886e+00,1.129784e-01
1.170299e-01,-2.931949e-02
2.870900e+00,1.071090e-01
3.069109e+00,1.039813e-01
1.024518e+00,1.092410e-01
9.383141e-01,-2.018796e-02
3.058667e-04,-8.150775e-02
1.027088e+00,-9.162064e-03
3.406494e-02,2.800845e-02
2.016118e+00,1.299159e-01
1.938573e+00,7.142075e-02
1.056551e+00,8.438399e-02
1.038815e+00,2.983795e-02
9.322168e-01,5.591708e-02
1.061955e+00,6.956697e-02
1.071473e+00,1.037462e-01
3.009055e+00,-7.908177e-02
2.020808e+00,1.116977e-01
1.934115e+00,1.421810e-01
2.002536e+00,1.798646e-01
1.108925e+00,4.859004e-02
2.949701e+00,8.800896e-02
2.839131e+00,7.384877e-02
4.694569e-02,-1.018901e-02
2.963759e+00,7.774292e-02
3.011583e+00,-1.617310e-02
9.762737e-01,8.186406e-02
9.158460e-01,1.364914e-01
2.032949e+00,1.277552e-01
3.012006e+00,6.916284e-02
3.047075e+00,-6.841585e-02
1.043912e+00,1.181306e-01
1.974213e+00,-2.449663e-02
3.045213e+00,-7.250205e-02
2.036695e+00,1.226455e-01
3.025211e+00,2.272471e-02
2.988376e+00,-1.206066e-02
2.049664e+00,1.777468e-01
4.911847e-02,-9.622055e-02
9.498689e-01,7.766038e-02
1.890396e+00,6.319554e-02
2.040897e+00,1.017217e-01
7.315644e-02,-6.890821e-02
-1.645211e-01,5.363043e-02
2.005821e+00,1.131272e-01
1.941375e+00,-1.097829e-02
1.100265e+00,2.460602e-01
3.071120e+00,8.092779e-02
-1.123959e-01,-1.597218e-01
1.098970e+00,2.828320e-02
1.959463e+00,8.991128e-02
9.800452e-01,5.114492e-02
2.409225e-02,4.922262e-02
-6.093258e-03,-3.839228e-02
2.860476e+00,7.237108e-02
2.968705e+00,-4.917728e-02
-8.624159e-02,-6.595265e-02
1.002574e+00,4.958088e-02
1.033935e+00,9.295985e-02
6.132688e-02,2.636859e-02
1.023808e+00,8.490872e-02
1.928142e+00,3.472790e-02
1.986725e+00,1.306149e-01
2.118778e+00,-2.050817e-02
-7.269393e-03,7.204859e-02
1.066085e+00,1.646177e-01
2.929984e+00,6.350992e-02
1.957496e+00,4.931797e-02
1.953780e+00,2.228859e-01
3.171274e-02,-5.226971e-02
2.850850e+00,2.689156e-02
2.979984e+00,7.336470e-02
2.998712e+00,5.236166e-02
1.096921e+00,1.715910e-01
-9.579020e-02,2.141845e-02
9.585201e-01,1.716673e-01
2.988998e+00,1.866554e-02
1.929809e+00,1.975031e-01
1.015828e+00,7.446316e-02
2.931391e+00,9.140394e-02
1.132904e+00,1.326922e-01
2.869751e+00,-4.990217e-02
1.934700e+00,-3.331000e-03
2.014123e+00,1.022539e-01
2.995727e+00,8.557813e-02
2.921046e+00,2.321667e-02
1.653520e-02,7.884690e-03
1.752762e-02,5.575789e-02
3.045683e+00,2.823265e-02
-1.580593e-01,-1.292266e-01
3.042466e+00,-1.848676e-02
1.003530e+00,1.345653e-01
1.049118e+00,1.807510e-01
2.026227e+00,1.050046e-01
8.810349e-01,1.056015e-01
8.970004e-01,1.218061e-01
1.000019e+00,1.050936e-01
6.629027e-02,-4.000059e-02
2.873936e+00,-2.340770e-02
2.950467e+00,4.464252e-02
2.108948e+00,1.837321e-01
2.131833e+00,1.507415e-01
-1.420512e-01,-1.421992e-01
3.085966e+00,-1.325561e-02
