1.000000e+00,1.305041e+01,1.080177e+00
1.000000e+00,1.514140e+01,1.581454e+00
1.000000e+00,1.785625e+01,2.571805e-01
1.000000e+00,1.718997e+01,-2.399655e-01
1.000000e+00,9.703310e+00,-2.086663e+00
1.000000e+00,1.014141e+01,2.250494e+00
1.000000e+00,1.213226e+01,1.129291e+00
1.000000e+00,1.906432e+01,1.503061e-01
1.000000e+00,1.431412e+01,2.043577e+00
1.000000e+00,1.385578e+01,9.497287e-01
1.000000e+00,1.952876e+01,4.949884e-01
1.000000e+00,1.403041e+01,1.556734e+00
1.000000e+00,1.025734e+01,1.512802e+00
1.000000e+00,1.781889e+01,1.015723e+00
1.000000e+00,1.023006e+01,9.868608e-01
1.000000e+00,1.497530e+01,1.290698e+00
1.000000e+00,1.128508e+01,5.250086e-01
1.000000e+00,1.919895e+01,2.390467e+00
1.000000e+00,1.060788e+01,2.153379e+00
1.000000e+00,1.678147e+01,2.561145e+00
1.000000e+00,1.813664e+01,1.372078e+00
1.000000e+00,1.456261e+01,2.892860e+00
1.000000e+00,1.729602e+01,1.313551e+00
1.000000e+00,1.010289e+01,-4.882804e-02
1.000000e+00,1.133478e+01,3.610748e-01
1.000000e+00,1.642138e+01,2.603005e-01
1.000000e+00,1.376419e+01,1.051044e+00
1.000000e+00,1.581393e+01,-7.365955e-01
1.000000e+00,1.399388e+01,-3.649420e-02
1.000000e+00,1.896072e+01,1.589324e+00
1.000000e+00,1.027334e+01,9.928897e-03
1.000000e+00,1.198929e+01,-1.260996e+00
1.000000e+00,1.265182e+01,1.612947e+00
1.000000e+00,1.913339e+01,2.077090e+00
1.000000e+00,1.156068e+01,5.910279e-01
1.000000e+00,1.261365e+01,1.606034e-01
1.000000e+00,1.352903e+01,2.544472e+00
1.000000e+00,1.353154e+01,1.543929e+00
1.000000e+00,1.568475e+01,-9.433775e-03
1.000000e+00,1.227916e+01,9.830977e-01
1.000000e+00,1.181372e+01,2.087629e+00
1.000000e+00,1.321479e+01,1.160779e+00
1.000000e+00,1.196431e+01,6.690421e-01
1.000000e+00,1.018033e+01,1.534610e+00
1.000000e+00,1.564735e+01,4.889584e-01
1.000000e+00,1.542087e+01,1.788728e+00
1.000000e+00,1.380592e+01,1.866654e+00
1.000000e+00,1.883405e+01,2.341126e+00
1.000000e+00,1.161972e+01,1.551269e+00
1.000000e+00,1.549357e+01,-1.035098e+00
1.000000e+00,1.371955e+01,1.196466e+00
1.000000e+00,1.401394e+01,6.980405e-01
1.000000e+00,1.700454e+01,5.414571e-01
1.000000e+00,1.713124e+01,1.060442e+00
1.000000e+00,1.735171e+01,1.172521e+00
1.000000e+00,1.993581e+01,2.487071e+00
1.000000e+00,1.711486e+01,-4.435939e-01
1.000000e+00,1.344962e+01,-6.076027e-01
1.000000e+00,1.784426e+01,1.201827e+00
1.000000e+00,1.003267e+01,4.893396e-01
1.000000e+00,1.955570e+01,1.984844e+00
1.000000e+00,1.264602e+01,1.265012e+00
1.000000e+00,1.545225e+01,1.330144e+00
1.000000e+00,1.943586e+01,1.539754e+00
1.000000e+00,9.838125e+00,1.951408e-01
1.000000e+00,1.938815e+01,5.308850e-01
1.000000e+00,1.703924e+01,9.338240e-01
1.000000e+00,1.467240e+01,3.353517e-02
1.000000e+00,1.739674e+01,-3.021036e-01
1.000000e+00,1.904929e+01,3.045217e+00
1.000000e+00,1.646273e+01,1.044156e+00
1.000000e+00,1.286329e+01,2.549573e+00
1.000000e+00,1.991661e+01,3.986828e+00
1.000000e+00,1.673178e+01,1.952555e+00
1.000000e+00,1.256339e+01,-7.575674e-02
1.000000e+00,1.507721e+01,2.516272e+00
1.000000e+00,1.524241e+01,1.301696e+00
1.000000e+00,1.743355e+01,1.209431e+00
1.000000e+00,1.885110e+01,8.576300e-01
1.000000e+00,9.763458e+00,-3.224768e-01
1.000000e+00,1.239169e+01,-5.185171e-01
1.000000e+00,1.449083e+01,-6.520582e-01
1.000000e+00,1.036219e+01,2.945591e+00
1.000000e+00,1.082299e+01,2.280017e+00
1.000000e+00,1.317363e+01,-1.021059e+00
1.000000e+00,1.844401e+01,1.660673e+00
1.000000e+00,1.528534e+01,1.055378e+00
1.000000e+00,1.837007e+01,-2.732775e-01
1.000000e+00,1.821292e+01,-6.850054e-02
1.000000e+00,1.159819e+01,1.119942e+00
1.000000e+00,1.358426e+01,8.370386e-01
1.000000e+00,1.128276e+01,1.114079e+00
1.000000e+00,1.429934e+01,1.529525e+00
1.000000e+00,1.474496e+01,5.501684e-01
1.000000e+00,9.531958e+00,1.167260e+00
1.000000e+00,1.764235e+01,5.500230e-01
1.000000e+00,1.061277e+01,9.071079e-01
1.000000e+00,1.930928e+01,2.229535e+00
1.000000e+00,1.633601e+01,-1.768748e+00
1.000000e+00,1.977170e+01,1.389867e+00
1.000000e+00,9.594169e+00,1.336985e+00
1.000000e+00,1.405603e+01,5.158448e-01
1.000000e+00,1.905097e+01,4.424676e-01
1.000000e+00,1.982708e+01,1.937325e-01
1.000000e+00,1.207859e+01,7.218203e-01
1.000000e+00,1.815753e+01,3.541517e-01
1.000000e+00,1.478919e+01,1.892876e+00
1.000000e+00,1.622929e+01,7.797942e-01
1.000000e+00,1.703247e+01,1.424380e+00
1.000000e+00,1.425608e+01,1.266755e+00
1.000000e+00,9.306971e+00,1.596322e+00
1.000000e+00,1.955980e+01,3.517901e+00
1.000000e+00,1.862543e+01,2.832480e+00
1.000000e+00,1.674563e+01,1.629688e+00
1.000000e+00,1.090044e+01,1.897056e+00
1.000000e+00,1.862869e+01,1.515044e+00
1.000000e+00,1.085191e+01,1.036082e+00
1.000000e+00,1.727366e+01,2.241883e+00
1.000000e+00,1.852181e+01,1.405232e+00
1.000000e+00,1.904063e+01,3.032772e+00
1.000000e+00,1.669158e+01,2.331887e+00
1.000000e+00,1.366929e+01,-5.096660e-03
1.000000e+00,1.541418e+01,1.373522e+00
1.000000e+00,1.872147e+01,1.432845e+00
1.000000e+00,1.879627e+01,1.140708e+00
1.000000e+00,1.660306e+01,2.077035e+00
1.000000e+00,1.033195e+01,-2.189007e+00
1.000000e+00,1.049383e+01,1.654075e+00
1.000000e+00,1.126763e+01,4.567742e-01
1.000000e+00,1.207020e+01,1.333961e+00
1.000000e+00,1.319093e+01,1.710142e+00
1.000000e+00,1.308199e+01,6.235750e-01
1.000000e+00,1.347691e+01,4.954023e-01
1.000000e+00,9.688945e+00,8.618319e-01
1.000000e+00,9.074391e+00,2.087422e+00
1.000000e+00,9.892495e+00,-1.369003e-01
1.000000e+00,1.811724e+01,3.653609e-01
1.000000e+00,1.949552e+01,1.358756e+00
1.000000e+00,1.192386e+01,2.783937e-02
1.000000e+00,1.452965e+01,1.441574e+00
1.000000e+00,1.447150e+01,6.210722e-01
1.000000e+00,9.360246e+00,6.089231e-01
1.000000e+00,1.973390e+01,3.112015e-01
1.000000e+00,1.523505e+01,3.889496e-01
1.000000e+00,1.041566e+01,-8.040922e-01
1.000000e+00,1.195586e+01,1.681276e+00
1.000000e+00,1.144595e+01,7.366660e-01
1.000000e+00,1.508014e+01,-1.656233e-02
1.000000e+00,1.288633e+01,9.726343e-03
1.000000e+00,1.286187e+01,1.412406e+00
1.000000e+00,1.234111e+01,4.099717e-01
1.000000e+00,1.514332e+01,7.207631e-01
1.000000e+00,1.292903e+01,6.818239e-01
1.000000e+00,1.085643e+01,1.748070e+00
1.000000e+00,1.435128e+01,-8.345630e-01
1.000000e+00,1.995739e+01,-9.217413e-01
1.000000e+00,1.850067e+01,1.409232e-01
1.000000e+00,1.920144e+01,2.271069e+00
1.000000e+00,1.862026e+01,1.615482e-01
1.000000e+00,1.163203e+01,-3.417571e-02
1.000000e+00,1.383227e+01,1.778553e+00
1.000000e+00,1.284302e+01,1.192305e+00
1.000000e+00,1.122903e+01,1.305028e+00
1.000000e+00,1.683740e+01,1.989662e+00
1.000000e+00,1.098296e+01,1.592336e+00
1.000000e+00,1.057865e+01,1.561674e+00
1.000000e+00,1.690521e+01,1.186615e-01
1.000000e+00,1.270889e+01,-4.401651e-01
1.000000e+00,1.991637e+01,1.785094e+00
1.000000e+00,1.300341e+01,-8.129546e-01
1.000000e+00,1.066473e+01,-1.299132e-01
1.000000e+00,9.711886e+00,5.574705e-01
1.000000e+00,1.575620e+01,1.161101e+00
1.000000e+00,1.997575e+01,-3.413832e-01
1.000000e+00,1.028230e+01,3.425250e-02
1.000000e+00,1.151913e+01,3.808485e-02
1.000000e+00,1.695714e+01,3.019302e-01
1.000000e+00,1.282980e+01,3.344687e-01
1.000000e+00,1.120885e+01,2.038744e+00
1.000000e+00,1.700388e+01,2.946130e+00
1.000000e+00,9.494706e+00,-9.270790e-01
1.000000e+00,1.613015e+01,1.172179e+00
1.000000e+00,1.695220e+01,6.099306e-01
1.000000e+00,1.512886e+01,1.131438e+00
1.000000e+00,1.700292e+01,2.036122e+00
1.000000e+00,1.728443e+01,2.405441e+00
1.000000e+00,1.208298e+01,1.205598e+00
1.000000e+00,1.757945e+01,3.108137e-01
1.000000e+00,1.394026e+01,7.860476e-01
1.000000e+00,1.611631e+01,6.311833e-01
1.000000e+00,1.867789e+01,3.029365e-01
1.000000e+00,1.468860e+01,3.232821e+00
1.000000e+00,1.361413e+01,8.747207e-01
1.000000e+00,1.242593e+01,-9.869807e-02
1.000000e+00,1.318854e+01,1.309154e+00
1.000000e+00,1.057608e+01,-5.094243e-01
1.000000e+00,1.740093e+01,-2.686012e-01
1.000000e+00,1.798105e+01,1.974314e-01
1.000000e+00,1.971607e+01,8.571675e-01
1.000000e+00,1.038874e+01,1.527202e+00
