1.803062e+00,8.769683e-02
2.274738e+00,-5.690902e-02
2.028933e+00,1.719268e-01
1.387323e+00,2.558775e-01
2.572402e+00,-3.300169e-01
1.862744e+00,6.530832e-01
1.307038e+00,4.972950e-01
2.156899e+00,-3.231727e-02
1.915887e+00,4.536313e-01
2.028649e+00,9.929060e-01
2.251699e+00,2.548914e-01
2.186821e+00,4.565498e-01
2.241339e+00,1.459450e+00
2.313984e+00,7.938928e-01
2.380328e+00,2.996909e-01
1.343560e+00,1.299990e-02
2.090102e+00,9.277335e-01
1.858207e+00,3.575230e-01
1.285035e+00,5.368607e-01
1.971305e+00,1.136299e-01
2.023432e+00,-8.875311e-01
1.867972e+00,3.235168e-01
1.594312e+00,1.177624e+00
1.899613e+00,3.335139e-01
2.307880e+00,4.047499e-01
2.504316e+00,3.739343e-01
1.701787e+00,2.190708e-01
1.699069e+00,2.784691e-01
2.010181e+00,1.052202e-01
2.280232e+00,-8.078673e-02
1.603181e+00,3.610776e-01
1.705449e+00,-2.080205e-01
1.951821e+00,4.702736e-01
2.071379e+00,3.185411e-01
2.624957e+00,4.072625e-01
1.864121e+00,3.108081e-01
2.419464e+00,5.405687e-01
1.803052e+00,7.859189e-02
1.920961e+00,-1.096052e-01
1.505194e+00,4.649423e-01
1.767229e+00,-2.274510e-01
1.525425e+00,-1.230951e-01
2.140239e+00,3.305336e-01
1.347688e+00,1.241234e+00
1.850639e+00,3.975310e-01
1.672688e+00,-1.607380e-02
1.618333e+00,-9.302617e-03
1.696481e+00,6.420494e-01
2.182779e+00,4.706075e-01
2.570240e+00,-2.425490e-01
1.445058e+00,1.689451e-01
2.010961e+00,-8.088336e-02
2.346080e+00,-1.373051e-01
1.940900e+00,-2.142471e-03
2.113557e+00,8.427308e-01
2.387100e+00,3.742050e-02
2.435111e+00,4.341639e-01
2.355738e+00,-1.152087e-01
1.781332e+00,3.033381e-04
1.851741e+00,7.607643e-01
1.453342e+00,7.357347e-01
2.804457e+00,6.542971e-01
2.115667e+00,3.493603e-01
2.110217e+00,1.140042e+00
2.409127e+00,-1.691297e-01
1.704308e+00,6.208557e-01
2.286353e+00,1.940582e-01
2.205319e+00,4.499036e-01
1.473712e+00,5.559468e-01
2.235487e+00,1.003573e-01
2.658913e+00,1.042779e+00
1.937396e+00,4.218594e-01
2.519231e+00,2.588360e-01
1.692303e+00,9.728927e-04
1.773576e+00,5.127915e-01
1.603428e+00,3.629972e-01
1.954721e+00,4.264179e-01
2.383250e+00,2.091329e-01
1.863534e+00,6.609266e-01
2.306992e+00,8.826134e-01
2.315690e+00,2.850530e-01
2.614803e+00,2.897000e-01
1.606513e+00,1.112676e+00
2.174057e+00,6.989047e-01
2.725838e+00,-1.130987e-01
2.261683e+00,3.511588e-01
1.272290e+00,1.118535e+00
1.645175e+00,7.557311e-02
1.518271e+00,3.704421e-01
1.747254e+00,6.855422e-01
1.290342e+00,5.209551e-02
2.785376e+00,9.001167e-01
1.882490e+00,2.130252e-01
1.982413e+00,7.652821e-01
2.192196e+00,1.027266e+00
2.171464e+00,-8.874868e-04
1.534194e+00,1.725129e-01
1.593611e+00,7.109175e-01
2.312950e+00,5.562858e-01
2.073380e+00,3.581272e-01
2.307350e+00,5.396019e-01
1.890532e+00,5.363779e-01
1.739653e+00,5.565765e-01
2.527491e+00,1.791208e-01
1.913342e+00,2.693249e-01
1.794136e+00,7.870543e-01
1.664514e+00,6.908424e-01
1.828309e+00,1.640247e-02
2.249087e+00,5.062174e-01
2.346088e+00,1.472002e-01
1.360308e+00,-2.772791e-01
1.979139e+00,9.671510e-01
1.701287e+00,7.943661e-01
2.170415e+00,-3.960757e-01
2.601372e+00,3.924783e-01
1.231336e+00,8.498615e-01
2.499207e+00,1.785525e-01
1.898924e+00,5.012404e-01
1.734663e+00,6.345601e-02
1.802520e+00,8.136494e-02
1.913766e+00,4.442431e-01
2.289654e+00,7.513500e-01
1.961261e+00,-1.233018e-01
2.196784e+00,2.088734e-01
1.923142e+00,9.668976e-01
2.407975e+00,1.035695e+00
1.441275e+00,-2.470032e-01
1.732967e+00,3.248359e-01
1.947701e+00,6.532557e-01
1.380283e+00,-1.910956e-01
1.796826e+00,7.968733e-01
1.710287e+00,1.760935e-01
1.763537e+00,7.298151e-01
1.907534e+00,8.002185e-01
2.024433e+00,4.704613e-01
2.522276e+00,3.074307e-01
2.586464e+00,-2.406768e-01
1.946419e+00,1.268406e-01
2.199859e+00,3.623683e-01
1.780246e+00,2.353510e-01
1.872161e+00,2.048497e-01
2.315688e+00,4.307443e-01
1.440612e+00,6.749698e-01
1.949956e+00,5.535094e-01
1.869970e+00,4.905681e-03
2.609615e+00,6.131532e-02
2.462329e+00,-1.447331e-01
2.361136e+00,3.122297e-01
2.354980e+00,6.271083e-01
1.959230e+00,7.616604e-01
1.852303e+00,4.215807e-01
1.431278e+00,3.122206e-01
1.995226e+00,-5.393386e-02
2.162812e+00,5.925657e-01
2.246456e+00,3.127669e-01
2.174518e+00,1.114104e+00
1.318174e+00,5.599869e-01
1.187799e+00,4.439329e-01
1.622499e+00,5.476083e-01
2.562915e+00,3.558358e-02
1.599071e+00,6.356397e-01
2.693062e+00,2.153532e-01
2.388143e+00,5.537756e-01
2.103153e+00,4.664661e-02
1.490068e+00,9.488626e-01
2.091146e+00,1.746176e-02
2.826062e+00,5.161478e-01
1.202039e+00,6.178681e-02
2.454371e+00,1.885706e-01
1.965980e+00,1.746383e-01
1.432444e+00,4.039892e-01
1.072785e+00,9.470033e-01
2.214757e+00,1.070993e+00
2.183275e+00,-1.233703e-01
1.936451e+00,7.114523e-01
2.464728e+00,5.391705e-01
1.939116e+00,3.394937e-01
2.364164e+00,7.311875e-01
2.081693e+00,9.226863e-01
2.546470e+00,8.622153e-01
2.372870e+00,7.751436e-01
1.976926e+00,1.466214e-02
1.745573e+00,3.399495e-01
1.934540e+00,4.563815e-01
2.254033e+00,6.675515e-01
1.522109e+00,7.979606e-04
2.242675e+00,2.150281e-01
2.515848e+00,3.343531e-01
2.799295e+00,2.321830e-01
1.312674e+00,-4.342042e-01
1.962569e+00,7.916531e-01
1.928910e+00,1.487582e-01
2.535188e+00,4.760762e-01
2.771480e+00,5.261534e-01
2.208623e+00,1.135545e+00
1.894359e+00,5.341008e-01
2.020807e+00,4.024768e-01
2.099723e+00,4.470436e-01
2.139026e+00,7.045851e-01
1.581523e+00,4.557988e-01
