1.812837e+01,6.488434e+00
5.780906e+00,5.661125e+00
1.877660e+01,1.280433e+01
7.499045e+00,2.854946e+00
6.375168e+00,9.609356e+00
1.233824e+01,4.799226e+00
5.635216e+00,8.108477e-01
1.651032e+01,9.371948e+00
9.104426e+00,1.857769e+01
9.520410e+00,1.029803e+01
1.234130e+01,9.019883e+00
1.276972e+01,5.126976e+00
7.490123e+00,1.275836e+00
6.417447e+00,4.509015e+00
1.581557e+01,1.827804e+01
1.166802e+01,-7.299829e+00
1.579924e+01,-8.011936e+00
1.900391e+01,9.034576e+00
1.324285e+01,1.496155e+01
8.375531e+00,7.455119e-01
1.231907e+01,-1.393210e+00
1.238485e+01,1.587343e+01
9.650395e+00,6.328842e+00
1.305246e+01,5.955719e+00
6.900448e+00,3.232406e+00
5.935750e+00,8.754006e+00
1.399866e+01,9.781322e+00
1.426732e+01,1.717936e+01
1.543532e+01,8.933713e+00
1.305686e+01,1.551193e+01
1.533720e+01,1.075196e+01
1.826232e+01,6.319749e+00
1.340327e+01,1.146689e+00
1.400727e+01,5.829111e+00
1.221069e+01,7.149110e+00
1.465094e+01,-5.803918e+00
9.452783e+00,3.257951e+00
1.672094e+01,1.261643e+00
1.600576e+01,9.138086e+00
6.545877e+00,-1.017211e+01
1.858318e+01,1.123649e+01
5.341275e+00,-5.870702e+00
1.941289e+01,-1.320749e-01
9.529135e+00,1.227031e+01
9.873563e+00,1.207771e+01
6.224444e+00,9.010368e-01
1.200894e+01,1.513543e+01
1.577819e+01,9.454330e+00
5.248789e+00,3.369557e+00
1.452074e+01,1.367561e+01
1.997902e+01,8.545718e+00
7.270941e+00,3.334825e-01
7.239618e+00,9.616598e+00
1.147866e+01,1.178046e+01
7.733058e+00,5.728334e+00
9.666181e+00,7.244993e+00
1.074122e+01,9.728059e+00
1.430173e+01,1.346726e+01
1.779219e+01,5.885277e+00
1.635451e+01,4.519218e+00
1.397202e+01,6.050239e+00
1.556112e+01,5.736546e+00
1.737447e+01,1.669312e+01
1.581624e+01,8.483419e+00
6.991762e+00,1.456449e+01
8.883252e+00,1.734686e+00
8.516252e+00,-2.276361e+00
5.093493e+00,-2.581969e+00
1.595968e+01,6.629987e+00
1.794746e+01,8.492906e-01
1.522130e+01,-5.919491e+00
1.624791e+01,4.851840e+00
1.121724e+01,1.611477e+01
1.495171e+01,1.023301e+01
1.321898e+01,-2.873468e+00
1.097371e+01,9.137889e+00
1.624199e+01,1.037410e+01
1.883198e+01,7.260424e+00
5.630346e+00,7.819511e+00
1.520073e+01,2.038025e+00
1.039561e+01,3.213398e+00
7.174641e+00,1.176452e+00
1.584379e+01,1.333270e+01
8.397930e+00,-6.426576e+00
1.242171e+01,-2.447429e-01
7.623225e+00,-5.741348e+00
7.755073e+00,4.395493e+00
1.078051e+01,-7.024912e+00
1.864158e+01,8.875979e+00
1.083248e+01,4.860753e+00
1.612563e+01,1.292135e+01
5.861879e+00,3.896000e+00
5.373783e+00,-1.727926e+00
1.043361e+01,8.493348e+00
1.851977e+01,8.839435e+00
1.211559e+01,7.687865e+00
1.329790e+01,3.180315e+00
1.204532e+01,6.237288e+00
7.246542e+00,-4.902377e-01
1.330109e+01,1.423645e+01
1.447034e+01,3.526812e+00
5.577476e+00,-8.074544e+00
1.426353e+01,4.210781e+00
1.150429e+01,-2.894800e+00
1.599326e+01,1.034012e+01
1.117238e+01,7.814404e+00
1.101510e+01,1.469276e+01
9.971329e+00,-2.076780e+00
7.625751e+00,1.916559e+01
6.768703e+00,7.486860e+00
1.180578e+01,-2.619288e+00
1.566130e+01,2.774651e+00
6.899550e+00,-4.720951e+00
1.260130e+01,8.750839e+00
1.657035e+01,1.115520e+01
1.284348e+01,1.785972e+01
1.688323e+01,1.869125e+00
1.200838e+01,1.483417e+01
1.995203e+01,1.427241e+01
7.447527e+00,1.115307e+01
1.331258e+01,4.627591e+00
1.100331e+01,-6.763119e+00
1.810244e+01,1.246675e+01
6.025751e+00,9.705520e+00
9.749060e+00,-4.129653e+00
9.900007e+00,3.627634e+00
1.466989e+01,1.150861e+01
1.372248e+01,1.574515e+01
9.674052e+00,5.056682e+00
1.698698e+01,1.494544e+01
1.226973e+01,2.257955e+00
1.754153e+01,-3.086770e+00
7.822240e+00,5.796897e+00
1.902305e+01,1.261452e+01
1.334495e+01,-1.018303e+00
1.743531e+01,1.307051e+01
1.849244e+01,9.004923e+00
9.941196e+00,-5.031433e+00
5.078879e+00,1.450658e+00
5.109337e+00,-8.291359e+00
1.872885e+01,4.318470e+00
1.999829e+01,6.110987e+00
1.234951e+01,1.318700e+01
1.188351e+01,3.403576e+00
1.493908e+01,-3.156505e+00
1.888573e+01,1.065033e+01
1.363316e+01,3.631931e+00
1.572598e+01,1.204897e+01
1.416413e+01,1.809412e+01
6.984746e+00,-1.015837e+01
1.231673e+01,1.100459e+01
1.760071e+01,1.442033e+01
7.014595e+00,1.480872e+00
7.394859e+00,6.842359e+00
1.892057e+01,2.048808e+01
1.291363e+01,6.869717e+00
8.119291e+00,1.810368e+00
1.968019e+01,1.405582e+01
1.245937e+01,1.071241e+01
8.024743e+00,9.326679e+00
1.879045e+01,5.650666e+00
7.113191e+00,1.567297e+01
1.955478e+01,1.809598e+01
1.858438e+01,9.648513e+00
7.187276e+00,8.003994e+00
1.979747e+01,7.718719e+00
1.973119e+01,4.524247e+00
1.290410e+01,1.320362e+01
1.818344e+01,1.988476e+01
1.717471e+01,1.988949e+00
1.431651e+01,2.308473e+00
5.787316e+00,6.108183e+00
1.216301e+01,3.202785e+01
6.555598e+00,-5.211079e+00
1.113874e+01,1.570398e+01
1.040158e+01,1.163364e-01
1.323469e+01,6.338768e+00
1.403512e+01,8.684367e+00
8.418538e+00,7.726062e-01
1.549514e+01,7.684695e+00
1.840002e+01,2.704538e+00
1.988054e+01,1.256929e+01
1.586124e+01,8.111826e+00
9.458959e+00,5.018858e+00
8.973624e+00,2.401028e+00
6.532121e+00,9.582365e+00
6.278949e+00,7.811596e+00
8.793754e+00,5.207718e+00
1.181779e+01,-6.127401e+00
1.235729e+01,5.404682e+00
1.172546e+01,5.076269e+00
8.913852e+00,6.835478e+00
5.990957e+00,-9.625826e-01
1.158654e+01,1.944534e+00
1.923974e+01,3.449453e+00
1.165956e+01,8.554191e+00
1.273639e+01,6.862121e+00
9.056735e+00,3.314771e-01
1.681746e+01,9.266076e-01
1.271783e+01,1.142486e+01
