1.436363e+01,1.197452e+02
1.954699e+01,2.518598e+02
1.575162e+01,1.243453e+02
1.938690e+01,6.297205e+01
2.458982e+01,2.745902e+02
1.117435e+01,3.489725e+02
1.319202e+01,5.651427e+01
9.228198e+00,5.923263e+01
9.201836e+00,1.360378e+02
1.062389e+01,-1.831400e+02
7.079544e+00,4.385324e+01
1.365777e+01,1.154147e+02
2.221132e+01,3.259220e+02
7.704836e+00,-7.737953e+01
1.694632e+01,4.080071e+02
1.543351e+01,-9.470233e+00
2.390891e+01,5.447909e+02
1.632095e+01,-2.874403e+00
1.800173e+01,1.905561e+02
8.367801e+00,-4.778067e+01
2.071073e+01,4.744131e+02
2.071874e+01,3.341725e+02
1.399270e+01,1.598185e+02
1.448031e+01,1.119924e+02
1.346523e+01,1.446490e+02
2.265081e+01,2.520749e+02
2.157478e+01,4.462154e+02
2.342545e+01,2.425643e+02
1.464317e+01,2.660897e+02
1.270133e+01,-5.789062e+01
1.059933e+01,5.467375e+01
7.428206e+00,2.180419e+02
1.817427e+01,-2.675838e+01
1.330282e+01,2.082534e+01
1.278383e+01,1.890149e+02
1.038333e+01,-6.479319e+01
2.401287e+01,3.775913e+02
1.290950e+01,-1.165984e+00
1.267643e+01,1.359178e+02
9.552797e+00,-5.538885e+01
2.106612e+01,1.169119e+02
2.159242e+01,2.294304e+02
2.347844e+01,5.093922e+02
1.328041e+01,7.222696e+01
2.096137e+01,5.378448e+01
1.107776e+01,-1.196716e+02
2.036734e+01,4.862725e+02
2.315486e+01,3.121158e+02
1.889123e+01,3.726014e+02
2.391158e+01,5.107471e+02
1.839203e+01,8.754605e+00
2.457875e+01,5.342720e+02
1.425624e+01,2.352783e+02
2.226011e+01,7.228745e+02
8.727738e+00,1.281701e+02
1.949231e+01,6.501507e+01
2.234921e+01,7.272252e+02
2.024414e+01,5.649031e+01
1.514898e+01,2.571478e+02
1.933441e+01,1.708274e+02
1.003349e+01,2.978569e+02
2.275390e+01,4.055005e+02
8.475735e+00,1.930609e+02
1.908499e+01,7.401067e+01
8.458854e+00,-9.310499e+01
1.220566e+01,1.945535e+02
1.789471e+01,7.905673e+01
9.260766e+00,5.591380e+01
1.656122e+01,9.554300e+01
2.388736e+01,2.222206e+02
2.066866e+01,8.549953e+01
1.150614e+01,-2.729846e+02
1.093554e+01,-4.653493e+01
9.104575e+00,-4.561752e+00
1.259431e+01,7.301706e+01
1.118963e+01,-6.102840e+01
2.489148e+01,5.550268e+02
1.311964e+01,1.641883e+02
9.956765e+00,1.475548e+02
7.889038e+00,-1.627888e+02
1.747727e+01,1.772110e+02
1.536705e+01,2.132496e+02
1.020587e+01,9.722729e+01
1.317479e+01,1.625782e+01
1.573243e+01,3.861543e+00
1.792997e+01,3.954841e+02
9.502766e+00,3.738075e+01
1.117898e+01,2.810820e+02
9.079970e+00,2.340896e+01
1.589077e+01,1.069327e+02
1.433662e+01,1.592483e+02
9.527459e+00,2.845387e+02
8.352999e+00,1.447841e+02
2.100633e+01,2.021231e+02
1.929549e+01,2.042226e+02
1.258378e+01,1.932850e+02
2.402310e+01,2.595384e+02
1.793178e+01,3.258552e+02
8.226621e+00,-7.699015e+01
1.986373e+01,3.500150e+02
1.135706e+01,4.355729e+00
1.169716e+01,2.635523e+02
2.448092e+01,3.375944e+02
1.177826e+01,1.467492e+02
1.615464e+01,1.773526e+02
2.084692e+01,3.790547e+02
2.296745e+01,6.954212e+02
7.507914e+00,-3.211585e+02
1.043550e+01,2.209575e+02
2.499650e+01,5.729233e+02
2.169158e+01,4.073960e+02
1.441004e+01,4.006329e+02
1.162546e+01,-1.976432e+02
1.887826e+01,2.866253e+02
7.012474e+00,7.906007e+01
1.761312e+01,2.482644e+02
1.152190e+01,1.684000e+02
2.466612e+01,4.326590e+02
1.040063e+01,2.205878e+02
2.415775e+01,3.207437e+02
1.805423e+01,6.630353e+01
1.480560e+01,3.061785e+02
9.702548e+00,-1.196223e+01
1.564676e+01,1.256599e+02
8.913089e+00,-5.392629e+01
1.751234e+01,5.069074e+02
1.613890e+01,3.607067e+02
1.865226e+01,3.459618e+02
1.609858e+01,5.403988e+01
9.660450e+00,-4.058613e+01
1.673247e+01,3.011196e+02
2.235303e+01,5.107359e+02
1.404198e+01,-1.427468e+02
9.594196e+00,2.687796e+02
2.017690e+01,3.064422e+02
7.492014e+00,-3.206080e+02
2.070194e+01,3.081317e+02
1.771734e+01,1.582904e+02
1.083773e+01,-1.860352e+02
8.015669e+00,9.898467e+01
1.240440e+01,2.717521e+02
1.044271e+01,1.371849e+00
8.977362e+00,2.335537e+02
1.164444e+01,-1.635254e+02
2.395494e+01,3.075441e+02
2.194515e+01,6.236210e+02
2.012563e+01,1.998545e+02
1.789051e+01,2.567106e+02
2.476426e+01,5.614610e+02
2.479579e+01,3.460212e+02
2.383119e+01,1.256501e+02
1.749812e+01,2.182477e+02
1.485162e+01,3.661091e+02
1.336304e+01,2.488448e+02
1.086766e+01,2.107102e+02
1.447973e+01,-5.436831e+01
1.771491e+01,3.349284e+02
2.118937e+01,2.391988e+02
1.380457e+01,2.180520e+02
1.831906e+01,8.135729e+00
1.998952e+01,7.178521e+01
1.235215e+01,1.865644e+02
1.565166e+01,9.838928e+01
2.147303e+01,2.799234e+02
8.913104e+00,2.115487e+02
1.461923e+01,1.993284e+02
1.942433e+01,3.440879e+02
1.261301e+01,1.484556e+02
1.062072e+01,1.087210e+02
1.494895e+01,3.616941e+02
2.416895e+01,6.282414e+01
1.209198e+01,1.923209e+02
7.681018e+00,7.821212e+01
1.010751e+01,-1.983710e+02
2.093055e+01,3.458857e+02
1.406091e+01,3.421139e+01
2.241195e+01,4.070242e+02
2.477829e+01,2.100218e+02
1.461871e+01,6.909205e+01
1.248746e+01,4.005333e+02
1.646836e+01,1.234594e+02
7.431498e+00,-5.698503e+01
1.832711e+01,9.492681e+01
1.909799e+01,3.515792e+02
1.207535e+01,-6.747229e+01
1.516506e+01,5.094097e+02
8.657055e+00,1.479963e+02
1.778410e+01,-1.678109e+02
2.045633e+01,7.273527e+01
2.197521e+01,2.290655e+02
2.381761e+01,5.208382e+02
7.822220e+00,-1.048123e+02
2.367565e+01,3.220577e+02
1.277927e+01,-3.412314e+01
2.298453e+01,5.488821e+02
1.970634e+01,1.035691e+02
2.324610e+01,1.584101e+02
1.870494e+01,5.684039e+02
1.331325e+01,1.337110e+02
1.911859e+01,1.862541e+02
