1.814083e+01,-3.566430e+00
1.719508e+01,5.512271e+00
1.570452e+01,3.241401e+00
1.621486e+01,1.002749e+01
2.348550e+01,1.229302e+01
2.243153e+01,-8.911448e+00
2.250283e+01,6.392027e+00
1.330446e+01,-1.010247e+00
1.847007e+01,3.847002e+00
2.373250e+01,8.469498e+00
1.654089e+01,8.233579e+00
2.347700e+01,1.189341e+01
1.823838e+01,3.498333e+00
1.998118e+01,4.890331e+00
1.132149e+01,7.668252e-01
1.953580e+01,3.165193e+00
1.793662e+01,7.523068e+00
2.276483e+01,4.514110e+00
1.753680e+01,1.339842e+00
1.013478e+01,1.279165e+01
1.228968e+01,5.828557e+00
2.288224e+01,1.167289e+01
9.173185e+00,2.538076e+00
2.387408e+01,1.045029e+01
1.448260e+01,-1.824203e+00
9.378410e+00,1.530922e-01
1.215068e+01,7.790618e+00
1.411813e+01,4.791213e+00
1.238203e+01,3.066409e+00
2.385164e+01,1.850707e+01
2.297630e+01,6.008263e+00
1.328254e+01,8.012747e+00
2.408888e+01,-1.232652e+00
1.200211e+01,1.538341e+00
9.614487e+00,-2.618947e+00
2.090385e+01,2.645390e+00
1.331695e+01,1.078780e+01
2.169357e+01,3.292945e+00
1.228849e+01,-3.783515e+00
9.152773e+00,1.307656e+00
2.214423e+01,9.728944e+00
1.786145e+01,-2.224216e+00
1.299508e+01,4.613542e+00
1.683218e+01,9.271021e+00
1.649119e+01,2.741772e+00
1.711340e+01,6.506016e+00
1.489760e+01,-4.677853e+00
1.696161e+01,9.946367e+00
1.111249e+01,6.944020e+00
1.548589e+01,5.761120e+00
1.779197e+01,6.290610e+00
1.030560e+01,-1.241883e+00
1.498732e+01,5.904192e+00
1.601355e+01,2.784453e+00
1.204055e+01,-6.080297e-01
2.493710e+01,5.892152e+00
1.147165e+01,-4.713283e+00
1.474762e+01,-7.657272e-01
2.225157e+01,9.634997e+00
1.687484e+01,-3.603464e+00
1.557394e+01,1.001613e+01
1.730362e+01,1.354344e+00
1.083626e+01,7.848288e+00
2.268079e+01,3.806303e+00
2.362823e+01,9.645255e+00
1.538271e+01,7.660071e+00
1.405937e+01,3.620905e+00
2.385654e+01,8.189948e+00
1.966665e+01,3.734563e+00
2.214198e+01,1.096309e+01
1.260030e+01,7.971782e+00
1.028679e+01,2.252425e+00
1.243678e+01,1.038237e+01
2.083286e+01,-3.571744e+00
1.198869e+01,3.488190e+00
2.464044e+01,4.920532e+00
1.948968e+01,7.709085e+00
1.256691e+01,7.919217e+00
1.496856e+01,7.158949e+00
2.055918e+01,1.846225e+00
2.017927e+01,8.422930e+00
1.342311e+01,3.356481e+00
9.238763e+00,-5.289036e-01
1.323179e+01,1.273800e+01
2.359949e+01,1.084734e+00
1.654531e+01,2.432884e+00
1.534830e+01,6.358888e+00
1.602123e+01,2.601681e+00
2.457465e+01,4.895208e+00
1.425269e+01,3.750727e+00
1.191647e+01,-4.902132e+00
2.312521e+01,5.441022e+00
2.413858e+01,1.220240e+01
1.818793e+01,-2.666031e+00
2.203958e+01,5.919669e+00
1.378545e+01,9.635916e+00
2.019354e+01,4.190164e-01
1.713881e+01,-7.696153e+00
1.612134e+01,5.744055e+00
1.154490e+01,7.542178e+00
9.107000e+00,4.393492e-01
2.311035e+01,4.322098e+00
2.024321e+01,1.375643e+01
2.318104e+01,7.578440e+00
2.441998e+01,2.501465e-01
1.666062e+01,4.601731e+00
1.298301e+01,6.108230e+00
1.271453e+01,4.913202e+00
1.010594e+01,-1.111978e+00
2.056874e+01,4.199931e+00
2.463090e+01,6.475840e+00
1.647726e+01,6.686596e+00
2.272219e+01,1.267299e+01
9.129560e+00,-2.309103e+00
1.524781e+01,2.763710e+00
1.061255e+01,2.322302e+00
2.195450e+01,-3.222547e+00
1.122643e+01,-9.115613e+00
1.625924e+01,1.670350e+00
1.702250e+01,9.121154e+00
1.461065e+01,9.343205e+00
2.391623e+01,9.406743e+00
1.146164e+01,5.315467e+00
1.529471e+01,1.152858e+00
1.374582e+01,2.444790e+00
2.409654e+01,-2.181776e+00
2.442964e+01,5.871114e+00
1.390043e+01,1.674754e+00
1.310229e+01,9.275422e+00
1.479369e+01,7.838823e+00
2.194992e+01,3.537776e+00
1.530937e+01,2.941586e+00
9.489685e+00,5.071526e+00
2.177489e+01,7.763434e+00
9.906927e+00,1.361980e+01
2.130592e+01,3.019132e+00
2.181526e+01,7.399497e+00
1.589217e+01,1.654841e+00
1.630065e+01,1.836930e+00
2.186049e+01,-3.066952e+00
1.260787e+01,6.939920e+00
1.255858e+01,4.135439e+00
1.383856e+01,1.144209e-01
1.179215e+01,1.278143e+01
2.474837e+01,4.517976e+00
1.445701e+01,4.551092e+00
2.225466e+01,9.120442e+00
1.079069e+01,-1.777103e+00
9.560551e+00,5.542904e+00
1.414997e+01,2.527101e+00
2.473648e+01,5.190766e+00
1.227579e+01,-4.822369e+00
1.213562e+01,2.023089e+00
2.393881e+01,2.905634e+00
2.082361e+01,1.561845e+00
2.302360e+01,5.810175e+00
1.034868e+01,9.482775e+00
1.312127e+01,6.282671e-01
1.764132e+01,4.447316e+00
2.454489e+01,5.916270e+00
1.196880e+01,-6.690748e+00
2.157144e+01,7.811310e+00
1.074951e+01,7.573725e+00
1.144579e+01,-1.136456e+00
2.369671e+01,9.239203e+00
9.127088e+00,8.647330e-01
1.082238e+01,-3.334346e+00
1.808947e+01,5.016536e+00
2.190700e+01,6.444839e+00
1.680802e+01,4.339359e-01
2.399950e+01,4.937864e-02
9.122970e+00,-5.640424e+00
1.463690e+01,-1.765265e+00
1.477987e+01,6.124929e-01
1.976378e+01,7.228177e+00
1.804727e+01,8.035893e+00
1.008497e+01,1.297029e+01
2.488069e+01,7.677257e+00
1.927367e+01,1.223775e+00
1.884337e+01,-4.310990e-01
1.625900e+01,-1.871685e+00
2.266237e+01,9.882704e-01
2.170941e+01,1.505018e+00
1.449362e+01,2.483934e+00
1.244334e+01,4.688609e-01
1.460514e+01,1.201970e+01
2.014532e+01,1.032367e+01
9.442659e+00,8.217936e+00
2.234634e+01,1.173947e+01
1.455812e+01,5.303474e+00
1.235202e+01,1.151669e+00
1.912866e+01,-4.254974e+00
1.284863e+01,7.488521e+00
1.409200e+01,7.945887e+00
1.340287e+01,2.705884e+00
1.642129e+01,2.683309e+00
2.231335e+01,6.776374e+00
1.204276e+01,1.007512e+01
1.818494e+01,2.915296e+00
1.041380e+01,4.981912e+00
