5.736029e+00,2.824106e+00
2.121517e+01,2.650456e+00
2.298056e+01,3.448176e+00
2.213320e+01,1.991199e+00
7.879199e+00,2.256165e+00
1.340074e+01,1.778547e+00
6.077454e+00,3.070923e+00
1.984850e+01,5.740458e-01
1.728932e+01,3.225835e+00
7.791297e+00,2.863406e+00
4.665879e+00,1.669670e+00
1.802425e+01,1.905235e+00
2.056818e+01,3.557770e+00
1.431452e+01,3.651047e+00
1.641132e+01,6.091788e-01
2.274284e+01,1.693545e+00
1.502775e+01,2.239020e+00
2.383361e+01,3.975550e+00
5.060037e+00,-5.928402e-01
2.469785e+01,-1.130053e+00
1.751211e+01,2.280534e+00
3.578022e+00,2.379195e+00
1.330896e+01,3.546493e+00
1.201763e+01,4.281344e+00
4.641827e+00,1.411948e+00
1.281030e+01,1.073831e+00
9.090101e+00,3.466930e-01
1.817785e+01,2.047604e+00
9.659820e+00,1.597152e+00
1.499520e+01,1.801784e+00
6.175277e+00,2.472897e+00
1.230526e+01,-2.502867e+00
1.726953e+01,-1.230449e+00
7.294642e+00,1.843385e+00
2.132376e+01,-4.707732e-01
1.791221e+01,9.181601e-01
5.543795e+00,-9.339310e-01
2.262690e+01,1.273545e+00
5.409496e+00,5.037522e-01
1.880491e+01,3.199537e+00
1.540332e+01,2.874069e+00
1.621765e+01,2.380250e+00
1.301699e+01,2.223094e+00
1.082577e+01,1.189549e+00
9.196474e+00,1.101432e+00
1.151099e+01,-6.871295e-01
1.303842e+01,3.307077e+00
8.111196e+00,1.962346e+00
2.080754e+01,4.858547e-02
1.822100e+01,3.088411e-01
2.198546e+01,-1.270732e-01
8.317498e+00,9.432953e-01
1.439185e+01,8.525939e-01
2.088259e+01,-1.145269e-01
6.147145e+00,-7.038169e-01
1.131702e+01,2.014842e+00
2.161313e+01,7.796314e-01
1.573575e+01,8.065597e-01
1.796235e+01,3.635751e+00
1.259061e+01,2.632898e+00
1.761461e+01,-8.044117e-01
1.719327e+01,5.258617e-01
2.217266e+01,3.121896e+00
9.768750e+00,5.719869e-03
1.257945e+01,1.638714e+00
1.254227e+01,3.052029e+00
5.828304e+00,1.544742e-01
2.108949e+01,2.696644e+00
1.116891e+01,2.617146e+00
2.388778e+01,1.106599e+00
4.055818e+00,-6.123808e-01
1.075579e+01,2.035085e+00
1.893406e+01,1.258002e+00
1.269120e+01,-4.272220e-01
6.361031e+00,1.610867e+00
5.349918e+00,-2.126053e-01
9.179531e+00,-4.696065e-01
1.866627e+01,1.030272e+00
1.592810e+01,-2.739225e-01
2.139574e+01,6.843647e-01
1.797798e+01,1.679209e+00
3.046437e+00,2.238345e-01
1.002799e+01,2.516620e+00
1.049986e+01,4.417691e+00
1.018560e+01,2.266295e+00
1.584239e+01,1.827382e+00
4.887637e+00,1.345028e+00
3.401282e+00,2.720873e+00
6.304749e+00,1.964820e+00
4.981356e+00,2.041480e+00
1.501535e+01,2.135563e+00
3.142211e+00,-6.537337e-01
4.998126e+00,1.756137e+00
3.252081e+00,2.888997e+00
1.749979e+01,1.937043e+00
1.177989e+01,2.753779e+00
1.606594e+01,2.870053e+00
1.165733e+01,2.208298e+00
2.251355e+01,-1.089449e+00
2.061419e+01,1.647109e+00
6.170314e+00,2.618122e+00
1.815709e+01,1.181482e+00
1.461291e+01,3.258017e+00
1.306604e+01,3.414638e+00
2.156354e+01,1.939557e+00
5.054980e+00,8.473767e-01
4.569332e+00,5.078384e-01
1.471412e+01,-2.531292e+00
1.617874e+01,1.501554e+00
2.379616e+01,2.490274e+00
1.358806e+01,-6.776483e-01
2.405636e+01,1.534477e+00
1.485674e+01,6.819220e-01
2.333599e+01,-6.697790e-01
2.031503e+01,2.607407e+00
2.467586e+01,2.960706e+00
5.514083e+00,6.056417e-01
1.274349e+01,7.037070e-01
7.981223e+00,-3.249408e-01
2.454010e+01,2.909572e+00
2.256130e+01,2.514934e+00
2.433694e+01,4.303300e+00
2.074533e+01,2.394284e+00
2.011630e+01,1.045811e+00
1.895920e+01,1.059808e+00
3.300002e+00,3.331405e+00
8.231658e+00,3.286608e+00
1.432792e+01,2.901144e+00
5.313380e+00,1.953584e+00
2.431654e+01,1.469270e+00
1.665628e+01,1.428072e+00
5.830313e+00,1.906173e-01
2.406116e+01,-4.217363e-03
6.858712e+00,2.724160e-01
4.429081e+00,1.462031e+00
4.696374e+00,1.731898e+00
2.205334e+01,-5.198519e-01
7.181365e+00,-4.773515e-01
7.229713e+00,1.620690e-01
2.383814e+01,8.359359e-01
7.048820e+00,-8.863282e-02
1.755051e+01,2.034865e+00
1.215632e+01,2.473650e+00
7.275569e+00,1.083777e+00
1.637702e+01,2.696566e+00
1.588356e+01,2.615005e+00
4.979806e+00,1.094097e+00
3.669912e+00,8.621088e-01
2.172290e+01,2.465663e+00
8.475861e+00,2.646521e+00
1.122478e+01,-7.733088e-01
6.885430e+00,-2.255572e-01
1.427025e+01,4.866828e-02
1.257732e+01,2.939665e+00
2.196199e+01,4.333379e+00
7.512654e+00,8.041751e-01
1.417618e+01,-1.106554e+00
8.912181e+00,4.205187e-02
1.590630e+01,1.714352e-01
1.185898e+01,4.615362e-01
9.911095e+00,1.380572e+00
1.972486e+01,3.762429e+00
3.608893e+00,4.942132e-01
1.919197e+01,2.502592e+00
2.249276e+01,2.412409e+00
1.532307e+01,2.817772e+00
8.554562e+00,1.877530e+00
6.920445e+00,1.851542e+00
1.660390e+01,2.502993e+00
1.194812e+01,2.219948e+00
7.310909e+00,3.003548e+00
5.010938e+00,1.568942e+00
1.234018e+01,1.844266e+00
1.461453e+01,8.669472e-02
1.848184e+01,3.798508e+00
7.344364e+00,1.617683e+00
1.549587e+01,4.365572e+00
2.463582e+01,1.303974e+00
1.007459e+01,1.523886e+00
5.744666e+00,2.729754e+00
1.055490e+01,8.566648e-01
1.090943e+01,2.088169e+00
8.229654e+00,-3.013682e-01
5.389058e+00,1.883398e+00
1.697954e+01,1.891374e+00
1.982827e+01,-4.030034e-02
7.129212e+00,4.053670e+00
2.248169e+01,3.564523e+00
1.414650e+01,1.836985e+00
5.458224e+00,3.778378e+00
5.055735e+00,-8.877116e-01
3.125017e+00,3.082451e+00
5.285040e+00,1.412188e-01
6.616012e+00,1.144768e+00
1.258274e+01,5.224064e-01
1.659564e+01,2.466966e+00
1.194186e+01,-1.297964e+00
1.710001e+01,1.587461e+00
1.437480e+01,1.036110e+00
9.397627e+00,-1.308154e+00
