8.702118e+00,1.380400e+01
1.645877e+01,9.553743e+00
2.167906e+01,2.820797e+01
2.142797e+01,3.884266e+00
1.974058e+01,6.340828e+00
1.408559e+01,-1.197662e+01
9.107365e+00,1.629759e+01
2.257390e+01,3.238365e+01
1.770584e+01,3.298866e+01
7.230031e+00,-1.780470e+00
1.088260e+01,5.178422e+00
1.552692e+01,2.137820e+01
1.912638e+01,2.601253e+01
1.920917e+01,3.022906e+01
3.820114e+00,-1.381691e+01
9.051859e+00,1.678312e+00
5.133981e+00,8.639560e+00
1.434494e+01,-1.828713e+01
5.957850e+00,1.227376e+01
1.154449e+01,1.795168e+01
1.032986e+01,-3.556928e+00
6.835663e+00,1.639457e+01
4.484988e+00,-1.058957e+01
2.156192e+01,3.343544e+01
6.346091e+00,2.432393e+01
1.584298e+01,3.743124e+01
6.809731e+00,1.684732e+01
2.437852e+01,9.727363e+00
8.722127e+00,1.377373e+01
2.269023e+01,2.553044e+01
4.006234e+00,1.246644e+01
5.283825e+00,-1.384013e+01
1.058182e+01,4.056741e+00
1.052940e+01,-1.754213e+00
1.449690e+01,1.657863e+01
1.540791e+01,1.685445e+01
7.128632e+00,1.386997e+01
1.820411e+01,1.061714e+01
1.570906e+01,1.917972e+01
2.411893e+01,1.248468e+01
6.288931e+00,-2.404788e+00
1.511279e+01,5.512960e+00
1.130453e+01,2.401178e+01
1.929574e+01,3.737673e+01
2.091500e+01,4.135679e-01
1.688805e+01,1.689200e+01
6.785220e+00,-1.038320e+01
2.266347e+01,2.362794e+01
1.002134e+01,1.137361e+01
1.065529e+01,1.254581e+01
3.257897e+00,1.906130e+00
8.471668e+00,2.317537e+01
1.556434e+01,4.180344e+01
2.422794e+01,1.490935e+01
2.022021e+01,-6.128101e+00
1.348148e+01,1.333187e+01
3.675427e+00,-4.363149e-01
2.395249e+01,2.346455e+01
4.101881e+00,1.590819e+00
1.297578e+01,5.092204e+00
9.806753e+00,2.241961e+01
2.326957e+01,7.996324e+00
9.151462e+00,2.201639e+01
1.171048e+01,1.847167e+01
1.723359e+01,-5.354708e+00
7.152496e+00,1.868096e+00
2.492103e+01,2.552378e+01
8.403053e+00,1.073462e+01
5.631178e+00,4.786344e+00
7.622181e+00,8.078069e+00
2.116252e+01,2.413641e+01
5.491314e+00,9.803388e+00
1.162618e+01,3.377051e+01
1.961313e+01,1.593572e+01
1.842891e+01,-2.915339e+00
1.436994e+01,2.155983e+01
1.169450e+01,1.903431e+01
1.229360e+01,1.188764e+01
1.265909e+01,9.703714e+00
1.867102e+01,3.091553e+01
1.940638e+01,1.669039e+01
1.186572e+01,3.740299e+00
1.085370e+01,4.739797e+00
1.400865e+01,3.213758e+01
3.581368e+00,-2.407660e+01
2.193492e+01,2.479417e+01
1.938658e+01,2.986565e+01
2.253497e+01,3.379186e+01
2.153284e+01,9.902792e+00
7.424091e+00,4.048425e+00
1.583533e+01,1.638843e+01
1.695057e+01,1.640496e+00
5.717799e+00,1.797988e+01
2.396716e+01,9.999570e+00
1.820651e+01,1.623059e+01
1.012701e+01,3.142381e+01
1.676370e+01,1.297042e+01
1.134256e+01,1.214491e+01
2.364381e+01,5.112682e+00
1.206887e+01,-2.398245e+00
2.239193e+01,1.781391e+01
2.312148e+01,2.317224e+01
1.442122e+01,9.783702e+00
8.179849e+00,2.511429e+01
8.315760e+00,8.660522e+00
1.938172e+01,1.839175e+01
2.037704e+01,4.030598e+00
2.194804e+01,3.048124e+01
2.184182e+01,1.093164e+01
9.253815e+00,1.417528e+00
9.014128e+00,-5.115439e+00
3.967418e+00,-2.247986e+01
1.252178e+01,2.279045e+01
8.635806e+00,1.272981e+01
2.122607e+01,1.747289e+01
2.024344e+01,3.319892e+01
8.390519e+00,2.535115e+01
1.598088e+01,2.681582e+01
1.637022e+01,-3.296189e-01
1.997351e+01,7.058322e+00
1.626678e+01,1.076100e+01
5.285911e+00,-5.081654e+00
1.491296e+01,2.314092e+01
8.924688e+00,-6.459830e-01
1.561748e+01,1.651605e+01
8.055575e+00,-5.380384e+00
1.573668e+01,4.449861e+01
7.566028e+00,4.247142e+00
2.044358e+01,1.714950e+01
7.664066e+00,1.839685e+01
4.991327e+00,4.919602e+00
2.266698e+01,-8.673756e+00
4.609910e+00,1.717975e+01
2.493922e+01,2.433944e+01
2.281492e+01,4.854977e+01
2.388624e+01,2.319053e+01
1.058514e+01,1.374999e+01
2.142082e+01,2.507152e+01
1.658279e+01,6.882679e-01
2.150827e+01,1.633052e+01
6.446833e+00,-1.072034e+01
2.368578e+01,3.286131e+01
2.365998e+01,1.437441e+01
1.232150e+01,3.746994e+00
1.478992e+01,5.861696e+00
9.916043e+00,6.675816e+00
1.991274e+01,5.534620e+00
1.220970e+01,1.373882e+01
2.147642e+01,1.732013e+01
2.355606e+01,2.614172e+01
1.166547e+01,1.324392e+01
2.467551e+01,1.498141e+01
3.024428e+00,2.874562e+00
8.067665e+00,-1.781057e+01
1.831212e+01,2.441683e+01
1.435249e+01,3.181599e+01
9.562650e+00,2.044962e+01
7.875895e+00,8.424044e+00
2.090489e+01,2.977495e+01
1.419316e+01,5.221403e+00
6.217264e+00,-5.305533e+00
1.346927e+01,5.535926e+00
2.136968e+01,1.557026e+01
1.065565e+01,-1.763020e+00
1.833407e+01,1.581900e+01
1.707833e+01,-2.200371e+00
1.577681e+01,7.487064e-02
4.561501e+00,1.743619e+00
1.651904e+01,1.183238e+01
2.077846e+01,2.619730e+01
3.276170e+00,1.736153e+00
3.983427e+00,6.869811e+00
4.464376e+00,1.545476e+01
6.934858e+00,2.253762e+01
1.400620e+01,1.506231e+01
3.657500e+00,1.299752e+01
1.999635e+01,1.357034e+01
1.240524e+01,1.417128e+00
1.443228e+01,9.804063e+00
2.328256e+01,7.566390e+00
2.364588e+01,3.587621e+01
8.926112e+00,-4.671978e+00
1.640890e+01,1.936127e+01
1.341703e+01,2.221883e+01
1.070815e+01,2.261424e+01
1.005669e+01,2.073204e+01
1.754624e+01,2.075905e+01
5.810412e+00,-6.279924e-02
1.924531e+01,9.094831e+00
2.023746e+01,9.387807e+00
1.662364e+01,2.340227e+00
1.361519e+01,1.627181e+01
1.400717e+01,8.185039e+00
5.643940e+00,2.845550e+01
2.204858e+01,2.057749e+01
6.984200e+00,-1.349464e+01
6.654373e+00,6.388819e+00
2.389599e+01,3.436231e+01
2.091031e+01,2.866686e+01
1.642851e+01,-5.827553e+00
