1.000000e+00,1.896484e+01,8.170914e+00
1.000000e+00,1.898045e+01,1.934280e+01
1.000000e+00,1.310558e+01,5.032362e+01
1.000000e+00,1.935868e+01,1.682558e+01
1.000000e+00,1.489975e+01,2.906103e+01
1.000000e+00,1.436699e+01,-9.203663e+00
1.000000e+00,1.151630e+01,2.896333e+01
1.000000e+00,1.393250e+01,2.018477e+01
1.000000e+00,1.606048e+01,1.107395e+01
1.000000e+00,1.660535e+01,1.075917e+01
1.000000e+00,1.631861e+01,1.061424e+01
1.000000e+00,1.157959e+01,9.160416e+00
1.000000e+00,1.722248e+01,2.158948e+01
1.000000e+00,1.641328e+01,1.246845e+01
1.000000e+00,1.533170e+01,1.486431e+01
1.000000e+00,1.875587e+01,2.520491e+01
1.000000e+00,1.375888e+01,2.363783e+01
1.000000e+00,1.366500e+01,3.347159e+01
1.000000e+00,1.711528e+01,-2.726195e+00
1.000000e+00,1.321134e+01,-1.954447e+01
1.000000e+00,1.471273e+01,-8.459492e+00
1.000000e+00,1.148633e+01,2.307375e+01
1.000000e+00,1.956227e+01,9.378859e+00
1.000000e+00,1.204820e+01,4.163458e+01
1.000000e+00,1.158193e+01,-2.232002e+00
1.000000e+00,1.299746e+01,-1.496631e+01
1.000000e+00,1.193621e+01,3.417045e+01
1.000000e+00,1.395955e+01,1.411796e+01
1.000000e+00,9.453009e+00,8.011191e+00
1.000000e+00,1.016337e+01,1.322836e+01
1.000000e+00,1.799791e+01,1.933973e+01
1.000000e+00,1.710505e+01,2.103898e+00
1.000000e+00,1.508912e+01,1.301204e+01
1.000000e+00,1.844636e+01,3.454468e+01
1.000000e+00,1.789714e+01,2.285216e+00
1.000000e+00,1.627100e+01,-2.902999e+00
1.000000e+00,1.760091e+01,3.080183e+01
1.000000e+00,9.438917e+00,7.090992e+00
1.000000e+00,1.563562e+01,2.193954e+01
1.000000e+00,9.873917e+00,-6.302109e+00
1.000000e+00,1.946700e+01,7.683597e+00
1.000000e+00,1.378605e+01,3.983888e+00
1.000000e+00,1.490026e+01,3.398283e+01
1.000000e+00,1.027670e+01,1.124807e+01
1.000000e+00,1.778989e+01,1.114471e+01
1.000000e+00,1.121499e+01,-1.316982e+00
1.000000e+00,1.418651e+01,1.425484e+01
1.000000e+00,1.805464e+01,-1.667795e+00
1.000000e+00,1.388834e+01,1.432211e+01
1.000000e+00,1.970802e+01,8.682923e-01
1.000000e+00,1.188163e+01,1.598898e+01
1.000000e+00,1.299141e+01,-7.768354e+00
1.000000e+00,1.706801e+01,3.153033e+01
1.000000e+00,1.039759e+01,1.555343e+01
1.000000e+00,1.859323e+01,1.004957e-01
1.000000e+00,9.773115e+00,-1.770921e-01
1.000000e+00,1.340549e+01,2.386944e+01
1.000000e+00,1.691884e+01,-1.533453e+01
1.000000e+00,1.225968e+01,-8.723555e+00
1.000000e+00,1.829931e+01,1.638944e+01
1.000000e+00,1.165017e+01,7.488722e+00
1.000000e+00,1.767992e+01,2.850174e+01
1.000000e+00,1.596168e+01,1.004455e+01
1.000000e+00,1.233598e+01,-2.836865e+01
1.000000e+00,1.522156e+01,2.069347e+01
1.000000e+00,1.320967e+01,3.343780e+00
1.000000e+00,1.724684e+01,7.295423e+00
1.000000e+00,1.100689e+01,2.135996e+01
1.000000e+00,1.154536e+01,2.799014e+01
1.000000e+00,1.623455e+01,2.502499e+01
1.000000e+00,1.510188e+01,3.657293e+01
1.000000e+00,1.324992e+01,3.014402e-01
1.000000e+00,1.325291e+01,2.034725e+01
1.000000e+00,9.459840e+00,1.011995e+01
1.000000e+00,1.240113e+01,2.403248e+01
1.000000e+00,1.890686e+01,2.300288e+01
1.000000e+00,1.872424e+01,3.035299e+01
1.000000e+00,1.260912e+01,1.827472e+01
1.000000e+00,1.659103e+01,9.581393e+00
1.000000e+00,1.944835e+01,2.920300e+01
1.000000e+00,1.197887e+01,1.303520e+01
1.000000e+00,1.206693e+01,7.249162e+00
1.000000e+00,1.752680e+01,3.623842e+01
1.000000e+00,1.804829e+01,3.716335e+01
1.000000e+00,1.333574e+01,1.752040e+01
1.000000e+00,1.019379e+01,1.775139e+01
1.000000e+00,1.115170e+01,2.673200e+01
1.000000e+00,1.931921e+01,1.238833e+01
1.000000e+00,1.953419e+01,7.718891e-01
1.000000e+00,1.513990e+01,1.809997e+01
1.000000e+00,1.292757e+01,6.562009e+00
1.000000e+00,1.900991e+01,1.765847e+01
1.000000e+00,1.479394e+01,1.063605e+01
1.000000e+00,9.971496e+00,3.318488e+01
1.000000e+00,1.788464e+01,3.234017e+01
1.000000e+00,1.584712e+01,2.266713e+01
1.000000e+00,1.724266e+01,2.436549e+01
1.000000e+00,1.901484e+01,2.934007e+01
1.000000e+00,1.028254e+01,-4.438828e+01
1.000000e+00,1.533118e+01,2.065146e-01
1.000000e+00,9.842295e+00,-1.566744e+01
1.000000e+00,1.555127e+01,1.474580e+01
1.000000e+00,1.926350e+01,1.575419e+01
1.000000e+00,1.710695e+01,1.520116e+01
1.000000e+00,1.915706e+01,-1.692122e+00
1.000000e+00,1.583324e+01,-1.033136e+00
1.000000e+00,9.740664e+00,1.780302e+01
1.000000e+00,1.105418e+01,2.839651e+01
1.000000e+00,1.870400e+01,2.044457e+01
1.000000e+00,1.011275e+01,1.773374e+01
1.000000e+00,1.215235e+01,2.458031e+01
1.000000e+00,9.109203e+00,-4.800577e+00
1.000000e+00,1.626002e+01,3.365096e+01
1.000000e+00,1.932639e+01,1.482191e+01
1.000000e+00,1.805019e+01,3.012277e+01
1.000000e+00,1.086361e+01,-2.295768e+00
1.000000e+00,1.340519e+01,2.228542e+01
1.000000e+00,1.084330e+01,-1.446523e+01
1.000000e+00,1.505635e+01,3.111000e+01
1.000000e+00,1.317052e+01,8.951161e+00
1.000000e+00,1.540096e+01,1.885646e+01
1.000000e+00,1.413276e+01,1.312087e+00
1.000000e+00,1.046510e+01,2.138717e+01
1.000000e+00,1.400105e+01,1.585441e+01
1.000000e+00,1.462593e+01,-7.200567e+00
1.000000e+00,1.821607e+01,1.745586e+01
1.000000e+00,1.420929e+01,1.961696e+01
1.000000e+00,1.751570e+01,-1.526724e+00
1.000000e+00,1.225520e+01,-2.713465e+01
1.000000e+00,1.541866e+01,-9.842362e-01
1.000000e+00,1.713423e+01,3.121458e+01
1.000000e+00,1.018513e+01,4.804376e+00
1.000000e+00,1.011709e+01,5.951903e+00
1.000000e+00,1.464249e+01,3.064269e+01
1.000000e+00,1.019235e+01,8.517726e+00
1.000000e+00,1.576152e+01,1.369579e+01
1.000000e+00,1.857446e+01,2.621530e+01
1.000000e+00,1.723003e+01,-8.313784e+00
1.000000e+00,1.134814e+01,-6.196384e+00
1.000000e+00,1.209386e+01,-3.729787e+00
1.000000e+00,1.949570e+01,1.012956e+01
1.000000e+00,1.239930e+01,2.426430e+01
1.000000e+00,1.893710e+01,1.090813e+01
1.000000e+00,9.299677e+00,2.427211e+01
1.000000e+00,1.150467e+01,-2.625451e+00
1.000000e+00,9.732255e+00,1.821308e+00
1.000000e+00,1.890699e+01,1.036973e+01
1.000000e+00,9.311851e+00,1.607404e+01
1.000000e+00,1.131107e+01,2.299804e+01
1.000000e+00,1.334227e+01,1.333494e+01
1.000000e+00,9.156764e+00,-3.499978e-01
1.000000e+00,1.363619e+01,3.968531e+01
1.000000e+00,1.775324e+01,1.497798e+01
1.000000e+00,1.228224e+01,3.866947e+00
1.000000e+00,1.064079e+01,-7.683499e+00
1.000000e+00,1.048494e+01,-2.088001e+01
1.000000e+00,1.741437e+01,-3.985346e+00
1.000000e+00,1.721980e+01,8.223479e+00
1.000000e+00,9.021977e+00,2.611192e+01
1.000000e+00,1.504899e+01,2.321197e+01
1.000000e+00,1.013930e+01,-4.730975e+00
1.000000e+00,1.392200e+01,-6.584580e-01
1.000000e+00,9.065678e+00,1.509641e+01
1.000000e+00,1.138457e+01,8.710921e+00
1.000000e+00,1.113333e+01,1.473852e+01
1.000000e+00,1.806866e+01,4.864575e+01
1.000000e+00,1.911997e+01,1.803496e+01
1.000000e+00,1.813998e+01,3.425222e+00
1.000000e+00,1.302016e+01,1.871436e+01
1.000000e+00,1.270772e+01,7.982852e+00
1.000000e+00,1.032587e+01,-7.498630e+00
1.000000e+00,1.034583e+01,-6.612867e-01
1.000000e+00,1.834760e+01,1.411216e+01
1.000000e+00,1.908710e+01,3.277297e+01
1.000000e+00,1.112556e+01,1.837699e+01
1.000000e+00,1.282140e+01,2.291374e+01
1.000000e+00,1.392722e+01,2.148777e+00
1.000000e+00,1.083717e+01,-1.193616e+01
1.000000e+00,1.302567e+01,3.409775e+00
1.000000e+00,1.288142e+01,8.127952e+00
1.000000e+00,9.022579e+00,1.921634e+01
1.000000e+00,1.848884e+01,1.427688e+01
1.000000e+00,1.528404e+01,1.123582e+01
1.000000e+00,1.929933e+01,1.874036e+01
1.000000e+00,1.769347e+01,3.457591e+01
1.000000e+00,1.452466e+01,2.583244e+01
1.000000e+00,1.264278e+01,2.466688e+01
1.000000e+00,9.780319e+00,1.227506e+01
1.000000e+00,1.368694e+01,-4.802164e+00
1.000000e+00,1.003149e+01,1.263931e+01
1.000000e+00,1.133150e+01,2.138578e+01
1.000000e+00,9.884591e+00,-3.213680e+00
1.000000e+00,9.448924e+00,9.535405e+00
1.000000e+00,9.038809e+00,1.147744e+01
1.000000e+00,1.392412e+01,2.003780e+01
1.000000e+00,1.666114e+01,3.577139e+00
1.000000e+00,1.046651e+01,-7.547773e+00
1.000000e+00,9.139124e+00,1.843324e+01
1.000000e+00,1.076671e+01,-8.354964e+00
1.000000e+00,9.980130e+00,2.584352e+00
