9.589068e+00,-4.662015e-01
7.765856e+00,6.198673e-02
1.018562e+01,-3.396221e-01
1.752986e+01,1.146348e-01
1.257597e+01,4.518007e-01
5.578039e+00,3.786585e-01
1.473438e+01,-2.598532e-01
8.954813e+00,-3.843468e-01
6.181091e+00,4.861394e-01
2.402426e+01,2.460361e-01
1.705516e+01,-1.056321e-01
2.386000e+01,1.479901e-01
6.429769e+00,4.646723e-01
1.679780e+01,-2.430303e-01
8.202286e+00,-1.345801e-01
1.873042e+01,4.909928e-01
2.054022e+01,-4.847486e-02
8.246245e+00,-1.782503e-01
1.947830e+01,3.747962e-01
1.354648e+01,2.606495e-01
1.255970e+01,4.603183e-01
2.387689e+01,1.526296e-01
1.455692e+01,-1.850607e-01
1.963532e+01,3.089922e-01
1.186311e+01,3.854953e-01
1.104649e+01,1.743488e-02
2.169326e+01,-4.326671e-01
1.471463e+01,-2.567767e-01
2.219270e+01,-4.339111e-01
2.376340e+01,1.010242e-01
2.086691e+01,-2.182705e-01
1.814309e+01,3.435480e-01
1.076436e+01,-8.922257e-02
5.141709e+00,2.140197e-01
6.387425e+00,5.021749e-01
2.236232e+01,-4.275013e-01
1.738887e+01,5.515252e-02
8.012205e+00,-8.085384e-02
5.330435e+00,2.870304e-01
6.749084e+00,4.291977e-01
1.024939e+01,-3.410507e-01
2.134581e+01,-3.930966e-01
1.023002e+01,-3.163906e-01
1.384866e+01,1.784222e-01
2.403692e+01,2.211056e-01
1.894873e+01,4.392852e-01
1.456050e+01,-2.112133e-01
2.264745e+01,-3.842298e-01
1.293008e+01,4.380834e-01
1.256513e+01,5.045206e-01
6.538781e+00,4.865793e-01
1.125260e+01,9.752035e-02
1.950496e+01,3.684927e-01
9.609241e+00,-4.386769e-01
1.221656e+01,4.619390e-01
1.673077e+01,-2.483763e-01
1.978952e+01,2.641124e-01
1.876609e+01,4.877234e-01
9.516295e+00,-4.992304e-01
2.244935e+01,-4.180883e-01
8.590986e+00,-3.144918e-01
2.422743e+01,3.392825e-01
1.627951e+01,-3.919505e-01
8.506445e+00,-2.795508e-01
1.439627e+01,-1.172448e-01
1.040506e+01,-2.503160e-01
9.222935e+00,-5.051920e-01
2.157887e+01,-4.365174e-01
8.664296e+00,-3.544848e-01
2.337927e+01,-7.081029e-02
6.751942e+00,4.284090e-01
1.462136e+01,-2.357259e-01
1.223552e+01,4.583082e-01
6.052037e+00,4.599011e-01
1.838963e+01,4.348782e-01
1.877277e+01,4.747179e-01
1.409639e+01,1.896691e-02
2.490113e+01,5.191527e-01
1.743910e+01,6.638517e-02
2.033768e+01,3.594837e-02
2.254830e+01,-3.812987e-01
2.241761e+01,-4.482155e-01
2.323318e+01,-1.375868e-01
2.307876e+01,-1.838716e-01
2.028891e+01,6.888874e-02
5.321037e+00,3.045364e-01
1.503346e+01,-3.814156e-01
1.155803e+01,2.801185e-01
1.263188e+01,4.736014e-01
1.929712e+01,4.381644e-01
2.423149e+01,3.003769e-01
1.706643e+01,-1.088706e-01
1.069053e+01,-1.177519e-01
1.254761e+01,4.682526e-01
1.803085e+01,3.105997e-01
1.350380e+01,2.656710e-01
6.947102e+00,3.792055e-01
5.818818e+00,4.190524e-01
1.670233e+01,-2.610517e-01
1.629837e+01,-3.977693e-01
2.268516e+01,-3.862957e-01
2.196149e+01,-4.505225e-01
6.645167e+00,4.224924e-01
9.061484e+00,-4.447691e-01
7.725989e+00,4.669132e-02
2.171494e+01,-4.522923e-01
2.108368e+01,-3.333893e-01
1.877136e+01,4.601220e-01
6.412314e+00,4.977808e-01
1.142086e+01,1.746654e-01
1.054351e+01,-1.854836e-01
2.093457e+01,-2.268033e-01
2.294474e+01,-2.769341e-01
7.795631e+00,1.377642e-02
2.062985e+01,-1.051528e-01
2.188956e+01,-4.638298e-01
2.197696e+01,-4.973947e-01
8.144971e+00,-1.665681e-01
1.481704e+01,-3.255947e-01
2.418751e+01,2.794059e-01
2.281006e+01,-2.997168e-01
8.043740e+00,-9.982233e-02
5.822501e+00,4.232346e-01
1.479338e+01,-2.852335e-01
9.859550e+00,-4.569919e-01
2.412225e+01,2.576791e-01
1.898857e+01,5.148958e-01
1.629994e+01,-3.972423e-01
1.264535e+01,4.613751e-01
2.147142e+01,-4.036019e-01
7.692418e+00,7.014790e-02
9.169548e+00,-4.346743e-01
1.236266e+01,4.845692e-01
9.197906e+00,-4.402130e-01
2.229224e+01,-4.612526e-01
9.104028e+00,-4.377237e-01
5.702006e+00,4.013145e-01
1.021832e+01,-3.298678e-01
2.452365e+01,4.262923e-01
1.669153e+01,-2.433657e-01
2.244202e+01,-4.197909e-01
9.689872e+00,-4.601247e-01
1.367906e+01,2.229984e-01
2.455917e+01,3.872776e-01
2.408713e+01,2.125090e-01
1.979122e+01,3.200140e-01
1.496820e+01,-3.430060e-01
1.434406e+01,-1.006632e-01
2.379117e+01,1.045338e-01
1.971807e+01,3.081690e-01
1.629069e+01,-4.000790e-01
7.250080e+00,2.827545e-01
1.527247e+01,-4.318378e-01
8.262701e+00,-1.858594e-01
1.572962e+01,-4.907761e-01
5.189268e+00,2.139115e-01
2.161608e+01,-4.456921e-01
1.966101e+01,3.305596e-01
1.475924e+01,-2.749628e-01
1.566253e+01,-4.640663e-01
1.624113e+01,-3.985174e-01
1.061744e+01,-1.764659e-01
1.700480e+01,-1.283789e-01
1.379750e+01,1.505705e-01
2.469069e+01,4.245970e-01
6.038239e+00,4.633375e-01
1.517383e+01,-4.070362e-01
2.143367e+01,-3.995953e-01
1.824819e+01,3.968258e-01
1.074786e+01,-1.105508e-01
1.282114e+01,5.001225e-01
2.343239e+01,-4.449053e-02
8.355382e+00,-2.163056e-01
7.671729e+00,7.056672e-02
9.355579e+00,-4.575242e-01
2.323726e+01,-1.522134e-01
1.489513e+01,-3.257396e-01
1.625372e+01,-4.437336e-01
9.369970e+00,-4.646314e-01
1.948964e+01,3.818792e-01
1.581828e+01,-4.588881e-01
1.582663e+01,-4.328159e-01
9.659045e+00,-4.685503e-01
1.169753e+01,3.565031e-01
1.083939e+01,-9.620628e-02
8.299046e+00,-2.013215e-01
1.401836e+01,4.463874e-02
9.001155e+00,-4.300432e-01
2.364051e+01,5.145065e-02
1.564683e+01,-4.756936e-01
6.428209e+00,4.724799e-01
2.224053e+01,-4.694442e-01
1.099874e+01,4.191408e-02
2.470233e+01,4.520752e-01
7.936588e+00,-3.298719e-02
1.529730e+01,-4.566698e-01
2.457751e+01,3.923954e-01
1.068946e+01,-1.477137e-01
1.707125e+01,-8.049970e-02
1.156678e+01,2.563308e-01
