1.783077e+01,-1.433283e+00
2.078297e+01,-5.293804e+00
7.355121e+00,-8.653322e+00
1.872551e+01,1.898701e+01
1.941720e+01,3.807521e+00
2.454996e+01,7.807544e+00
1.991835e+01,7.255375e+00
1.289636e+01,2.164297e+01
1.105808e+01,-1.523586e+01
1.667280e+01,-1.143173e-01
2.474288e+01,-4.824587e-01
1.766154e+01,1.294456e+01
8.371361e+00,1.166528e+01
7.509536e+00,-3.740024e+00
1.776762e+01,-3.120094e+00
1.443522e+01,3.165622e+00
1.445774e+01,2.240659e+01
8.658916e+00,9.051811e+00
1.022952e+01,1.213215e+00
2.320618e+01,1.075271e+01
1.678091e+01,-8.057476e+00
2.305707e+01,1.464706e+01
2.361194e+01,2.416792e+01
1.214556e+01,1.415600e+01
1.295516e+01,1.413053e+01
1.462628e+01,6.349554e+00
2.320990e+01,3.289791e+01
2.206851e+01,3.644692e+00
1.383244e+01,6.290330e+00
1.621736e+01,-3.653740e+00
1.286079e+01,2.217455e+01
2.055477e+01,7.876188e+00
2.342193e+01,2.829653e+01
1.489681e+01,1.149085e+01
2.310260e+01,2.613545e+01
2.151133e+01,1.535469e+01
1.672371e+01,1.053441e+01
2.003969e+01,-6.445730e+00
1.437916e+01,1.884377e+01
1.010887e+01,1.342247e+01
1.754829e+01,1.001098e+01
2.333035e+01,1.387198e+01
2.042299e+01,-7.332000e+00
9.340818e+00,2.843859e+00
1.611977e+01,1.708062e+01
2.416307e+01,1.204310e+00
9.280856e+00,-1.551815e+01
1.514062e+01,-6.329916e+00
2.240977e+01,1.224844e+01
1.910815e+01,1.801041e+01
1.906926e+01,-2.000839e+00
1.693401e+01,3.967726e+01
1.110292e+01,-1.765248e+00
1.531198e+01,9.478210e+00
8.699030e+00,7.228171e+00
1.195086e+01,1.132119e+01
2.425358e+01,2.118162e+01
1.978501e+01,2.002084e+01
2.278743e+01,4.567747e+00
2.236750e+01,1.959258e+01
1.116483e+01,1.061933e+01
1.835055e+01,-6.708051e-01
1.700339e+01,2.035853e+01
1.391757e+01,7.916285e+00
7.207791e+00,-9.566787e+00
2.215980e+01,1.880377e+01
9.688608e+00,5.330070e-01
2.133391e+01,2.541760e+01
9.237209e+00,-2.809237e+00
1.094612e+01,9.398832e+00
1.210584e+01,6.449379e+00
1.718454e+01,4.264252e+01
7.565016e+00,2.058132e+01
1.594436e+01,1.418477e+01
1.133787e+01,7.275665e+00
1.750312e+01,3.186030e+00
2.306109e+01,2.867151e+01
1.518391e+01,1.161513e+01
1.810708e+01,-8.365284e-02
2.095291e+01,1.386137e+01
1.534410e+01,6.227182e+00
2.326177e+01,7.921971e+00
2.162398e+01,2.257957e+01
2.494510e+01,1.822263e+01
1.577458e+01,2.014595e+01
9.764408e+00,-1.531723e+00
2.095073e+01,8.080092e+00
1.530074e+01,9.005392e+00
2.248055e+01,2.463902e+01
2.361229e+01,-1.581679e+00
2.054457e+01,1.637463e+00
9.524001e+00,1.486587e+01
9.996338e+00,1.224440e+01
1.051440e+01,-2.727221e+00
1.156730e+01,1.079411e+01
1.948521e+01,2.150831e+01
1.990251e+01,-3.263809e-01
1.575987e+01,1.926217e+01
2.065618e+01,1.482007e+01
2.348383e+01,-7.087909e-01
1.408409e+01,1.627254e+01
2.092969e+01,8.577736e+00
1.525222e+01,1.669276e+01
1.367308e+01,2.378393e+00
2.478708e+01,1.420116e+01
1.533724e+01,1.683203e+01
7.651532e+00,6.553199e+00
2.077200e+01,2.975097e+00
1.049324e+01,-6.033028e+00
1.282441e+01,-2.184658e+01
1.389169e+01,2.441366e+01
1.037394e+01,9.807473e+00
1.093815e+01,6.856159e+00
7.432809e+00,2.139207e+00
1.650640e+01,3.639214e+00
1.607280e+01,2.206341e+01
1.811114e+01,2.169880e+01
1.570658e+01,1.677100e+01
2.229824e+01,1.999151e+01
1.815842e+01,1.214841e+01
1.960449e+01,7.114635e+00
1.269930e+01,4.675254e+01
8.266522e+00,-2.903614e+00
2.055420e+01,1.110635e+00
1.296063e+01,-1.971179e+01
1.659708e+01,1.898043e+01
1.718766e+01,-1.342889e+01
9.870746e+00,6.594772e+00
1.376137e+01,2.027938e+00
1.624194e+01,1.910955e+01
1.951730e+01,1.768916e+01
1.795440e+01,6.499063e+00
1.299779e+01,3.416749e+01
1.971585e+01,2.581291e+01
1.792476e+01,1.637921e+01
1.043415e+01,7.139384e+00
1.219937e+01,1.069173e+01
7.500266e+00,1.025005e+01
1.724957e+01,2.294776e+01
2.350475e+01,1.066710e+01
8.612614e+00,8.073229e+00
1.182945e+01,-5.620193e-01
2.083709e+01,5.213821e-01
8.994405e+00,6.200413e+00
1.955605e+01,2.399867e+01
1.609528e+01,7.496769e+00
2.241545e+01,4.896363e+00
1.456973e+01,4.779455e+00
1.589804e+01,1.010073e+01
2.491280e+01,8.761620e+00
1.523168e+01,1.376369e+01
2.465663e+01,-9.930761e+00
1.726528e+01,1.159029e+01
1.424023e+01,9.809050e+00
1.243440e+01,1.013777e+00
1.076415e+01,9.491727e+00
1.696678e+01,1.257952e+01
2.358506e+01,-4.309326e+00
1.053596e+01,-3.967242e+00
1.639162e+01,-5.783368e-01
2.229215e+01,4.900260e+00
2.275711e+01,2.817440e+01
1.418570e+01,9.346749e+00
9.632920e+00,9.460720e+00
2.218947e+01,2.908515e+00
1.770841e+01,1.841009e+01
2.008167e+01,1.907283e+01
1.124104e+01,1.100654e+01
1.241978e+01,-1.785711e+01
1.886439e+01,-6.848783e+00
2.167850e+01,1.847521e+01
2.156662e+01,9.098592e+00
2.095894e+01,2.544893e+00
1.712028e+01,1.732226e+01
1.220784e+01,-4.804414e+00
1.339763e+01,3.331683e-01
1.968348e+01,3.068325e+01
1.886969e+01,1.406867e+01
2.298396e+01,-5.633480e-01
1.843689e+01,-1.908097e+01
2.399809e+01,1.081966e+01
2.086254e+01,1.693548e+01
1.970371e+01,2.139363e+01
2.067303e+01,1.331745e+01
8.497554e+00,5.257094e+00
1.997719e+01,8.249605e+00
1.200028e+01,5.418865e+00
1.739571e+01,-1.253731e+01
2.128291e+01,1.942804e+01
2.149039e+01,1.909955e+01
1.701279e+01,1.601250e+00
9.505678e+00,3.794266e+00
1.639429e+01,1.364712e+01
2.087384e+01,-5.000178e+00
1.187615e+01,-2.183819e-01
2.404975e+01,1.399925e+01
8.184081e+00,-6.974560e+00
2.120789e+01,9.109245e+00
1.115004e+01,2.032062e+00
2.414503e+01,2.931775e+00
