1.477442e+00,-4.295881e-01
-1.693978e-01,-7.953604e-01
6.487447e-01,4.853442e-01
4.397167e-01,8.841602e-01
3.135274e-01,9.766285e-01
3.432613e-01,7.404655e-01
1.290407e+00,7.829041e-01
7.167708e-01,-2.713010e-02
7.171281e-01,-2.123201e-03
5.631673e-01,1.388281e-01
-1.151652e-01,1.103544e-01
2.195168e-01,1.915233e-01
1.111309e+00,4.820881e-01
1.087327e+00,9.332763e-01
7.647971e-01,2.834701e-03
-1.129163e-01,-9.183183e-02
-4.982236e-01,-2.491530e-01
1.063370e+00,3.241646e-01
5.857819e-01,-4.048341e-01
8.468510e-01,9.623843e-01
1.176449e+00,8.126905e-01
8.107214e-01,6.847257e-01
-1.751311e-01,7.558307e-01
1.088028e+00,9.323266e-01
1.319499e+00,4.226585e-01
9.249031e-01,1.390578e-01
-7.337325e-01,8.922363e-01
6.593291e-01,8.548011e-01
3.328270e-01,6.531352e-01
-2.687557e-01,8.869074e-02
7.674828e-01,8.971195e-01
7.839374e-01,6.220117e-01
6.778632e-02,4.283686e-01
-3.013468e-01,-6.216230e-01
-4.515908e-01,1.123098e-02
1.833169e-02,8.192694e-01
1.446606e+00,9.740602e-01
2.208601e+00,8.340373e-01
8.024396e-01,5.306415e-01
9.561780e-01,5.596061e-01
3.576743e-01,1.970117e-01
4.219783e-02,9.028406e-01
8.534044e-01,7.972552e-01
1.227056e+00,3.240279e-01
1.033715e+00,6.286427e-01
8.144922e-01,8.004375e-01
1.329772e+00,7.312172e-01
9.967153e-01,4.289105e-01
-1.319174e-01,5.240412e-03
1.170943e+00,5.456517e-01
1.087295e-01,2.856500e-01
6.226313e-01,4.325286e-01
3.463544e-01,8.037935e-01
-3.468791e-01,3.962885e-02
9.204444e-01,7.306182e-01
-6.324599e-02,2.643873e-01
-6.351523e-01,-8.125683e-01
-2.336276e-01,1.506010e-01
-7.187020e-01,-7.187579e-03
-1.807360e-01,4.968581e-01
1.528200e-01,6.333429e-02
1.167603e+00,7.442755e-01
2.100460e-01,3.225846e-01
-3.494030e-01,3.539419e-01
6.733987e-01,3.993223e-01
6.037352e-01,-3.620649e-01
-1.970721e-01,3.271475e-02
5.383446e-01,-3.632349e-01
5.758612e-01,9.996129e-01
9.110065e-01,8.022964e-01
9.480651e-01,3.855316e-01
5.000793e-01,1.072315e+00
1.325496e-01,6.157224e-01
1.634117e+00,7.584438e-01
5.651996e-01,-1.928005e-02
1.295391e+00,2.903017e-01
7.171433e-01,1.138067e+00
1.617941e-02,-2.713469e-01
-2.145407e-01,-5.249005e-02
8.254394e-01,3.091913e-01
1.819295e+00,5.114516e-01
6.731254e-02,-7.762237e-01
-2.552819e-01,3.950694e-01
-7.324973e-02,-4.257533e-02
6.541700e-02,9.224833e-02
-4.311607e-02,5.298851e-01
3.701693e-01,3.858199e-02
9.233812e-01,4.550057e-01
1.553104e-01,2.308179e-01
5.057590e-01,5.536715e-01
1.049300e+00,3.761688e-01
1.032482e+00,3.837517e-01
1.052486e-01,1.571921e-02
-2.369552e-01,3.369399e-01
1.175531e+00,1.504774e+00
5.782483e-01,7.146118e-01
1.870898e+00,3.480283e-01
7.830736e-01,3.679150e-01
1.692908e-02,1.458846e-02
4.782371e-02,-2.343204e-01
3.819083e-01,9.888077e-01
-3.317461e-01,1.460686e-01
4.138206e-01,-3.524070e-01
1.500670e+00,1.872862e-01
1.049063e+00,1.209599e-01
1.231609e+00,7.637162e-01
9.397059e-02,5.879446e-01
1.916645e+00,9.715290e-01
1.118880e+00,9.335741e-01
-4.411333e-01,5.833339e-03
-3.017943e-01,1.366440e-01
8.822056e-01,7.643474e-01
9.094878e-01,4.313497e-01
7.478533e-01,3.303717e-01
4.470938e-01,7.211983e-01
3.310987e-01,1.427808e-01
-2.742217e-01,4.327905e-01
4.182662e-01,8.795784e-01
4.278929e-01,-1.792800e-01
6.498470e-01,5.736684e-01
-1.624745e-03,2.005992e-01
3.522294e-01,5.683159e-03
5.774216e-01,7.420521e-02
1.663647e+00,1.103402e+00
-9.490443e-01,-6.907283e-03
7.496794e-01,1.101849e+00
6.941665e-01,5.569566e-01
1.206076e-01,-7.279040e-02
5.795806e-01,6.090014e-01
2.966541e-01,1.478934e-02
1.480112e+00,9.000449e-02
1.600595e+00,7.480938e-01
4.331250e-02,5.404801e-01
1.390907e+00,8.548961e-01
2.083870e-01,8.780601e-01
-9.192495e-01,7.190133e-01
4.100916e-01,1.490293e-01
-8.613741e-01,-2.364638e-01
5.888037e-01,6.719101e-01
8.027717e-02,3.556859e-02
1.653618e+00,1.017046e+00
-2.082784e-01,1.496121e-01
-2.189216e-01,-5.560291e-01
3.902218e-01,2.077818e-01
1.170617e+00,9.140462e-01
4.042729e-03,1.182016e-01
1.131115e+00,2.005438e-01
9.533975e-01,9.160181e-01
7.257944e-01,2.314215e-01
3.234560e-01,6.692281e-01
-3.901646e-01,-3.240010e-01
1.277576e+00,1.225497e+00
-8.084725e-01,-1.818096e-01
1.931557e+00,7.478779e-01
1.650622e+00,5.514359e-01
6.788814e-01,5.239058e-01
1.221044e-01,5.715691e-01
-5.364611e-01,-3.672187e-01
8.423167e-01,5.611788e-01
1.365553e+00,1.515784e-01
1.188987e+00,1.113164e-02
1.469866e+00,1.895502e-02
9.579901e-01,-6.571333e-03
-2.339772e-01,1.120384e-02
1.399847e+00,6.962794e-01
2.927696e-01,1.693393e+00
-2.008228e-01,9.332341e-01
-8.051996e-01,9.718007e-02
-4.251952e-01,7.131254e-01
9.197479e-01,8.519461e-01
3.870802e-01,2.261720e-01
-4.373510e-03,1.342925e+00
1.773463e+00,4.512378e-01
1.553439e+00,8.686076e-01
-4.458690e-01,1.613908e-01
1.387152e+00,7.335056e-01
9.720920e-01,5.152734e-01
-3.353538e-02,-4.713449e-01
-4.980221e-01,1.993322e-01
1.065171e+00,-2.469153e-01
4.098217e-01,-2.707257e-01
-4.624660e-01,-5.228604e-01
1.045291e+00,5.936415e-01
1.409933e+00,1.578599e+00
9.203554e-01,9.799913e-01
-4.546450e-01,4.779697e-01
7.021867e-01,1.276824e+00
-1.081573e-01,1.244774e+00
4.191447e-01,6.859970e-01
3.098147e-01,-8.440494e-04
1.433318e+00,1.060479e+00
1.079223e+00,8.224346e-01
8.289050e-01,-4.221828e-02
1.066879e+00,4.006897e-01
1.142584e+00,6.421071e-01
6.589397e-01,6.866057e-01
9.257999e-01,8.139224e-01
1.859235e-01,-4.975319e-01
-3.973291e-01,-2.121320e-01
6.921001e-01,1.431753e-01
