1.000000e+00,2.082829e+01,7.230624e-01
1.000000e+00,2.414091e+01,3.435413e-01
1.000000e+00,7.349656e+00,6.636902e-01
1.000000e+00,9.858826e+00,-1.175848e-01
1.000000e+00,1.669507e+01,9.539814e-01
1.000000e+00,1.089319e+01,9.218742e-01
1.000000e+00,2.464439e+01,1.113893e+00
1.000000e+00,1.733354e+01,-1.474617e-01
1.000000e+00,2.436757e+01,1.560588e+00
1.000000e+00,6.244691e+00,9.606788e-01
1.000000e+00,1.274691e+01,1.047432e+00
1.000000e+00,1.241533e+01,1.801891e+00
1.000000e+00,1.901772e+01,5.316767e-01
1.000000e+00,4.878499e+00,2.654186e-01
1.000000e+00,2.442438e+01,4.477023e-01
1.000000e+00,1.476480e+01,3.632085e-01
1.000000e+00,1.796304e+01,1.412344e+00
1.000000e+00,1.182499e+01,5.147635e-01
1.000000e+00,1.351030e+01,1.478237e+00
1.000000e+00,1.943476e+01,3.216431e-01
1.000000e+00,2.002210e+01,-3.111127e-01
1.000000e+00,2.368853e+01,3.413127e-01
1.000000e+00,2.115056e+01,4.762273e-01
1.000000e+00,1.212369e+01,-1.466740e-01
1.000000e+00,1.928325e+01,3.566273e-01
1.000000e+00,3.831884e+00,1.381931e-01
1.000000e+00,2.335942e+01,2.837610e-01
1.000000e+00,2.039649e+01,8.489333e-01
1.000000e+00,2.081600e+01,2.726254e-01
1.000000e+00,7.834368e+00,8.872408e-01
1.000000e+00,2.292925e+01,2.249959e+00
1.000000e+00,2.452390e+01,2.423947e-01
1.000000e+00,1.943214e+01,5.729101e-01
1.000000e+00,3.746411e+00,2.228309e-01
1.000000e+00,1.163333e+01,3.591086e-01
1.000000e+00,1.020413e+01,6.345670e-01
1.000000e+00,1.844480e+01,1.023675e+00
1.000000e+00,1.737245e+01,2.019536e+00
1.000000e+00,5.520436e+00,1.492645e+00
1.000000e+00,1.416442e+01,8.121008e-01
1.000000e+00,1.000702e+01,5.805899e-01
1.000000e+00,1.672692e+01,-4.864245e-02
1.000000e+00,1.729394e+01,-7.537455e-02
1.000000e+00,1.539863e+01,1.249284e+00
1.000000e+00,1.343017e+01,1.299773e+00
1.000000e+00,1.663077e+01,1.272330e-01
1.000000e+00,4.702067e+00,-1.005384e+00
1.000000e+00,6.098560e+00,1.500325e+00
1.000000e+00,6.256598e+00,2.943560e-01
1.000000e+00,1.439277e+01,-3.250179e-01
1.000000e+00,1.852620e+01,1.402915e+00
1.000000e+00,6.832248e+00,5.296547e-01
1.000000e+00,2.102677e+01,1.200012e-02
1.000000e+00,1.705384e+01,-2.211588e-01
1.000000e+00,8.758958e+00,3.021318e-01
1.000000e+00,7.334435e+00,1.425078e+00
1.000000e+00,1.582497e+01,2.532324e-01
1.000000e+00,1.189751e+01,-6.841595e-01
1.000000e+00,2.346822e+01,7.225386e-01
1.000000e+00,8.986805e+00,2.176673e-01
1.000000e+00,5.143733e+00,1.320314e+00
1.000000e+00,1.883190e+01,1.244185e+00
1.000000e+00,9.733672e+00,1.140011e+00
1.000000e+00,3.747624e+00,1.404582e+00
1.000000e+00,6.302127e+00,1.174435e+00
1.000000e+00,1.434551e+01,8.688622e-01
1.000000e+00,2.360008e+01,1.543545e+00
1.000000e+00,2.483850e+01,9.694945e-01
1.000000e+00,1.710945e+01,1.193053e+00
1.000000e+00,4.656608e+00,1.304463e+00
1.000000e+00,8.275983e+00,-2.043895e-01
1.000000e+00,1.494018e+01,1.039234e+00
1.000000e+00,1.046699e+01,9.426725e-01
1.000000e+00,1.721034e+01,6.180772e-01
1.000000e+00,9.608590e+00,-6.861320e-01
1.000000e+00,3.608783e+00,5.560796e-01
1.000000e+00,1.452213e+01,1.752216e+00
1.000000e+00,6.011389e+00,-5.909687e-01
1.000000e+00,1.214918e+01,1.803638e-01
1.000000e+00,2.451813e+01,7.891957e-01
1.000000e+00,5.365775e+00,2.984328e-01
1.000000e+00,2.048663e+01,1.561168e+00
1.000000e+00,4.357052e+00,1.192417e+00
1.000000e+00,7.479254e+00,8.010900e-01
1.000000e+00,1.699453e+01,9.147679e-01
1.000000e+00,2.152553e+01,9.619326e-01
1.000000e+00,1.259224e+01,1.238912e+00
1.000000e+00,1.657324e+01,1.112870e+00
1.000000e+00,2.497211e+01,1.722863e+00
1.000000e+00,7.588076e+00,1.380149e+00
1.000000e+00,1.087721e+01,-1.040805e-01
1.000000e+00,1.278180e+01,9.818242e-01
1.000000e+00,8.614926e+00,3.306352e-01
1.000000e+00,1.841511e+01,1.845492e+00
1.000000e+00,8.510609e+00,6.917957e-01
1.000000e+00,2.064888e+01,1.525136e+00
1.000000e+00,1.446272e+01,4.468092e-01
1.000000e+00,8.135628e+00,4.011769e-01
1.000000e+00,1.790807e+01,1.043312e+00
1.000000e+00,1.341787e+01,1.586950e+00
1.000000e+00,2.412806e+01,2.535674e+00
1.000000e+00,1.531752e+01,7.361748e-01
1.000000e+00,5.368851e+00,4.813032e-01
1.000000e+00,1.363731e+01,1.169302e+00
1.000000e+00,1.795391e+01,1.418795e+00
1.000000e+00,5.520400e+00,9.179968e-01
1.000000e+00,1.648289e+01,2.036104e-01
1.000000e+00,2.490080e+01,7.722847e-01
1.000000e+00,7.276155e+00,7.624147e-01
1.000000e+00,1.286036e+01,-1.204889e-01
1.000000e+00,9.172282e+00,1.582801e+00
1.000000e+00,4.229783e+00,1.576592e+00
1.000000e+00,1.324280e+01,1.411105e+00
1.000000e+00,1.357352e+01,6.410858e-01
1.000000e+00,1.252725e+01,1.404982e+00
1.000000e+00,4.542961e+00,-3.395881e-01
1.000000e+00,9.935646e+00,6.237960e-01
1.000000e+00,1.662531e+01,-3.595005e-01
1.000000e+00,2.349636e+01,5.659198e-02
1.000000e+00,4.485408e+00,-3.326962e-01
1.000000e+00,1.087612e+01,-6.013544e-01
1.000000e+00,3.596249e+00,6.406301e-01
1.000000e+00,1.929025e+01,6.013047e-01
1.000000e+00,2.446902e+01,-2.865739e-01
1.000000e+00,9.044147e+00,-3.095423e-02
1.000000e+00,7.249195e+00,1.855894e+00
1.000000e+00,1.038183e+01,7.491379e-01
1.000000e+00,8.164781e+00,8.850762e-01
1.000000e+00,6.491584e+00,1.030726e+00
1.000000e+00,2.135103e+01,6.759850e-01
1.000000e+00,1.390076e+01,5.021487e-01
1.000000e+00,1.574889e+01,1.225733e+00
1.000000e+00,6.393988e+00,-3.117116e-02
1.000000e+00,3.414946e+00,4.930909e-01
1.000000e+00,9.676624e+00,1.413879e+00
1.000000e+00,2.208115e+01,6.728150e-01
1.000000e+00,2.194040e+01,1.404701e+00
1.000000e+00,4.032336e+00,6.409261e-01
1.000000e+00,8.313724e+00,2.052727e-01
1.000000e+00,2.485086e+01,1.380176e+00
1.000000e+00,1.278123e+01,5.185405e-01
1.000000e+00,1.227203e+01,1.692924e-01
1.000000e+00,1.265918e+01,-3.731666e-01
1.000000e+00,2.463805e+01,-4.347095e-01
1.000000e+00,6.686902e+00,-1.807093e-02
1.000000e+00,1.592522e+01,1.353293e+00
1.000000e+00,6.644467e+00,1.205256e+00
1.000000e+00,1.627186e+01,2.769050e-01
1.000000e+00,6.487683e+00,1.829040e-01
1.000000e+00,2.287839e+01,6.276508e-01
1.000000e+00,9.793306e+00,4.685510e-01
1.000000e+00,1.325997e+01,1.256187e+00
1.000000e+00,2.156835e+01,1.360471e+00
1.000000e+00,2.378000e+01,2.157809e+00
1.000000e+00,1.236209e+01,1.401235e+00
1.000000e+00,7.802027e+00,1.368581e+00
1.000000e+00,3.640903e+00,-2.997779e-02
1.000000e+00,2.462359e+01,6.491002e-01
1.000000e+00,1.497637e+01,1.540422e+00
1.000000e+00,2.368946e+01,2.531978e+00
1.000000e+00,2.449968e+01,1.638524e+00
1.000000e+00,2.426670e+01,1.168308e+00
1.000000e+00,1.415671e+01,6.661704e-01
1.000000e+00,7.924749e+00,1.466146e+00
1.000000e+00,5.259179e+00,1.204879e+00
1.000000e+00,2.025456e+01,2.027056e+00
1.000000e+00,5.544421e+00,7.599357e-01
1.000000e+00,2.241380e+01,1.693538e+00
1.000000e+00,1.201753e+01,1.095613e+00
1.000000e+00,6.311938e+00,-4.085272e-01
1.000000e+00,8.573961e+00,-9.799042e-01
1.000000e+00,2.477779e+01,2.246688e+00
1.000000e+00,2.318337e+01,-2.426122e-01
1.000000e+00,1.192508e+01,4.057851e-01
1.000000e+00,8.900657e+00,-2.130079e-01
1.000000e+00,7.440169e+00,8.461720e-01
1.000000e+00,1.474485e+01,-7.333146e-02
1.000000e+00,1.044179e+01,-2.492705e-01
1.000000e+00,1.193398e+01,6.445434e-01
1.000000e+00,4.532803e+00,-1.562898e-01
1.000000e+00,1.786538e+01,4.440029e-01
1.000000e+00,2.044750e+01,1.781875e+00
1.000000e+00,5.424079e+00,2.119068e+00
1.000000e+00,1.455277e+01,5.166618e-01
1.000000e+00,7.396391e+00,9.039636e-02
1.000000e+00,5.773974e+00,8.148344e-01
1.000000e+00,1.233116e+01,8.546117e-01
1.000000e+00,3.686723e+00,-2.539440e-01
1.000000e+00,8.509360e+00,3.071012e-01
1.000000e+00,1.027207e+01,7.702668e-01
1.000000e+00,1.690668e+01,-1.007334e+00
1.000000e+00,5.017381e+00,1.926003e-01
1.000000e+00,2.087446e+01,5.109205e-01
1.000000e+00,1.342036e+01,1.890341e+00
1.000000e+00,3.869311e+00,3.014789e-01
1.000000e+00,1.700430e+01,3.476437e+00
1.000000e+00,1.723085e+01,2.317262e-01
1.000000e+00,1.713367e+01,-2.422382e-01
1.000000e+00,1.360643e+01,-3.501662e-01
1.000000e+00,2.107017e+01,3.715410e-01
