3.954700e+00,7.536000e-01
1.469600e+01,5.380500e+00
3.826700e+00,2.552600e+00
1.496680e+01,-1.957500e+00
4.815400e+00,-1.610800e+00
4.945900e+00,1.881000e-01
1.030660e+01,1.936500e+00
5.762000e+00,3.355200e+00
1.113490e+01,4.312600e+00
5.695300e+00,2.430100e+00
1.866760e+01,1.048000e-01
3.680800e+00,1.006000e-01
1.742490e+01,3.152000e+00
1.785860e+01,4.568800e+00
1.071530e+01,3.210600e+00
1.632250e+01,3.251800e+00
1.429730e+01,2.891900e+00
1.245460e+01,1.998800e+00
1.232540e+01,4.221900e+00
1.914920e+01,5.737000e+00
5.631600e+00,-5.453000e-01
9.354000e+00,4.307800e+00
5.456400e+00,6.051000e-01
7.244100e+00,2.315500e+00
1.418110e+01,3.524600e+00
8.838300e+00,5.211200e+00
3.023200e+00,4.118000e-01
1.385240e+01,1.539800e+00
1.094180e+01,4.812100e+00
7.097000e+00,2.611100e+00
4.415000e+00,-1.348200e+00
1.230230e+01,4.388300e+00
1.921720e+01,5.373600e+00
9.522900e+00,3.479300e+00
9.677400e+00,1.243700e+00
1.061050e+01,-1.440900e+00
6.841200e+00,3.163200e+00
1.775120e+01,-1.479800e+00
1.141460e+01,4.828100e+00
8.496100e+00,3.665000e-01
5.668000e+00,1.218300e+00
1.123320e+01,4.204100e+00
1.885960e+01,2.133700e+00
1.936530e+01,2.375200e+00
1.885620e+01,4.240800e+00
1.538540e+01,2.844500e+00
1.207170e+01,3.975000e+00
1.486870e+01,-2.847000e+00
1.049270e+01,3.492700e+00
1.237390e+01,6.754700e+00
5.771100e+00,2.598900e+00
1.101430e+01,4.963100e+00
3.878800e+00,3.531800e+00
1.023200e+01,3.596800e+00
1.834950e+01,4.692200e+00
4.588700e+00,2.226400e+00
5.302700e+00,2.293700e+00
1.974200e+00,1.814000e-01
1.546490e+01,-2.608000e-01
2.046200e+00,5.131400e+00
1.680780e+01,2.956100e+00
1.570330e+01,-1.600100e+00
2.551700e+00,3.580900e+00
9.862000e+00,3.350700e+00
1.408570e+01,4.362100e+00
1.649860e+01,4.437300e+00
3.239700e+00,3.932100e+00
1.446950e+01,3.744200e+00
1.674670e+01,3.430900e+00
3.091100e+00,1.992700e+00
1.844620e+01,3.588500e+00
6.950300e+00,4.518400e+00
3.466900e+00,2.582400e+00
1.900070e+01,4.342200e+00
1.027940e+01,2.491500e+00
7.428200e+00,1.192000e+00
3.629600e+00,8.252000e-01
1.353690e+01,3.402900e+00
1.832820e+01,8.221000e-01
1.576900e+01,7.025000e+00
1.402000e+01,-2.535400e+00
5.134100e+00,9.392000e-01
4.445800e+00,6.529000e-01
6.553800e+00,4.160700e+00
1.271150e+01,-1.962700e+00
9.690100e+00,2.337100e+00
5.308500e+00,1.694100e+00
7.386200e+00,1.542600e+00
1.480010e+01,4.619900e+00
1.118300e+01,2.619100e+00
1.212190e+01,3.410600e+00
1.466900e+01,1.463100e+00
5.767900e+00,5.478800e+00
1.291300e+01,7.439200e+00
1.362730e+01,-4.562400e+00
7.721500e+00,2.749200e+00
1.849270e+01,2.563500e+00
1.927040e+01,6.256000e-01
4.158900e+00,4.295800e+00
1.141830e+01,6.210000e-02
9.411600e+00,-2.286000e+00
9.776300e+00,7.754000e-01
1.257480e+01,2.795900e+00
4.395500e+00,4.000000e-02
1.830880e+01,3.357400e+00
9.651900e+00,9.279200e+00
8.026600e+00,5.748200e+00
2.470600e+00,6.460000e-01
1.211720e+01,6.439200e+00
1.301170e+01,2.401000e+00
3.201700e+00,2.899000e+00
1.103550e+01,3.225000e+00
1.916390e+01,2.715500e+00
3.715300e+00,-5.025300e+00
1.351980e+01,2.858600e+00
1.365880e+01,1.426200e+00
1.178610e+01,2.207500e+00
1.285810e+01,7.488000e-01
3.847500e+00,1.920200e+00
8.751200e+00,2.104300e+00
2.866600e+00,3.968600e+00
4.834400e+00,6.289400e+00
6.234100e+00,-3.918000e-01
5.490600e+00,-2.259000e-01
1.107180e+01,-8.651000e-01
1.586240e+01,4.868800e+00
1.691050e+01,2.878600e+00
3.538200e+00,2.934200e+00
1.005580e+01,8.098000e-01
1.293030e+01,3.664200e+00
5.566100e+00,4.148500e+00
4.317800e+00,1.803700e+00
9.106100e+00,4.565200e+00
7.920800e+00,9.451000e-01
5.719900e+00,4.727000e-01
2.373300e+00,3.189600e+00
1.943850e+01,2.108200e+00
1.460390e+01,5.590400e+00
5.173300e+00,4.354700e+00
2.516600e+00,4.641000e-01
1.879020e+01,2.173700e+00
1.435980e+01,5.018900e+00
9.870000e+00,4.308000e-01
6.501800e+00,2.783700e+00
1.003200e+01,2.253700e+00
6.162800e+00,2.721200e+00
1.205010e+01,3.746700e+00
3.923400e+00,9.120000e-01
1.226490e+01,-4.559700e+00
1.193670e+01,4.553800e+00
1.541780e+01,1.819000e+00
1.322390e+01,5.445000e+00
1.242150e+01,5.965900e+00
1.146220e+01,5.454100e+00
2.737900e+00,9.249000e-01
1.319720e+01,2.506200e+00
4.643200e+00,2.780000e-01
7.491600e+00,2.486500e+00
1.477130e+01,-1.794200e+00
1.207290e+01,2.762000e+00
1.773610e+01,1.826900e+00
1.610900e+01,2.131000e+00
4.594900e+00,2.288900e+00
2.494100e+00,3.636000e-01
3.382100e+00,2.823600e+00
1.809580e+01,6.614600e+00
6.746100e+00,-1.503200e+00
1.379430e+01,3.356600e+00
6.081800e+00,9.660000e-01
1.479800e+01,6.081600e+00
1.236730e+01,3.444000e+00
1.267440e+01,6.734300e+00
1.753100e+01,5.385200e+00
3.469300e+00,4.846800e+00
1.432230e+01,2.587600e+00
8.781300e+00,6.130600e+00
2.545000e+00,-1.442000e-01
6.941400e+00,-1.510000e-01
1.360770e+01,5.414200e+00
1.895730e+01,-3.296200e+00
5.873100e+00,3.910500e+00
1.886930e+01,6.482000e+00
4.589100e+00,2.881000e+00
1.907810e+01,1.676700e+00
1.512540e+01,9.004100e+00
1.490510e+01,-5.964000e-01
9.487100e+00,5.844900e+00
8.349200e+00,8.118000e-01
8.460100e+00,2.768200e+00
1.320300e+01,2.823700e+00
1.065750e+01,1.311200e+00
1.225490e+01,8.586000e-01
4.771700e+00,4.485500e+00
1.666540e+01,2.450200e+00
2.630800e+00,4.283000e+00
1.409940e+01,5.519000e-01
2.466600e+00,4.306000e-01
1.019990e+01,-8.747000e-01
1.753010e+01,9.056800e+00
1.816100e+01,6.204000e-01
