6.750574e+00,2.272972e+00
1.108025e+01,-1.425846e-01
1.572961e+01,2.362291e+00
2.407002e+01,-7.120410e-01
1.537511e+01,1.320720e+00
1.397683e+01,-1.205203e+00
5.264509e+00,5.649069e-01
2.078340e+01,-9.313649e-02
2.028344e+01,-2.319112e+00
3.260474e+00,2.212387e+00
1.333664e+01,1.356407e+00
1.935655e+01,1.659658e+00
2.359953e+01,-4.699629e-01
6.778153e+00,2.136289e+00
8.671480e+00,1.664684e+00
1.593443e+01,1.460547e+00
1.076887e+01,-1.271873e-01
1.097178e+01,-1.334423e+00
4.850544e+00,-5.720391e-01
1.324684e+01,1.750005e+00
1.706097e+01,7.476423e-01
1.066694e+01,-3.094688e-01
1.097160e+01,4.276471e-02
1.854617e+01,2.450760e+00
5.718441e+00,2.126683e+00
2.157753e+01,3.293175e+00
1.537073e+01,2.682760e+00
1.114376e+01,-1.879455e+00
2.455023e+01,9.332173e-01
1.282287e+01,2.769891e+00
1.646052e+01,1.351221e+00
2.030435e+01,-8.140059e-01
1.321785e+01,9.582928e-01
1.270559e+01,1.800780e+00
2.108902e+01,-6.011081e-01
3.803114e+00,2.004649e+00
1.337380e+01,1.138583e+00
9.955947e+00,1.831721e+00
1.067405e+01,-2.111885e-01
1.856039e+01,3.918827e+00
8.292321e+00,9.531186e-01
1.584474e+01,3.259450e+00
6.152026e+00,2.495341e+00
5.836959e+00,1.855901e+00
2.424084e+01,-6.610744e-02
1.303648e+01,1.088785e+00
2.410925e+01,3.324521e-01
2.406554e+01,9.717067e-01
2.307819e+01,-1.627361e-01
3.613479e+00,1.448681e+00
1.449759e+01,8.448779e-01
2.141048e+01,3.413581e+00
2.097538e+01,1.141264e+00
9.145901e+00,1.332674e+00
2.220457e+01,2.986568e+00
1.527589e+01,2.492695e+00
1.312205e+01,9.400719e-01
2.306631e+01,6.665108e-01
1.971996e+01,1.610797e-01
7.620996e+00,-3.399875e-01
1.277462e+01,2.314273e+00
2.053229e+01,1.098107e-01
2.242070e+01,4.032948e+00
8.649319e+00,1.097741e+00
1.749736e+01,-1.428182e+00
1.354222e+01,7.806204e-01
1.823507e+01,6.891539e-01
4.213488e+00,-1.570389e+00
1.220328e+01,2.301410e+00
1.253172e+01,2.918650e+00
2.110681e+01,2.487243e-01
4.116859e+00,-3.537860e-01
1.780803e+01,-1.509150e+00
2.003132e+01,7.331580e-01
2.286560e+01,7.995572e-01
1.513198e+01,1.127034e+00
4.154438e+00,-1.526501e-01
1.977361e+01,6.246466e-01
1.516901e+01,2.878343e+00
1.624703e+01,2.427137e+00
1.111292e+01,-1.114980e+00
1.008957e+01,-5.921048e-01
2.416681e+01,1.608542e+00
2.350813e+01,-2.307908e+00
2.391528e+01,-1.085678e+00
2.269766e+01,-1.231494e-01
7.534134e+00,-9.088577e-01
1.671166e+01,-2.506578e-01
1.665732e+01,7.166947e-01
1.900770e+01,2.733214e+00
1.332604e+01,1.758629e+00
2.308886e+01,-3.858260e-01
9.188648e+00,2.607106e+00
1.320176e+01,9.205756e-01
2.342845e+01,-2.126549e+00
6.444902e+00,2.663327e+00
2.453730e+01,4.604784e-01
8.015735e+00,3.190858e-01
8.904759e+00,2.858015e+00
1.840228e+01,2.772658e+00
4.495316e+00,-1.585872e+00
2.092308e+01,9.268737e-01
1.025276e+01,9.158666e-01
1.865477e+01,2.953796e+00
6.883522e+00,2.021069e+00
5.574972e+00,2.049837e+00
1.430229e+01,-1.115026e+00
3.746408e+00,2.897050e+00
6.199110e+00,3.540830e+00
1.506037e+01,-2.272710e-01
2.490037e+01,2.193588e+00
8.715291e+00,1.233687e+00
9.616671e+00,2.196236e+00
1.772229e+01,-2.723491e-01
2.229884e+01,-3.095397e-01
1.266994e+01,1.748850e+00
1.017655e+01,4.276649e-01
3.387230e+00,9.834022e-01
2.038232e+01,-1.953810e-01
9.397106e+00,1.547328e-02
1.183282e+01,1.790651e+00
1.843671e+01,1.906366e+00
3.373458e+00,2.300979e+00
7.203529e+00,-7.262083e-02
1.306066e+01,4.261145e+00
5.107234e+00,1.155673e-01
6.109262e+00,2.883128e+00
7.059347e+00,2.333070e+00
2.354488e+01,-2.535987e+00
2.184774e+01,2.497647e+00
1.782456e+01,-7.271328e-01
1.111725e+01,-1.483644e+00
4.651004e+00,-3.790766e-01
8.802362e+00,1.693920e+00
1.807403e+01,-1.382101e-01
1.812939e+01,4.064803e-01
8.610771e+00,-4.294794e-01
2.442898e+01,2.231099e+00
1.384907e+01,3.595025e-02
1.130529e+01,-4.167357e-01
1.152065e+01,-8.220941e-01
9.651570e+00,3.194263e+00
2.461653e+01,1.949600e+00
1.935711e+01,2.235727e+00
1.599281e+01,5.469967e+00
8.748241e+00,2.930805e+00
1.784929e+01,1.386823e+00
1.159780e+01,5.197774e-02
2.144125e+01,1.944815e+00
1.331805e+01,8.354325e-02
4.703359e+00,-2.688895e-01
5.274208e+00,-7.182801e-01
2.007632e+01,-4.616527e-01
1.893047e+01,3.737769e+00
3.322161e+00,8.812789e-01
2.490316e+01,1.302725e+00
3.746031e+00,2.605159e+00
1.704039e+01,-1.424681e+00
2.014230e+01,-7.783301e-01
1.194618e+01,1.589273e+00
7.836440e+00,-2.264371e-01
4.387799e+00,1.194056e+00
1.601289e+01,2.905953e+00
8.726646e+00,1.288233e+00
9.235571e+00,2.637472e+00
1.500987e+01,2.516970e-01
1.655321e+01,-7.256178e-01
2.391631e+01,-1.146837e+00
7.676139e+00,-3.998859e-01
1.369615e+01,-1.249371e-01
2.002279e+01,-7.714079e-01
1.418831e+01,-1.225745e+00
1.773714e+01,-6.961947e-01
2.301029e+01,-1.506044e+00
2.012092e+01,-1.048160e+00
1.440309e+01,-4.675973e-01
2.057185e+01,-1.208379e+00
1.026899e+01,9.135746e-02
1.176022e+01,1.733308e+00
3.933761e+00,8.790020e-01
1.745480e+01,-2.126654e+00
1.545310e+01,4.716798e+00
2.150723e+01,1.862760e+00
5.970533e+00,2.495929e+00
4.791441e+00,1.131705e+00
2.014740e+01,-5.956918e-01
1.310642e+01,2.313382e+00
2.494688e+01,3.225570e+00
2.151648e+01,1.614477e+00
1.995219e+01,-5.676226e-01
5.707194e+00,8.016784e-01
2.495517e+01,3.801327e+00
2.014021e+01,1.180825e+00
2.415522e+01,5.195736e-01
1.601793e+01,6.100485e-01
2.280035e+01,1.274004e+00
1.549515e+01,2.122289e+00
1.902513e+01,4.321227e+00
1.523600e+01,1.573447e+00
1.507230e+01,1.506514e+00
