1.621569e+01,6.755138e+00
1.786037e+01,2.108867e+00
1.800555e+01,2.611362e+00
1.536286e+01,-4.364310e+00
1.357903e+01,7.312024e+00
1.902313e+01,5.925362e+00
1.017196e+01,4.585963e+00
1.779656e+01,5.238438e-01
1.716703e+01,7.930302e+00
8.966166e+00,-8.233610e-02
1.003877e+01,3.042575e+00
1.267625e+01,-5.249442e+00
1.719963e+01,-3.508265e+00
8.839591e+00,4.084633e+00
1.170942e+01,8.831395e+00
9.071258e+00,7.775725e+00
8.451206e+00,9.724959e+00
1.013370e+01,-2.093327e+00
7.250253e+00,-2.760100e+00
1.300488e+01,1.219013e+01
1.753637e+01,1.184463e+01
1.808340e+01,2.130330e+01
1.894826e+01,5.610048e+00
1.250225e+01,1.385277e+01
7.005470e+00,9.140809e+00
7.489658e+00,2.672210e+00
1.841993e+01,1.811612e+01
1.243312e+01,1.390676e+01
1.851072e+01,4.289512e+00
1.166652e+01,1.252459e+01
8.190742e+00,-3.026951e+00
8.707199e+00,7.234459e+00
1.520380e+01,1.443507e+01
9.200468e+00,2.157513e+00
1.830077e+01,6.071776e+00
7.234874e+00,5.930587e+00
1.160024e+01,-1.833797e+00
1.709000e+01,3.529533e+00
1.761925e+01,1.306663e+01
1.918247e+01,1.776191e+01
1.680988e+01,9.597996e+00
1.979953e+01,1.582816e+01
1.881356e+01,4.775374e+00
8.600246e+00,-3.085521e+00
1.081265e+01,-6.570102e+00
1.472352e+01,-1.524213e-01
1.107920e+01,1.413830e+01
1.973451e+01,6.144345e+00
1.707306e+01,7.136103e+00
1.433490e+01,5.171679e+00
1.613525e+01,2.286613e+00
7.479023e+00,-7.169242e+00
1.838765e+01,1.751855e+00
9.474723e+00,2.570824e+01
1.190055e+01,-3.182079e+00
1.408469e+01,5.111991e+00
1.713371e+01,5.972955e+00
1.360230e+01,-2.831617e+00
1.701499e+01,9.796004e+00
1.838027e+01,1.083321e+01
1.297112e+01,5.243563e+00
1.725948e+01,3.807816e+00
1.206560e+01,9.117327e+00
1.017334e+01,1.453649e-01
1.382506e+01,7.509618e+00
1.885479e+01,6.280933e+00
1.816170e+01,1.722004e+01
1.004600e+01,5.223809e+00
7.356350e+00,-1.877699e+00
1.836191e+01,6.614673e+00
1.047453e+01,3.698298e+00
1.182252e+01,2.131936e+00
9.921569e+00,2.134370e+00
9.506547e+00,5.751875e+00
1.210680e+01,-1.502796e-01
1.752803e+01,1.556372e+01
1.464566e+01,2.201883e+00
1.821868e+01,6.193733e+00
1.298433e+01,8.090416e+00
1.613952e+01,8.576309e-01
1.627999e+01,6.586477e+00
8.591606e+00,6.153465e-01
1.303552e+01,6.322646e+00
1.885735e+01,1.401492e+01
1.051882e+01,2.164719e+01
1.858562e+01,6.384439e+00
1.373288e+01,6.116669e+00
1.597667e+01,7.941221e+00
1.411963e+01,4.239309e+00
1.539520e+01,1.091448e+01
1.684900e+01,-5.773800e+00
1.654643e+01,4.352867e+00
1.064816e+01,3.474533e+00
8.523355e+00,-1.177602e+00
1.489915e+01,1.258648e+00
1.979344e+01,1.449268e+01
1.556365e+01,-3.365035e+00
9.563417e+00,1.356971e+00
9.763263e+00,1.954890e+01
1.784931e+01,3.622234e+00
1.808706e+01,1.432970e+01
1.477911e+01,7.498661e+00
1.977306e+01,1.786552e+00
1.255445e+01,5.609939e+00
1.484674e+01,-2.348853e+00
8.075188e+00,-2.782296e+00
1.255111e+01,1.798409e+00
8.466958e+00,5.448343e+00
1.487983e+01,3.033791e+00
1.727635e+01,6.460374e+00
9.228830e+00,1.054211e+01
1.043650e+01,5.149682e+00
1.417681e+01,-4.233372e+00
1.021585e+01,1.402278e+01
1.743874e+01,1.267960e+01
9.541110e+00,-3.745430e+00
7.434821e+00,-3.176907e+00
1.318326e+01,6.491356e+00
1.985382e+01,1.057136e+01
1.716307e+01,1.845281e+00
1.013598e+01,2.653570e+00
1.418225e+01,7.493370e+00
7.753666e+00,2.123739e+00
1.994189e+01,9.358507e+00
1.276960e+01,5.408142e+00
1.579013e+01,7.365034e+00
1.425421e+01,6.932814e+00
1.750892e+01,-4.586755e+00
1.996281e+01,1.377335e+01
8.574669e+00,6.398667e+00
1.933433e+01,1.075654e+01
8.304587e+00,1.162899e+01
1.012777e+01,5.486730e+00
1.437795e+01,6.313039e+00
7.415634e+00,-2.521246e+00
1.026643e+01,-6.812770e+00
1.378442e+01,2.007806e+01
1.410710e+01,1.276343e+01
1.852366e+01,5.646688e+00
1.082731e+01,3.066013e+00
1.980462e+01,-1.757971e+00
1.738606e+01,1.737592e+01
1.580023e+01,8.077658e+00
1.119640e+01,3.189109e+00
1.765700e+01,3.162947e+00
1.041175e+01,6.862122e+00
9.440559e+00,3.555665e+00
1.466165e+01,1.332716e+01
1.539502e+01,1.241008e+00
1.072758e+01,6.950815e-01
1.505415e+01,1.322426e+01
1.435197e+01,2.876292e+00
1.773396e+01,1.699627e+01
1.678045e+01,1.798063e+01
1.383386e+01,2.856300e+00
1.217662e+01,1.445339e+01
1.854024e+01,9.502248e+00
1.553062e+01,1.201112e+01
1.671231e+01,9.289656e+00
7.150044e+00,3.431936e+00
1.546600e+01,1.251779e+01
1.636654e+01,1.237335e+01
1.785489e+01,7.435696e+00
8.508569e+00,7.781101e+00
1.786307e+01,7.128049e-01
1.356187e+01,-1.998730e+00
9.835936e+00,7.540601e-01
9.109796e+00,3.031707e+00
7.452554e+00,1.653261e+01
1.620022e+01,7.654244e+00
9.242736e+00,2.471721e+00
1.147769e+01,1.038886e+01
1.254811e+01,-1.597429e+00
7.123082e+00,1.105575e+01
1.441930e+01,2.581457e+00
1.555501e+01,1.861925e+01
1.423662e+01,5.494836e+00
1.159457e+01,2.838970e+00
1.751167e+01,1.936799e+01
1.015999e+01,-3.654270e+00
1.147481e+01,1.751620e+01
1.882315e+01,1.118015e+01
1.541898e+01,5.484728e+00
1.508001e+01,1.594397e+01
1.818801e+01,1.312693e+01
1.023575e+01,1.445833e-02
8.927757e+00,1.450388e+01
1.190936e+01,1.318437e+01
1.929356e+01,7.443726e+00
1.702287e+01,1.099546e+01
1.892262e+01,7.597805e+00
7.482163e+00,6.016152e+00
1.253871e+01,2.267708e+00
7.877699e+00,1.901246e+00
9.546348e+00,6.095990e+00
1.291492e+01,1.708286e+01
1.523490e+01,-3.233897e-01
1.043100e+01,-3.609044e+00
1.414150e+01,3.335457e+00
1.948184e+01,1.509739e+01
