1.711727e-01,1.179820e+00
1.711857e+00,1.664954e+00
3.298760e-01,1.188252e+00
-1.938888e-01,1.584506e+00
8.141758e-01,7.519415e-01
1.477657e+00,1.304938e+00
4.867863e-01,8.662401e-01
1.364460e+00,2.754004e-01
1.357828e-01,1.993018e+00
-3.393040e-02,9.345532e-01
1.485040e-01,1.560376e+00
6.754761e-01,1.428512e+00
4.117146e-01,-1.678375e-01
1.062490e-02,1.016570e+00
1.622100e+00,5.450023e-01
-4.517306e-03,1.678175e+00
-1.774838e+00,7.416871e-01
-2.688271e-01,6.739359e-01
2.436088e+00,8.120180e-01
-3.107471e-01,-6.634822e-01
6.379203e-01,-5.245655e-01
8.940131e-01,7.306190e-01
1.399594e+00,3.152552e-01
-1.199342e+00,9.705964e-01
1.630732e+00,7.277928e-01
2.490148e-01,1.212291e+00
1.744109e+00,-6.467097e-01
1.969318e-03,8.361756e-01
1.147050e+00,1.101348e+00
2.224039e-01,5.323753e-01
4.921463e-01,1.544936e+00
1.182002e-01,2.077888e-01
-7.181958e-01,1.276497e+00
5.915121e-01,-3.054747e-03
5.660879e-01,2.053152e+00
1.202307e+00,1.249662e+00
-3.440535e-01,3.988807e+00
1.228827e+00,5.430966e-02
6.754150e-01,7.136812e-02
-2.203578e-01,8.727875e-01
1.814223e+00,6.698722e-01
5.517811e-01,1.469924e+00
2.849843e-01,2.134438e-01
1.119923e+00,1.111459e+00
1.382572e+00,9.381831e-01
-3.985485e-01,1.917455e+00
-1.286132e+00,1.255400e+00
1.645055e+00,1.569325e+00
3.336036e-01,1.120574e+00
2.049466e-01,1.194254e+00
9.699727e-01,2.594851e-01
2.528335e+00,1.548417e+00
1.280555e-01,6.879565e-02
2.115657e-01,9.199217e-01
2.223667e+00,1.124272e+00
1.651722e+00,3.082152e-01
8.643905e-01,6.621599e-01
1.593474e+00,3.718099e-01
9.518753e-01,3.020625e-01
-7.902745e-01,2.391957e-01
-3.560284e-01,5.011666e-01
9.842729e-01,3.410358e+00
1.736638e+00,6.001799e-01
9.753527e-03,-6.238683e-01
5.539742e-01,1.299671e+00
5.292576e-01,1.719788e+00
2.122962e-02,7.024563e-01
9.494249e-01,2.205718e+00
-6.158410e-02,6.829999e-02
7.303981e-01,7.782768e-01
-6.758604e-01,1.317987e+00
1.128398e+00,5.621008e-01
2.846524e-01,-6.362788e-01
2.004040e-01,1.134127e+00
1.214983e-01,5.711866e-01
1.549523e+00,3.681882e-01
7.266775e-01,1.294313e+00
3.241465e-01,1.127194e+00
2.040654e+00,1.834978e+00
1.529273e+00,1.034195e+00
1.061289e-01,5.621779e-01
-5.914293e-03,1.124074e+00
4.556778e-01,2.052651e-01
-5.001772e-01,9.375864e-01
1.124912e+00,1.939406e+00
1.244641e+00,9.549175e-01
9.093544e-01,2.497639e+00
1.745400e+00,2.251371e+00
-5.122856e-01,1.083363e+00
-7.480204e-01,-7.981469e-01
1.502406e+00,3.364824e-02
2.911753e+00,-2.164526e-02
2.504161e-03,1.827903e+00
1.995540e+00,1.014000e+00
5.911500e-01,1.546150e+00
9.895411e-01,1.343507e+00
-1.419408e-01,2.040949e+00
1.107028e+00,5.628829e-01
-3.673141e-01,6.609726e-01
4.494251e-02,2.925477e+00
3.557964e-02,8.388110e-01
2.211704e+00,4.010214e-02
-4.164844e-01,2.602714e-01
2.806332e-01,6.289172e-01
7.904313e-01,1.569463e+00
3.198896e-01,-3.488345e-01
1.053064e+00,2.012198e+00
-8.776058e-01,-1.040960e-02
-7.989571e-02,1.709112e+00
1.554275e+00,2.077510e+00
6.751613e-01,2.122541e-01
-1.597027e-02,4.360409e-01
-6.640577e-01,-8.903544e-01
-3.028529e-01,-8.444464e-01
-1.053118e+00,7.815962e-01
4.384074e-01,1.109738e+00
2.284853e-01,8.883144e-01
1.961956e+00,-1.721234e-02
9.944128e-01,7.609758e-01
2.421231e-01,1.318033e+00
-2.918632e-01,1.246457e+00
-6.958224e-01,-2.768773e-01
-1.429246e-02,4.170727e-01
1.311810e+00,-8.877690e-01
-2.460831e+00,1.212062e+00
-1.092799e+00,1.516376e+00
5.250782e-03,-5.106104e-01
1.255104e-01,-1.286321e+00
3.103665e-01,2.084752e-01
-5.775946e-01,5.550631e-01
-4.011195e-01,1.575741e+00
6.033263e-01,-4.157898e-01
9.992004e-01,6.263230e-01
1.378105e+00,6.516123e-01
4.937888e-01,-1.298416e+00
7.884664e-01,1.044642e+00
3.088948e-01,7.506261e-01
2.502967e+00,-2.834262e-01
-1.779100e+00,2.819272e-01
1.870708e+00,-1.215891e-01
1.425857e+00,4.452030e-02
-9.108432e-02,6.327582e-01
1.198170e+00,3.863883e-01
1.550199e+00,1.383047e+00
1.679390e-01,1.705497e+00
1.103268e+00,3.350581e-01
-9.667240e-01,1.978546e+00
9.888334e-01,7.671146e-01
1.131473e+00,1.673952e+00
2.919904e-01,1.671174e+00
-8.161947e-01,1.316007e+00
4.648054e-01,9.189397e-02
8.192044e-01,-5.328681e-02
3.193761e-01,8.675660e-01
1.039639e+00,1.224294e+00
7.276960e-01,7.317799e-01
1.193736e+00,1.823382e+00
1.803585e+00,6.040482e-01
-7.517611e-01,9.925649e-01
-3.532863e-01,1.204756e+00
2.838482e-01,-1.081261e-01
8.503306e-01,2.127557e-01
7.275718e-01,-7.382627e-02
2.558920e+00,1.915110e+00
1.292514e+00,1.401703e+00
-8.013686e-01,7.160792e-01
1.340795e+00,-4.570103e-01
-2.106802e-01,-3.464148e-01
9.601912e-01,1.278056e+00
2.544774e-01,-6.328720e-01
1.329266e+00,-5.257244e-01
2.311780e+00,1.616381e+00
-5.837380e-01,8.774070e-01
2.861486e-01,6.568981e-01
1.809920e+00,4.344791e-01
1.704428e+00,8.989463e-02
-6.711893e-01,-9.309606e-02
9.005761e-01,1.205129e+00
2.048191e+00,2.938794e-01
-8.440759e-02,1.343060e+00
2.275360e-01,6.323392e-01
-4.298346e-01,1.238366e+00
1.023156e+00,9.213761e-01
6.369974e-01,1.004320e+00
7.064004e-01,2.910290e-01
1.160024e+00,1.795713e-01
-3.812351e-01,-9.522619e-03
5.577425e-01,8.843142e-01
2.019631e+00,8.152945e-01
4.854976e-01,3.628643e-01
1.440640e+00,1.264670e+00
7.469205e-01,2.845979e-01
-8.302747e-02,7.153950e-01
5.477063e-01,1.489944e+00
-6.021126e-01,-7.520908e-01
9.203573e-01,1.153312e+00
-2.351104e-01,3.680073e-01
4.116001e-01,-6.309230e-01
3.394447e-01,1.561767e+00
-4.082457e-01,1.167521e+00
