7.769300e+00,1.064700e+00
1.622850e+01,3.354000e-01
5.277500e+00,1.046800e+00
2.240050e+01,1.872900e+00
1.306580e+01,1.391200e+00
2.270650e+01,1.922500e+00
2.225250e+01,1.213500e+00
1.474440e+01,4.789000e-01
8.237200e+00,1.783900e+00
2.469100e+01,-6.250000e-02
1.419460e+01,1.550000e-02
2.144720e+01,2.363800e+00
1.162440e+01,1.449300e+00
2.140090e+01,1.274700e+00
2.247850e+01,1.263800e+00
1.418480e+01,1.079800e+00
1.100840e+01,6.407000e-01
1.189680e+01,1.109900e+00
2.203350e+01,2.266800e+00
8.633500e+00,1.817300e+00
2.134530e+01,-7.270000e-01
6.206900e+00,1.113900e+00
1.956170e+01,1.833700e+00
7.782200e+00,5.384000e-01
1.561800e+01,5.041000e-01
2.084370e+01,9.980000e-02
1.156460e+01,1.595800e+00
3.812800e+00,2.480000e-01
9.376000e+00,8.340000e-01
5.964000e+00,4.988000e-01
1.529510e+01,1.822400e+00
2.044770e+01,4.976000e-01
1.861290e+01,7.238000e-01
5.002400e+00,1.117900e+00
2.057000e+01,5.820000e-01
1.234190e+01,7.001000e-01
2.351930e+01,1.671000e-01
1.460550e+01,-3.213000e-01
1.927780e+01,5.623000e-01
1.685100e+01,-9.670000e-01
1.961430e+01,1.967000e-01
9.476900e+00,8.964000e-01
1.999780e+01,1.282800e+00
1.620460e+01,-2.820000e-01
1.909300e+01,1.281900e+00
1.640900e+01,6.306000e-01
5.252000e+00,7.215000e-01
1.633870e+01,1.055400e+00
1.260400e+01,8.468000e-01
1.365410e+01,8.560000e-01
2.044570e+01,8.390000e-02
1.827240e+01,2.159800e+00
2.482760e+01,6.830000e-01
1.967150e+01,1.272400e+00
1.451110e+01,1.394800e+00
2.323680e+01,8.757000e-01
5.084700e+00,3.577000e-01
1.953110e+01,1.557100e+00
1.919460e+01,9.200000e-02
2.143070e+01,7.361000e-01
1.604360e+01,1.093200e+00
1.154370e+01,1.226200e+00
1.648770e+01,1.133900e+00
7.102100e+00,8.216000e-01
1.889430e+01,5.927000e-01
1.052990e+01,9.540000e-02
1.595790e+01,1.378300e+00
1.241440e+01,2.509000e-01
3.200300e+00,1.270200e+00
1.209050e+01,7.394000e-01
2.272500e+01,-4.962000e-01
2.008830e+01,1.521500e+00
7.934800e+00,1.337500e+00
2.153830e+01,8.418000e-01
5.699700e+00,1.373900e+00
6.612500e+00,7.375000e-01
2.192360e+01,2.658000e-01
1.828430e+01,1.993000e-01
1.047420e+01,-1.233000e-01
1.492680e+01,1.329400e+00
1.232400e+01,9.077000e-01
1.319780e+01,3.505000e-01
2.154980e+01,1.113400e+00
1.221090e+01,1.973200e+00
2.379710e+01,1.318100e+00
4.503000e+00,6.312000e-01
1.322320e+01,-4.538000e-01
1.321180e+01,1.574200e+00
8.764600e+00,3.677000e-01
2.107750e+01,5.162000e-01
1.357840e+01,5.423000e-01
1.716590e+01,1.377300e+00
1.577110e+01,9.940000e-02
2.245770e+01,2.344200e+00
5.271000e+00,9.217000e-01
1.244590e+01,4.233000e-01
9.151400e+00,1.446900e+00
1.964580e+01,1.524000e+00
1.954470e+01,1.320700e+00
1.983240e+01,-8.449000e-01
1.096780e+01,1.163300e+00
2.417180e+01,3.536000e-01
1.367990e+01,2.482300e+00
1.416500e+01,-1.099000e-01
8.162400e+00,1.040200e+00
1.115480e+01,1.367300e+00
1.433020e+01,2.442200e+00
2.365290e+01,1.862100e+00
4.535800e+00,4.149000e-01
8.958200e+00,5.504000e-01
1.811080e+01,1.065000e+00
2.003380e+01,1.353500e+00
1.916750e+01,5.192000e-01
1.420250e+01,3.521000e-01
2.393340e+01,1.494500e+00
1.460670e+01,3.437500e+00
2.026770e+01,-6.700000e-01
1.270390e+01,1.224400e+00
2.298530e+01,1.323200e+00
1.719760e+01,5.035000e-01
1.347110e+01,8.591000e-01
2.129470e+01,-2.270000e-02
1.326140e+01,3.860000e-01
2.398030e+01,1.328000e-01
1.299540e+01,4.329000e-01
1.342110e+01,1.450900e+00
4.818500e+00,1.221400e+00
7.418200e+00,5.409000e-01
1.200550e+01,8.880000e-01
1.152900e+01,5.267000e-01
1.105700e+01,1.434600e+00
8.282400e+00,1.539000e+00
1.981250e+01,4.657000e-01
1.381520e+01,8.479000e-01
1.776780e+01,7.937000e-01
5.274600e+00,1.074200e+00
2.364360e+01,5.118000e-01
1.881400e+01,7.301000e-01
1.377510e+01,6.921000e-01
1.028100e+01,2.391800e+00
1.980400e+01,1.963600e+00
1.785000e+01,3.520000e-01
2.165730e+01,1.631400e+00
1.666390e+01,1.354000e-01
1.421340e+01,-2.125000e-01
2.092490e+01,1.754000e-01
4.447200e+00,-1.016200e+00
1.580790e+01,8.705000e-01
3.899600e+00,4.271000e-01
2.121890e+01,1.049100e+00
5.355400e+00,1.299200e+00
2.012990e+01,3.995000e-01
2.498440e+01,2.099600e+00
8.396600e+00,-5.866000e-01
2.198870e+01,1.163200e+00
1.020490e+01,1.402100e+00
2.399300e+01,1.900700e+00
4.422800e+00,-8.483000e-01
1.045080e+01,1.045600e+00
1.896720e+01,2.373000e-01
1.855260e+01,1.085000e+00
1.080470e+01,3.782000e-01
8.016500e+00,-3.370000e-02
3.165600e+00,7.410000e-02
4.808800e+00,1.471000e-01
2.099120e+01,5.515000e-01
2.343040e+01,2.061100e+00
1.779170e+01,2.240000e-01
2.086550e+01,2.261700e+00
1.721800e+01,9.207000e-01
3.102100e+00,5.313000e-01
8.002200e+00,1.961400e+00
1.283100e+01,6.837000e-01
2.482540e+01,3.317000e-01
4.135100e+00,5.700000e-01
3.147300e+00,8.280000e-02
2.448100e+01,1.504900e+00
1.671090e+01,3.463000e-01
5.016800e+00,-5.150000e-02
1.913660e+01,1.555900e+00
2.167680e+01,9.041000e-01
3.797400e+00,2.097000e-01
2.104110e+01,8.123000e-01
3.102900e+00,1.638700e+00
9.510500e+00,1.392500e+00
2.392990e+01,1.529400e+00
5.466400e+00,1.353900e+00
2.005110e+01,1.516800e+00
3.408500e+00,-1.930000e-01
8.081100e+00,1.301000e+00
1.393660e+01,1.816000e+00
1.941480e+01,3.480000e-01
1.020780e+01,2.657200e+00
7.049000e+00,5.569000e-01
1.135460e+01,1.794600e+00
1.064370e+01,1.770000e-02
2.404830e+01,1.232500e+00
2.289980e+01,2.586100e+00
8.748000e+00,-3.168000e-01
2.066470e+01,1.071600e+00
