3.098196e+00,1.950431e-01
1.706569e+00,1.338863e+00
3.058255e+00,6.130131e-01
2.613942e+00,-2.734090e-01
1.521764e+00,1.067174e+00
1.911233e+00,3.364378e-01
2.544949e+00,1.946973e+00
1.580708e+00,1.561247e+00
1.788046e+00,1.218718e+00
1.852312e+00,7.865742e-01
2.574814e+00,1.788780e+00
1.146387e+00,9.671748e-01
1.850038e+00,1.749998e+00
1.856534e+00,1.018964e+00
2.809518e+00,4.525511e-01
1.562852e+00,1.909521e+00
3.052797e+00,6.337375e-01
3.117408e+00,1.962365e+00
1.197580e+00,1.112482e+00
3.076355e+00,1.095457e+00
1.673127e+00,8.910681e-01
2.097459e+00,1.601710e+00
4.035190e+00,1.617298e+00
1.345443e+00,2.213948e+00
1.571003e+00,-5.653478e-02
1.820891e+00,5.895019e-01
2.261338e+00,1.260598e+00
2.783631e+00,7.710880e-01
2.732170e+00,2.262576e+00
1.506898e+00,1.814828e+00
1.700196e+00,1.041059e+00
2.114944e+00,-5.147378e-01
1.985902e+00,7.064793e-01
2.407924e+00,3.991799e-01
2.767106e+00,1.888893e+00
1.890412e+00,-8.795468e-01
2.150254e+00,6.534581e-01
2.874052e+00,8.354816e-01
2.210733e+00,1.012249e+00
2.863363e+00,1.849037e+00
2.337823e+00,9.803899e-01
2.048201e+00,1.603436e+00
1.062042e+00,2.159451e-01
3.414746e+00,9.343897e-01
1.712908e+00,1.220872e+00
1.838432e+00,-5.043512e-01
2.361152e+00,7.951930e-01
1.819506e+00,-4.121350e-01
2.205213e+00,9.496297e-02
-2.180991e-01,7.085336e-01
1.327649e+00,1.594330e+00
3.317539e+00,1.545666e+00
3.041696e+00,2.188386e-01
1.303499e+00,4.172404e-01
1.168772e+00,1.407787e+00
1.935879e+00,-1.415143e+00
1.243352e+00,1.157242e+00
1.160055e+00,1.683016e+00
3.231443e+00,1.358801e+00
3.018948e+00,8.874074e-01
1.805587e+00,8.596422e-01
2.635576e+00,1.045784e+00
1.358002e+00,1.495110e+00
2.210085e-01,1.696273e+00
2.818967e+00,1.732328e+00
3.013642e+00,-2.054100e-01
6.458248e-02,2.064071e+00
1.611796e+00,1.240694e+00
1.362889e+00,9.325905e-01
1.956543e+00,1.916439e+00
2.039658e-01,9.888105e-01
1.966138e+00,1.085708e+00
1.682658e+00,1.136987e+00
2.960961e+00,1.173657e+00
2.698965e+00,8.113081e-02
1.464545e+00,4.420049e-01
2.191187e+00,1.299296e+00
2.707006e+00,-1.239574e+00
1.863320e+00,1.542642e+00
2.874687e+00,6.968693e-01
1.684383e+00,1.556474e+00
1.955360e+00,-1.876068e-01
1.427526e+00,1.439117e+00
1.553502e+00,5.303825e-01
4.242516e+00,5.067559e-01
1.830574e+00,3.003116e+00
2.044294e+00,5.872375e-01
2.565581e+00,9.074374e-01
2.580580e+00,8.818631e-01
1.603101e+00,7.127488e-01
6.383916e-01,2.205573e+00
2.069003e+00,-1.053124e+00
3.229236e+00,-1.966660e-01
1.519708e+00,-5.096368e-01
1.841843e+00,1.276844e+00
1.427570e-02,4.983467e-01
2.013229e+00,1.921466e+00
2.062776e+00,6.459687e-02
-3.046984e-01,8.283726e-01
1.834006e+00,1.459832e+00
2.359466e-01,1.316969e+00
8.920474e-01,2.790335e-01
2.165875e+00,7.478168e-01
2.982447e+00,1.961117e+00
1.171434e+00,5.735580e-02
2.048114e+00,9.579365e-02
1.755007e+00,-1.470275e-01
8.436518e-01,5.458803e-01
1.600264e+00,-3.752685e-01
2.498111e+00,-4.188483e-01
1.764086e+00,5.374192e-01
8.603034e-01,5.249570e-01
1.464110e+00,1.037150e+00
2.238068e+00,-1.574202e-01
1.738676e+00,2.439884e+00
2.658686e+00,1.053420e+00
9.483936e-01,7.934484e-01
1.906182e+00,4.459076e-01
2.449565e+00,6.203544e-01
3.169180e+00,1.186004e+00
2.522172e+00,1.539268e-01
1.690645e+00,2.674593e-01
1.537854e+00,-2.869684e-01
6.763803e-01,2.170122e+00
1.844544e+00,1.008194e+00
1.566175e+00,1.213694e-01
2.797460e+00,-3.844914e-01
2.578819e+00,4.231700e-01
3.281295e+00,1.209873e+00
3.523133e+00,1.412946e+00
2.852012e+00,8.116827e-01
7.765828e-01,-6.083386e-01
2.399477e+00,1.178740e+00
1.219711e+00,6.174506e-01
2.489674e+00,1.674308e+00
2.604796e+00,8.173240e-01
2.032617e+00,7.275022e-01
1.304939e+00,-3.201617e-01
1.109844e+00,1.951673e-01
9.866898e-01,1.457637e+00
1.689268e+00,-1.423782e-01
2.656482e+00,1.475805e+00
2.741740e+00,2.313371e+00
2.235644e+00,-1.249700e-01
1.578826e+00,1.077866e-01
2.633762e+00,3.968919e-01
2.801805e+00,-1.472719e-03
1.926990e+00,4.197766e-01
1.440447e+00,6.616537e-01
9.600773e-01,1.140006e+00
1.764728e+00,1.381963e+00
1.970058e+00,1.632118e+00
1.402516e+00,1.794568e+00
1.855033e+00,7.784735e-01
1.691168e+00,1.456798e+00
2.139281e+00,8.908494e-01
2.547766e+00,-2.907053e-01
2.173795e+00,2.091753e-01
3.881163e+00,1.179477e+00
2.175681e+00,3.009871e-01
1.850721e+00,6.612962e-01
1.804645e+00,8.199536e-01
3.281818e+00,6.792329e-01
2.782717e+00,2.243383e+00
1.739958e+00,-6.246819e-01
1.114656e+00,1.386484e+00
2.841888e+00,2.081970e+00
1.208173e+00,6.075563e-01
2.569630e+00,7.349040e-01
3.003047e+00,-4.712744e-01
5.107260e-01,2.858073e-01
2.751169e+00,2.445326e+00
1.872283e+00,5.438956e-01
2.310700e+00,1.673582e+00
2.869738e+00,9.936326e-02
1.422932e+00,1.012585e-02
3.026796e+00,1.786019e+00
3.016033e+00,1.550324e+00
1.278892e+00,1.727020e+00
2.578733e+00,-6.669850e-01
2.046295e+00,2.333280e+00
1.004582e+00,6.328142e-01
1.749337e+00,1.083803e+00
2.497500e+00,9.517669e-01
2.508874e+00,1.981745e+00
9.011865e-01,1.229271e+00
1.338219e+00,1.281212e+00
1.467034e+00,1.459369e+00
1.516782e+00,-1.137564e-01
1.916154e+00,-5.270117e-01
3.123948e+00,1.789314e-01
1.573756e+00,2.609130e-01
2.177390e+00,-4.425884e-01
1.998247e+00,8.033802e-01
1.079185e+00,-6.682717e-01
1.448514e+00,-2.008650e-01
1.740941e+00,1.572401e+00
1.676162e+00,1.357076e+00
2.775684e+00,2.370066e-01
2.887947e+00,-1.393110e-01
