2.276141e+01,1.051468e+00
1.249814e+01,1.818427e-01
1.890845e+01,1.214924e-01
2.453586e+01,-4.552124e-01
2.426547e+01,-5.905076e-01
2.379052e+01,-1.948164e-01
1.513646e+01,-5.572038e-01
7.733740e+00,3.454177e-01
2.161607e+01,-3.984699e-01
2.150481e+01,-4.015745e-01
2.322467e+01,6.320497e-01
1.843957e+01,-4.786215e-01
1.263766e+01,3.475213e-01
8.671844e+00,-6.499111e-01
9.433344e+00,3.650115e-01
1.430510e+01,-1.156355e-01
2.425811e+01,-5.397492e-01
2.419706e+01,-7.374716e-01
8.367261e+00,-6.788576e-01
1.076063e+01,3.509727e-01
2.259009e+01,8.845973e-01
1.343950e+01,9.477894e-01
9.579917e+00,4.245425e-01
2.322766e+01,4.870169e-01
1.330760e+01,8.498273e-01
9.284933e+00,-1.178484e-01
2.138823e+01,-6.227003e-01
1.514614e+01,-4.476850e-01
9.812323e+00,5.459242e-01
1.791820e+01,-5.015656e-01
2.484063e+01,-2.166096e-02
2.102361e+01,-6.702033e-01
7.936304e+00,1.147365e-02
1.445578e+01,-2.317995e-01
2.215971e+01,2.944387e-01
1.725068e+01,2.065687e-01
7.528101e+00,6.319495e-01
2.102153e+01,-5.745199e-01
1.750814e+01,-1.283260e-01
1.136635e+01,-4.000975e-01
8.047000e+00,-4.627314e-02
1.344661e+01,8.384284e-01
1.658976e+01,8.647251e-01
1.951918e+01,8.405921e-01
2.291702e+01,7.715008e-01
1.706822e+01,3.287679e-01
1.505286e+01,-5.908128e-01
1.282623e+01,4.801754e-01
2.356363e+01,-2.123303e-02
1.494837e+01,-8.694864e-01
1.337827e+01,7.896064e-01
1.258254e+01,9.310651e-02
1.027118e+01,8.034455e-01
2.190469e+01,-5.773932e-02
2.125817e+01,-7.840125e-01
1.914804e+01,7.122155e-01
2.367287e+01,-4.224001e-02
2.100539e+01,-5.282575e-01
1.469601e+01,-6.160871e-01
1.849611e+01,-5.117786e-01
2.013911e+01,5.881404e-01
1.985734e+01,6.971149e-01
2.342687e+01,2.493629e-01
7.207666e+00,8.243086e-01
2.367289e+01,-7.872159e-03
1.597199e+01,4.037177e-01
2.188407e+01,-1.492443e-02
1.736615e+01,-9.767314e-02
1.258660e+01,2.658676e-02
1.749868e+01,-2.977428e-01
1.135281e+01,-3.053275e-01
1.220846e+01,-5.262577e-01
9.991107e+00,9.002959e-01
1.331127e+01,8.933870e-01
1.720504e+01,1.692927e-01
1.405465e+01,1.409499e-01
9.804332e+00,5.289946e-01
2.163661e+01,-3.318322e-01
2.430995e+01,-6.966263e-01
9.388635e+00,1.467088e-01
1.230430e+01,-1.904372e-01
2.195605e+01,1.068675e-01
2.273736e+01,8.210320e-01
7.850762e+00,3.208992e-01
2.096890e+01,-6.787191e-01
2.008060e+01,6.425122e-01
2.035272e+01,1.906421e-01
1.882349e+01,-1.092455e-01
8.004606e+00,-1.073339e-01
1.879895e+01,6.088774e-02
2.468218e+01,-4.180166e-01
1.707897e+01,4.568040e-01
1.510890e+01,-4.289424e-01
1.329543e+01,7.663776e-01
1.087610e+01,4.163774e-01
1.861507e+01,-1.861113e-01
1.919304e+01,4.804190e-01
1.349442e+01,9.409786e-01
2.087672e+01,-5.157788e-01
1.097892e+01,5.247341e-02
1.832587e+01,-7.890899e-01
1.945983e+01,8.715079e-01
2.414753e+01,-6.170931e-01
8.306433e+00,-6.572633e-01
1.891670e+01,2.851746e-01
1.616071e+01,8.145676e-01
2.431511e+01,-6.469817e-01
2.200058e+01,1.332477e-01
1.683405e+01,5.715979e-01
8.850835e+00,-5.381060e-01
1.563936e+01,-2.080608e-02
2.028094e+01,4.751071e-01
1.993278e+01,8.802089e-01
2.150142e+01,-4.106200e-01
1.922503e+01,7.437316e-01
1.241897e+01,-2.115720e-01
2.302767e+01,7.965597e-01
1.239153e+01,-1.023929e-01
9.156111e+00,-4.932575e-01
1.572594e+01,1.648058e-01
1.944161e+01,6.654775e-01
9.187139e+00,-1.678803e-01
1.452980e+01,-4.246307e-01
1.764203e+01,-4.616170e-01
1.200655e+01,-7.227918e-01
1.561353e+01,-1.130702e-01
1.929921e+01,6.610447e-01
2.481691e+01,-3.217586e-01
1.610810e+01,7.906629e-01
1.937896e+01,9.262341e-01
2.380934e+01,-1.491222e-01
2.177096e+01,-1.696514e-01
2.226164e+01,3.943089e-01
1.909147e+01,6.115341e-01
1.229975e+01,-1.950949e-01
1.703520e+01,4.457580e-01
2.162298e+01,-3.978834e-01
9.219957e+00,-3.343373e-02
2.219451e+01,4.243933e-01
1.108026e+01,-5.627396e-02
2.152379e+01,-3.621949e-01
2.028539e+01,3.173760e-01
1.070706e+01,5.724358e-01
9.715307e+00,4.677992e-01
1.727716e+01,2.197605e-01
7.985291e+00,-5.372970e-02
8.587974e+00,-7.235572e-01
1.930018e+01,9.082425e-01
1.814445e+01,-6.900606e-01
1.352763e+01,9.301599e-01
9.528443e+00,2.752346e-01
2.324765e+01,4.323699e-01
1.614991e+01,5.501208e-01
1.261060e+01,1.457012e-01
2.220328e+01,3.280175e-01
2.292314e+01,9.298762e-01
2.073133e+01,-3.868774e-01
1.152411e+01,-5.438002e-01
1.627532e+01,7.723826e-01
2.339523e+01,2.110503e-01
2.493198e+01,-4.118201e-01
7.013515e+00,9.935629e-01
1.560545e+01,-9.667756e-02
7.345864e+00,8.939824e-01
7.046672e+00,7.715180e-01
1.928281e+01,7.873159e-01
1.226896e+01,-4.514446e-01
7.816758e+00,2.979731e-01
2.063683e+01,-1.562147e-01
1.122827e+01,-4.762244e-01
9.829103e+00,7.180701e-01
9.537062e+00,3.162641e-01
1.274785e+01,1.601528e-01
1.611443e+01,6.405750e-01
7.385852e+00,6.597285e-01
1.524689e+01,-4.489932e-01
1.411744e+01,6.723727e-02
9.607425e+00,4.798334e-01
1.757503e+01,-1.412456e-01
1.850529e+01,-4.245415e-01
1.043087e+01,8.151593e-01
1.656117e+01,7.280340e-01
1.602235e+01,6.057452e-01
1.115306e+01,-2.147809e-01
1.008578e+01,1.045181e+00
8.606428e+00,-7.569124e-01
2.402617e+01,-7.123077e-01
1.475674e+01,-6.551549e-01
1.639548e+01,9.451188e-01
1.719221e+01,3.477238e-01
2.491632e+01,-3.457561e-02
1.190095e+01,-6.438789e-01
8.875625e+00,-6.979020e-01
1.117287e+01,-3.667382e-01
1.372933e+01,7.553756e-01
1.190413e+01,-5.488579e-01
2.455024e+01,-6.801097e-01
1.114460e+01,-5.353081e-02
1.488640e+01,-7.723491e-01
1.985020e+01,6.529197e-01
