1.522719e+01,3.042019e+01
1.731455e+01,1.709252e+01
1.727187e+01,2.784700e+00
9.402926e+00,-9.298889e+00
1.760547e+01,6.035344e-01
1.161529e+01,5.015619e+00
1.635000e+01,1.041777e+01
1.214839e+01,-1.402643e+01
1.207860e+01,3.677981e+00
1.455295e+01,8.546899e+00
1.583169e+01,8.246688e+00
1.227231e+01,2.464886e+00
1.329900e+01,1.394986e+01
1.304287e+01,9.419828e+00
1.032127e+01,5.693292e+00
1.631110e+01,3.302522e+01
1.303558e+01,1.313771e+01
1.535526e+01,8.279978e+00
9.397383e+00,3.289117e+01
1.241653e+01,2.100520e+01
1.170807e+01,3.042239e+01
1.066782e+01,9.156081e+00
1.059915e+01,-2.895318e+00
1.712099e+01,1.780202e+01
1.466843e+01,1.733516e+01
1.139613e+01,1.120531e+01
1.147141e+01,1.541890e+00
1.545126e+01,1.006574e+01
1.823986e+01,3.162658e+01
9.173926e+00,1.886096e+00
1.300208e+01,1.679593e+01
1.484154e+01,6.399764e+00
1.421304e+01,2.233175e+01
1.727556e+01,3.625707e+00
1.584546e+01,1.975619e+00
1.309200e+01,2.234001e+01
1.107427e+01,-2.194978e-01
1.111354e+01,3.251911e+00
1.090683e+01,-8.416235e+00
9.612892e+00,1.073939e+01
1.727711e+01,1.481987e+01
1.125960e+01,7.899770e+00
1.194800e+01,2.406816e+01
1.817297e+01,1.369890e+01
1.420111e+01,-9.680257e-01
1.744917e+01,-2.921824e+00
9.584816e+00,7.499524e+00
1.417255e+01,2.640076e+00
1.944067e+01,1.244584e+01
1.869314e+01,1.903073e+01
1.677457e+01,1.785494e+00
1.592291e+01,4.588664e+00
1.775968e+01,-2.400472e+00
1.190143e+01,-3.791173e+00
1.051613e+01,6.925581e+00
1.184459e+01,-1.348965e+01
1.413452e+01,2.826692e+00
1.571144e+01,4.117398e+00
1.463131e+01,3.001171e+00
1.467348e+01,5.784017e+00
1.429417e+01,2.300049e+01
1.418102e+01,2.075119e+01
1.163367e+01,1.953625e+01
1.074793e+01,9.581713e+00
1.010599e+01,7.349760e+00
9.835381e+00,4.363671e+00
1.152835e+01,1.827787e+01
1.775121e+01,1.829609e+01
1.982479e+01,3.894050e+00
1.963518e+01,7.931131e+00
1.094398e+01,1.235028e+01
1.480283e+01,-3.193247e+00
1.404823e+01,1.853117e+01
1.842042e+01,1.161997e+01
1.937630e+01,1.057694e+01
1.361420e+01,-1.344717e+00
1.865635e+01,8.601359e+00
1.409285e+01,2.253579e+01
1.578614e+01,6.177225e+00
1.582295e+01,2.234279e+01
1.540669e+01,1.060254e+00
1.466595e+01,7.619084e+00
1.764825e+01,7.277665e+00
1.518232e+01,2.129201e+01
1.059995e+01,2.360325e+01
1.506608e+01,1.080861e+01
1.884487e+01,1.937328e+00
1.421554e+01,2.484273e+01
1.151800e+01,2.337917e+01
9.814712e+00,-1.114790e+01
1.119424e+01,2.147328e+01
1.406636e+01,-7.976809e+00
1.363180e+01,-1.146390e+00
1.523306e+01,8.515467e+00
1.166828e+01,3.724223e+00
1.904225e+01,-1.278978e+01
9.544986e+00,2.584690e+00
1.263672e+01,1.074723e+01
1.479221e+01,1.412913e+01
1.688125e+01,-3.438935e-01
9.443406e+00,3.210828e+00
1.989616e+01,9.581773e+00
1.940252e+01,1.538022e+01
1.254820e+01,6.841388e+00
1.322828e+01,2.137630e+01
1.113989e+01,2.027173e+00
1.360345e+01,3.782617e+01
1.798768e+01,6.786127e+00
1.651820e+01,9.901857e+00
1.991031e+01,2.106828e+01
1.699247e+01,7.817005e+00
9.568006e+00,-2.419921e+00
1.710671e+01,3.157629e+00
1.199547e+01,2.465692e+00
1.513530e+01,9.103152e+00
1.878965e+01,2.470769e+01
1.436074e+01,1.423701e+01
1.563340e+01,-2.465933e+01
9.906351e+00,1.817090e-01
9.467459e+00,-3.582573e+00
9.640250e+00,2.051738e-01
1.409434e+01,7.560523e+00
1.524326e+01,1.923244e+01
1.709095e+01,1.485741e+01
1.454348e+01,8.126152e+00
1.751325e+01,1.818491e+01
1.860668e+01,8.820873e+00
1.463930e+01,6.795041e+00
1.818751e+01,3.532868e+00
1.898188e+01,1.902191e+01
1.324655e+01,5.557220e+00
1.409347e+01,1.729221e+01
1.782392e+01,4.442903e+00
1.728932e+01,9.342598e+00
1.585873e+01,3.657589e+00
1.233483e+01,2.178630e+01
1.092008e+01,1.566417e+00
1.542799e+01,-3.222222e+00
1.179589e+01,1.207349e+01
1.552852e+01,1.069417e+01
1.391105e+01,3.396530e+00
1.377145e+01,1.060446e+01
1.544316e+01,1.780061e+01
1.499821e+01,1.268641e+01
1.750905e+01,2.453421e+01
1.111130e+01,2.484282e+01
1.983948e+01,1.217068e+01
1.063573e+01,-3.359018e-01
1.273469e+01,3.240308e+01
1.032002e+01,1.467219e+01
1.713251e+01,6.643579e+00
1.733414e+01,1.518497e+01
1.896302e+01,3.849221e+01
1.183921e+01,2.102194e+01
1.899679e+01,2.329558e+01
1.503952e+01,1.603045e+01
1.937416e+01,9.649843e+00
1.687722e+01,6.688456e+00
1.350742e+01,-5.874505e+00
1.653101e+01,1.121702e+01
1.146839e+01,2.563424e+01
1.111797e+01,3.146966e+00
1.894558e+01,1.632484e+01
1.493489e+01,7.997596e-01
1.191815e+01,-2.145888e+01
1.695114e+01,1.973720e+01
1.247266e+01,2.665977e+00
1.039292e+01,7.211566e+00
9.236257e+00,1.423984e+01
1.176244e+01,-1.884512e+00
1.024007e+01,1.919751e+00
1.210691e+01,3.092866e+00
1.456539e+01,2.091068e+01
1.051147e+01,1.585128e+01
1.294173e+01,2.046210e+01
1.053388e+01,3.031344e+01
1.097870e+01,1.024957e+01
1.566472e+01,2.296701e+01
1.104281e+01,2.487157e+01
1.997534e+01,7.420878e+00
1.520704e+01,1.828321e+01
1.026139e+01,-1.945244e+00
1.567915e+01,3.036397e+01
1.001965e+01,2.052615e+01
1.669554e+01,6.776802e+00
1.229018e+01,2.094876e+01
1.438723e+01,3.817967e+00
1.077157e+01,8.250505e-02
1.215599e+01,2.506235e+00
9.760890e+00,1.677153e+01
1.064197e+01,1.060061e+01
1.424151e+01,2.668146e+01
1.623864e+01,3.901831e+00
1.620756e+01,1.989067e+01
1.149782e+01,5.142483e+00
1.183316e+01,1.215845e+01
1.258818e+01,7.566136e+00
1.447820e+01,8.771375e+00
1.538396e+01,3.348976e+01
1.873759e+01,1.223799e+01
