4.455270e+00,3.679751e+00
2.895158e+00,1.982331e+00
3.677903e+00,-9.328344e-02
3.789448e+00,2.818361e+00
7.275613e+00,8.378176e-01
6.584913e-01,4.729447e-02
2.052958e+00,3.830305e+00
5.920399e+00,6.119779e+00
8.375973e+00,1.992868e+00
8.430571e+00,3.242013e+00
1.069688e+00,1.417916e+00
6.707604e+00,2.632668e+00
6.627087e+00,2.599266e+00
3.887956e+00,2.992447e+00
6.083910e+00,6.482214e-01
5.652571e+00,2.991616e+00
6.482888e+00,4.996534e+00
1.933415e+00,3.469838e+00
7.300026e+00,1.706361e+00
5.507308e+00,3.859416e-01
3.442308e+00,3.718263e+00
4.737473e+00,2.023775e+00
4.796018e+00,1.568702e+00
7.277951e+00,4.448640e+00
9.447069e+00,2.969679e+00
7.839250e+00,3.494444e+00
4.658602e+00,3.155057e+00
4.952650e+00,2.680295e+00
6.172170e+00,4.320061e+00
6.797963e+00,3.942660e+00
3.188049e+00,3.494754e-01
8.654282e+00,4.165579e+00
1.988427e+00,3.951743e+00
3.557255e+00,3.382255e+00
1.885340e+00,3.482002e+00
8.085662e+00,4.626805e+00
2.249665e+00,2.989259e+00
3.857304e+00,3.828537e+00
2.666036e+00,-3.107584e-01
7.588729e+00,2.734278e+00
7.977133e+00,4.915710e+00
4.636113e+00,3.224084e+00
4.025946e+00,1.531507e+00
7.645538e+00,1.781612e+00
3.247101e+00,2.642538e+00
4.996260e+00,-9.321693e-02
7.320671e+00,3.512552e+00
5.641108e+00,1.736326e+00
3.446690e+00,3.696639e+00
4.083872e+00,3.046411e+00
9.268554e+00,3.065334e+00
7.779792e+00,3.873380e+00
4.377674e+00,4.733645e+00
5.211745e+00,4.474098e+00
1.574225e+00,2.015773e+00
4.271192e+00,1.331717e+00
4.510116e+00,1.831788e+00
6.724524e+00,3.990987e+00
2.345250e+00,1.249587e+00
4.769843e+00,2.295266e-01
8.430275e+00,3.282136e+00
9.455286e+00,3.894189e-01
4.046567e+00,2.131763e+00
1.872095e+00,2.264270e+00
2.302756e+00,3.080803e-01
3.098458e+00,-2.903337e-01
7.286435e+00,3.163325e+00
4.440469e+00,1.123057e+00
-4.507851e-02,2.605310e+00
1.556753e+00,-1.611122e-01
6.549901e+00,3.305885e+00
7.132077e+00,2.219547e+00
1.779555e+00,3.793382e+00
-2.173955e+00,-2.937964e+00
9.022783e+00,-1.033776e+00
4.646179e+00,6.143492e-01
4.665604e+00,4.521466e+00
3.654594e+00,3.439725e+00
9.087336e+00,1.384715e+00
5.416761e+00,7.076119e-01
4.520379e+00,1.079251e+00
5.625776e+00,4.720148e+00
1.048578e-01,4.678826e+00
2.423577e+00,4.880662e+00
3.370421e+00,-7.652515e-01
5.289376e+00,3.637559e+00
6.705757e+00,1.772860e+00
5.436919e+00,5.169782e+00
1.340769e+00,4.102848e+00
5.410187e+00,-2.091911e+00
4.215365e+00,-3.010911e-01
4.787964e+00,5.384868e+00
2.507788e+00,-9.278369e-01
3.669355e+00,7.098676e+00
4.594795e-01,-4.836291e-01
7.815932e-01,-4.848171e-01
2.273240e+00,2.666628e+00
1.113640e+01,5.392931e+00
5.673635e+00,2.860569e+00
5.227392e+00,2.503236e+00
6.137568e+00,8.130345e-01
3.808970e+00,3.709188e+00
6.427181e+00,3.447624e+00
3.855436e+00,4.082648e+00
2.398412e+00,1.965403e+00
9.597160e+00,1.394165e+00
-8.369684e-01,2.384989e-01
2.778362e-02,3.041792e+00
2.560952e+00,-1.276490e+00
7.174885e+00,1.828653e+00
1.168450e+00,-9.696647e-02
6.681092e+00,5.543047e-01
4.978141e+00,2.602028e+00
1.430812e+00,2.144358e+00
1.864689e-01,3.325600e+00
1.248409e+01,5.515054e+00
3.487116e+00,-3.088131e+00
3.862609e+00,3.513337e+00
1.382034e+00,2.963404e+00
5.464489e+00,2.609115e+00
3.750151e+00,4.442027e-01
8.685496e+00,4.237823e+00
7.016876e+00,3.203828e+00
5.064338e+00,1.451802e+00
3.176785e+00,7.171741e-01
6.415677e+00,6.119788e+00
3.856824e+00,-6.989662e-01
3.934280e+00,4.137391e+00
1.584789e+00,1.440460e+00
5.492928e+00,-4.663687e-01
3.186828e+00,1.999438e+00
6.853895e+00,3.089874e+00
2.869718e+00,2.015388e-01
1.327671e+00,-1.180319e+00
3.529459e+00,-5.828225e-02
9.000220e+00,4.127317e+00
6.415192e+00,3.231576e+00
9.334749e+00,4.879470e+00
6.909522e+00,3.112481e+00
3.012971e-01,-1.030704e+00
5.645470e+00,8.919362e-01
4.782977e+00,-2.313746e+00
3.846947e+00,2.509189e+00
1.037771e+00,1.376190e+00
1.003851e+01,8.810638e+00
6.969323e+00,4.241547e+00
4.654436e+00,3.986133e-01
2.305798e+00,2.660783e-01
6.928702e+00,3.955796e+00
5.116071e+00,5.737544e-01
1.384524e+00,-1.704631e+00
6.135327e+00,1.489810e+00
1.439014e+01,7.619497e-01
3.739565e+00,2.823804e+00
6.689772e+00,-7.688840e-01
4.318880e+00,1.944568e+00
5.594150e+00,4.776358e+00
5.446984e+00,-1.485216e+00
4.000855e+00,3.299598e-01
4.929739e+00,2.143950e+00
7.729353e+00,4.012511e+00
7.443577e+00,1.368384e+00
6.551397e+00,3.222468e+00
9.449197e+00,6.282030e+00
3.487638e+00,-9.502732e-01
4.019494e+00,4.835709e+00
2.822523e+00,2.503423e+00
6.965503e+00,1.744197e+00
2.301817e+00,1.931283e+00
1.372163e+00,1.264736e+00
1.169438e+01,8.293222e-01
8.234571e+00,4.834064e-01
4.496940e+00,3.568464e+00
3.599999e+00,-2.186363e+00
-9.705382e-01,1.992799e+00
7.880544e+00,-2.245662e-01
5.726554e+00,1.823801e+00
2.592221e+00,3.067511e+00
6.924194e+00,1.744320e+00
7.903418e-01,4.589062e-01
1.880488e+00,1.894968e+00
8.512762e+00,-2.097681e+00
4.020835e+00,4.452966e+00
9.118891e+00,4.543334e+00
1.733033e+00,-9.053758e-01
4.279342e+00,3.299343e+00
6.011623e+00,4.776384e+00
7.123515e+00,1.353877e+00
5.547504e-01,9.417907e-02
2.537685e+00,3.233280e+00
-8.447022e-01,5.139979e-01
5.194817e+00,3.855553e+00
5.158004e+00,4.305776e+00
2.534592e+00,1.219551e+00
3.779323e-01,1.264117e+00
2.398260e+00,2.605221e+00
5.035468e+00,2.406253e+00
8.217327e+00,3.020095e+00
6.679232e+00,3.617324e+00
4.348707e+00,2.758643e+00
7.114387e+00,-3.345023e-01
-1.045247e+00,7.911171e-01
6.081746e+00,2.262736e+00
3.739870e+00,2.417325e+00
2.443559e+00,-4.612329e-01
6.565992e+00,3.664734e+00
7.228113e+00,2.263722e+00
7.232712e+00,5.385765e+00
6.991728e+00,-2.962046e-01
5.249587e+00,-6.472370e-01
6.046172e+00,8.548596e-01
3.051758e+00,1.284140e-01
8.031464e+00,1.609956e+00
7.438056e+00,3.217163e+00
6.023841e+00,3.302457e+00
-3.819279e-01,-1.331624e+00
7.767227e+00,1.457693e+00
2.194311e+00,1.066763e+00
9.386969e+00,2.820179e+00
-2.135651e-01,1.516879e+00
7.193075e+00,6.319029e+00
2.010339e+00,5.885311e-01
-1.545674e-01,1.526206e+00
7.756009e+00,1.993095e+00
5.796458e+00,-7.953638e-01
3.672413e+00,9.106247e-02
3.583798e+00,8.484505e-03
6.332652e+00,1.614724e+00
6.439488e+00,-2.548917e+00
2.135727e+00,-3.758822e-01
2.991197e+00,3.875543e+00
5.885396e+00,6.075585e-01
3.194366e+00,-1.593817e+00
6.414464e+00,2.049422e+00
8.650182e+00,4.159051e+00
3.978831e+00,5.116880e-01
6.768793e+00,3.208592e+00
4.676624e+00,2.025849e-01
1.054609e+01,2.190968e+00
8.907666e+00,1.455096e+00
1.572196e+00,2.222026e+00
7.920652e+00,-6.359653e-01
7.261036e+00,2.162814e-01
3.349628e+00,5.035332e+00
7.352285e+00,4.482622e+00
7.826893e+00,4.579420e+00
3.803178e+00,9.939762e-01
3.730659e+00,2.215227e-01
9.252413e+00,3.322931e+00
2.739628e+00,2.333253e+00
9.895987e+00,3.114822e+00
6.790245e+00,2.188494e-01
4.801282e+00,3.493606e+00
1.083571e+01,4.549250e+00
8.465766e+00,-8.439785e-01
6.909253e+00,6.326503e+00
1.020277e+01,4.076105e+00
1.767976e+00,3.065212e+00
1.051024e+01,1.002054e+00
4.451584e+00,2.888663e+00
7.145813e+00,3.349647e+00
6.920060e+00,-1.656886e+00
4.836067e+00,3.914175e+00
9.089573e+00,3.568708e+00
7.329431e+00,3.395980e+00
3.540565e+00,4.903008e-01
5.760469e+00,-4.291859e+00
3.559886e+00,8.899793e-01
4.189852e+00,3.672186e+00
5.016789e+00,2.643065e+00
4.790404e+00,2.377858e+00
6.563597e+00,1.877452e+00
6.012002e-01,1.832095e+00
9.398304e-01,5.151824e-01
2.458613e+00,9.085581e-01
1.580976e+00,1.224443e+00
1.595678e+00,1.560593e+00
8.361845e+00,5.724118e+00
6.862422e+00,-2.954456e-01
6.226726e+00,3.725583e+00
7.376761e+00,2.774661e+00
8.843644e+00,2.859731e+00
3.394555e+00,3.190210e+00
6.110076e+00,5.201579e+00
5.486781e+00,-2.412743e-01
6.838990e+00,-1.391597e+00
-4.792800e-01,6.940366e-01
8.248052e+00,2.596075e+00
2.761565e+00,2.881897e+00
5.588625e+00,-3.147224e-01
6.549173e+00,3.332163e+00
5.629551e+00,-1.294043e-02
6.215727e+00,2.504530e+00
4.546611e+00,1.984555e-02
7.713532e+00,4.927668e+00
4.386935e+00,4.898817e-01
4.885120e+00,-5.063802e-01
7.452688e+00,2.540436e+00
5.530643e-01,9.748115e-01
4.562532e+00,1.139612e+00
