2.528662e+00,-3.096496e-02
3.739033e+00,1.623009e+00
6.508255e+00,1.224274e+00
5.205123e+00,2.597789e-01
4.212188e+00,1.788604e+00
4.139359e+00,1.189327e+00
3.180163e+00,4.784602e-01
3.881940e+00,1.193367e+00
4.304533e+00,1.128676e+00
5.157696e+00,1.827996e+00
2.624935e+00,2.270750e+00
3.446259e+00,3.882885e-01
4.202193e+00,1.032186e+00
3.274203e+00,2.090173e+00
4.119729e+00,1.125879e+00
2.425642e+00,9.367956e-01
3.374548e+00,5.089381e-02
3.511419e+00,-1.173627e-02
4.483481e+00,2.448463e+00
4.292463e+00,1.410883e+00
4.553603e+00,1.089810e+00
4.433992e+00,9.536405e-01
3.812780e+00,9.899622e-01
4.177074e+00,2.028811e-01
3.810272e+00,3.491297e-01
4.537963e+00,1.786012e+00
4.355373e+00,7.652187e-01
4.820353e+00,9.374805e-02
3.211865e+00,-5.141910e-01
4.388489e+00,5.609391e-01
3.619943e+00,1.036138e+00
4.230236e+00,1.078097e+00
4.339000e+00,2.592442e+00
4.271827e+00,1.184370e+00
3.197254e+00,2.396262e+00
3.688387e+00,9.977950e-01
3.322937e+00,1.050678e+00
4.415944e+00,1.487358e+00
2.102975e+00,1.503086e+00
4.657229e+00,1.108827e+00
4.242145e+00,2.624195e+00
4.205144e+00,1.232627e-01
4.471475e+00,1.124927e+00
2.705880e+00,-2.602076e-01
4.388556e+00,7.953497e-01
3.947773e+00,8.431595e-01
4.288583e+00,1.202826e+00
4.191881e+00,6.857460e-01
3.550318e+00,8.382421e-01
4.149192e+00,1.614525e-01
3.270616e+00,-6.346523e-01
5.121151e+00,-4.407655e-01
4.230618e+00,3.605819e-01
3.670838e+00,7.182180e-01
4.797120e+00,1.082024e+00
4.531230e+00,2.008552e+00
3.108290e+00,4.625818e-01
3.149906e+00,5.422349e-01
3.909397e+00,2.190153e+00
4.696931e+00,8.618679e-01
4.429523e+00,1.152700e+00
4.096242e+00,1.519771e-01
3.875188e+00,5.032183e-01
4.795608e+00,-9.410233e-02
2.849779e+00,-2.392322e-01
3.475828e+00,9.328022e-01
3.906941e+00,8.153985e-01
3.191340e+00,3.744300e-02
3.445238e+00,7.996784e-01
5.389389e+00,1.248963e+00
4.412756e+00,3.514806e-01
3.025500e+00,1.365170e+00
3.157405e+00,1.285520e+00
4.907418e+00,1.550939e+00
4.491386e+00,-5.579968e-01
3.327227e+00,1.443125e+00
3.603393e+00,3.195855e-01
3.048400e+00,3.072024e-01
5.904801e+00,2.489721e+00
2.324687e+00,1.077074e+00
5.250980e+00,2.026341e+00
4.206762e+00,-3.550822e-01
4.474132e+00,1.954457e+00
4.257851e+00,1.509665e+00
2.485206e+00,8.447234e-01
2.715084e+00,-4.393539e-01
3.727828e+00,-2.349679e-01
2.157650e+00,-2.266481e-02
4.762099e+00,-1.349601e-01
3.491256e+00,3.893331e-02
4.673436e+00,8.058892e-01
2.847879e+00,5.217767e-01
4.245544e+00,-1.864557e-01
3.642237e+00,-4.954093e-02
4.433306e+00,3.662058e-01
4.162347e+00,-3.118807e-01
2.921564e+00,5.823774e-01
4.609795e+00,8.978287e-01
4.091238e+00,7.487787e-01
3.020770e+00,2.229499e+00
3.175252e+00,6.716937e-01
3.948111e+00,1.137358e+00
4.451402e+00,1.796373e+00
4.858384e+00,9.673534e-01
4.833259e+00,1.333092e-01
5.762601e+00,1.358838e+00
4.464971e+00,-5.436367e-01
5.259780e+00,7.987993e-01
4.870225e+00,1.133272e+00
3.591496e+00,1.788425e+00
4.074542e+00,5.820540e-01
3.706606e+00,1.602118e+00
3.848098e+00,-3.583211e-01
5.196604e+00,2.788534e-01
4.804240e+00,1.398909e+00
3.732491e+00,3.767316e-01
2.725890e+00,-7.809161e-01
3.781089e+00,1.119804e+00
2.993108e+00,1.846287e+00
4.859643e+00,1.974614e+00
5.232819e+00,3.248878e-01
4.384793e+00,2.675877e-01
3.648789e+00,1.585333e+00
2.659155e+00,8.051625e-01
3.024537e+00,5.733459e-01
3.286158e+00,1.306543e+00
4.916576e+00,5.952546e-01
3.453462e+00,7.586472e-01
3.879586e+00,-2.927239e-01
5.177870e+00,8.321464e-01
3.407607e+00,1.728332e+00
3.784223e+00,-1.616057e-01
4.036217e+00,1.638270e+00
4.617735e+00,4.113235e-01
4.182676e+00,3.414903e-01
3.414271e+00,9.394073e-01
4.459322e+00,8.923076e-01
4.730706e+00,-5.585364e-01
3.055843e+00,1.337016e+00
4.256934e+00,-2.528745e-01
4.511229e+00,1.817665e+00
4.877475e+00,5.634778e-01
2.773727e+00,1.355997e+00
4.436422e+00,7.076531e-01
2.906313e+00,5.766462e-02
4.149829e+00,3.946008e-02
3.323614e+00,2.080427e-01
3.392554e+00,9.345031e-01
4.615766e+00,1.538907e+00
3.837696e+00,2.806648e+00
5.638487e+00,1.368565e+00
3.096001e+00,4.690810e-01
5.283635e+00,2.499046e-02
3.662211e+00,1.485090e+00
3.783443e+00,-1.334617e-01
4.489833e+00,1.076769e+00
3.180310e+00,8.028964e-01
4.280449e+00,1.290442e+00
3.105066e+00,1.243210e+00
5.074248e+00,5.985621e-01
3.993647e+00,1.307347e+00
5.338649e+00,7.866314e-01
5.082838e+00,2.367137e+00
4.146273e+00,1.122235e+00
2.636831e+00,1.480516e+00
4.061382e+00,1.523851e+00
4.436480e+00,1.290644e-01
3.485836e+00,1.513375e+00
2.501022e+00,1.568635e+00
4.338183e+00,-3.718652e-01
4.440133e+00,4.782685e-01
2.737297e+00,9.116404e-01
3.895302e+00,-4.731018e-01
4.851666e+00,8.150185e-01
4.909801e+00,1.819194e-01
3.701726e+00,1.204999e+00
3.509159e+00,2.538687e-02
3.893025e+00,5.966347e-01
3.196241e+00,2.021082e+00
4.802821e+00,6.253619e-01
3.943544e+00,1.882140e+00
4.802500e+00,5.900819e-01
4.332876e+00,1.324498e+00
3.704010e+00,1.110786e+00
5.358796e+00,1.427317e+00
5.744329e+00,1.067634e+00
3.300307e+00,1.552096e+00
3.634423e+00,7.055653e-01
4.022483e+00,8.084383e-01
4.764604e+00,5.497479e-01
3.423470e+00,2.459944e-01
3.078146e+00,-2.180510e-01
3.097332e+00,4.867391e-01
1.644223e+00,1.646336e+00
3.962615e+00,8.726341e-01
4.324149e+00,9.222878e-01
4.310650e+00,5.739955e-02
4.411135e+00,5.707277e-01
6.120139e+00,7.875613e-01
4.382636e+00,3.416821e-01
4.144003e+00,6.832247e-01
3.562688e+00,1.948820e-01
5.021735e+00,5.646097e-01
3.926744e+00,2.269559e+00
4.616972e+00,4.559846e-01
5.884360e+00,8.010349e-01
5.492003e+00,5.112011e-01
4.593591e+00,-4.743051e-02
3.338110e+00,1.887428e-01
4.439629e+00,5.306145e-01
3.469647e+00,1.413862e+00
4.154544e+00,1.770697e+00
4.028144e+00,7.146728e-01
3.426741e+00,2.107547e+00
5.064650e+00,1.382525e+00
4.487709e+00,4.416717e-01
4.392641e+00,-6.642508e-01
3.226287e+00,1.761191e-01
2.774617e+00,1.041796e+00
3.008644e+00,2.049590e+00
4.531876e+00,4.471177e-01
4.016987e+00,1.621869e+00
4.771899e+00,1.822950e+00
2.149383e+00,9.760191e-01
3.880565e+00,9.330524e-01
4.593267e+00,1.274538e+00
3.937838e+00,1.532061e+00
4.034283e+00,-6.979992e-01
5.499786e+00,6.280015e-01
4.565461e+00,3.981723e-01
4.343690e+00,5.066847e-01
4.239960e+00,-4.334499e-01
4.155572e+00,5.193111e-01
4.610223e+00,5.019669e-01
4.931942e+00,1.364517e+00
4.214968e+00,2.014822e+00
4.794831e+00,9.029225e-01
4.587486e+00,2.243785e+00
5.336129e+00,1.233421e+00
2.728169e+00,8.702581e-01
4.465060e+00,1.961147e-01
3.723574e+00,1.220550e-02
2.993160e+00,1.522207e+00
3.444462e+00,3.581297e-01
3.325762e+00,8.558533e-01
3.918974e+00,4.627312e-01
1.643900e+00,-2.033841e-01
4.097052e+00,1.231269e+00
3.232895e+00,4.284346e-01
4.431063e+00,9.309525e-01
4.149364e+00,2.645915e-01
2.016470e+00,-1.762613e+00
5.186921e+00,1.920761e+00
4.233578e+00,1.270378e+00
3.539515e+00,1.294304e+00
4.297488e+00,1.525815e+00
4.792175e+00,-1.046939e-01
4.442573e+00,1.375261e+00
3.465287e+00,-3.472722e-01
5.183541e+00,1.165150e+00
3.640999e+00,6.071404e-01
5.305536e+00,-6.701724e-01
4.134243e+00,-9.104340e-03
4.296465e+00,3.653457e-01
5.693083e+00,8.442839e-02
3.443105e+00,1.605197e+00
3.305262e+00,1.534831e+00
2.740822e+00,1.402420e+00
4.378308e+00,1.117994e+00
4.100396e+00,1.822044e+00
3.405412e+00,1.351395e+00
4.170860e+00,1.502909e+00
3.523716e+00,4.420248e-01
3.005885e+00,5.074121e-01
4.138844e+00,1.691730e-01
