1.232495e+01,1.126758e+01
3.104505e+00,7.294172e+00
4.223427e+00,6.819257e+00
6.556808e+00,3.932423e+00
8.817770e+00,5.859897e+00
8.476405e+00,2.552519e+00
5.906103e+00,7.780769e+00
-4.933541e+00,1.453790e+00
-3.003064e+00,3.909748e-01
8.885848e+00,1.398671e+00
-2.281530e-01,4.750950e+00
6.190828e+00,-4.757057e-01
5.336965e+00,3.741994e+00
1.701967e-01,4.764044e-01
-5.786661e+00,5.409439e-01
7.510138e+00,2.910839e+00
5.968121e+00,-2.906635e+00
9.934793e+00,7.216464e+00
1.330312e+00,6.438694e+00
-2.218150e+00,4.008146e+00
2.284537e+00,1.140621e+00
2.042760e+00,-5.542090e+00
8.144718e+00,1.111976e+01
6.536310e+00,5.025045e+00
5.373266e+00,2.990115e+00
6.118792e-01,5.966852e+00
3.282807e+00,1.624946e+00
6.022039e+00,9.284267e+00
2.799278e+00,3.171588e+00
7.205014e+00,5.735959e+00
1.288212e+00,-2.422038e+00
-2.038447e+00,-1.779847e+00
4.215926e+00,4.959541e+00
1.093100e+01,5.896560e+00
3.550871e+00,-1.066326e+00
3.979666e+00,2.284370e+00
1.011907e+01,2.421126e+00
4.796838e+00,3.056357e+00
6.175380e+00,7.169076e-01
2.357590e+00,4.214473e+00
2.987569e+00,7.407427e-01
8.969800e-01,1.171722e+01
1.641214e+00,-3.799849e-01
5.543535e+00,-3.808461e+00
3.421415e+00,3.589500e+00
5.632033e+00,3.452518e+00
9.361550e+00,4.837709e+00
7.036588e+00,3.148875e+00
4.513669e+00,5.671430e+00
1.127642e+01,1.109335e+00
1.370845e+00,1.111287e+00
2.229426e+00,2.740541e+00
6.995072e-01,8.960139e-01
-1.677089e-01,-3.627477e+00
3.801046e+00,7.446159e+00
4.367202e+00,3.977257e+00
1.825064e+00,-7.138135e-01
7.344115e+00,2.472902e+00
8.124641e+00,9.659324e+00
7.289951e+00,1.484490e+00
1.985851e+00,2.211953e+00
2.080673e+00,-2.297473e+00
8.249177e-01,9.135765e+00
4.729984e+00,4.906069e+00
5.405085e+00,1.004510e+01
-2.224495e+00,1.285049e-01
3.253164e+00,3.459367e+00
2.104514e-01,5.379891e+00
1.280088e+00,-2.861344e+00
-8.424227e-01,7.582371e-01
6.391562e+00,8.895384e+00
2.431640e+00,2.351015e+00
9.883929e+00,4.502250e+00
6.881826e+00,4.062965e+00
4.705534e+00,2.984864e+00
8.708681e+00,6.614420e+00
-1.545803e+00,2.681846e+00
8.163231e+00,3.341933e+00
1.068810e+01,1.708461e+01
8.851023e+00,-4.842562e+00
1.876623e+00,1.260092e+01
-4.592141e+00,-1.592182e-01
4.848550e+00,6.065093e+00
-5.339498e-01,8.906863e+00
3.428588e+00,6.419034e+00
1.162640e+01,1.703315e+00
6.696529e-01,-2.383308e+00
2.000012e+00,6.318055e+00
-4.487348e+00,5.060788e-01
6.364332e+00,3.127346e+00
6.050418e+00,9.899521e+00
1.111903e+01,-3.204973e+00
-1.731326e+00,-3.025616e+00
8.356003e+00,6.740250e+00
5.477244e+00,-1.598637e+00
5.264991e+00,1.248220e-01
-3.917951e+00,5.580404e+00
5.531722e+00,3.165051e+00
2.999337e+00,4.812070e+00
1.338348e+01,3.579258e+00
2.216804e+00,1.148780e+01
2.511891e+00,4.826147e+00
-1.141699e-01,2.520257e+00
-8.508208e-01,-2.547259e-01
4.567964e+00,3.131041e+00
9.806062e+00,5.111745e+00
-4.500516e+00,8.892148e+00
9.979881e+00,5.962567e+00
2.673280e+00,1.161275e+01
1.133593e+01,2.898761e-01
-5.292065e+00,1.324809e+00
9.421530e+00,4.336588e+00
1.834393e+00,-3.357597e-01
6.366186e+00,-9.430181e-01
5.506657e+00,1.287441e+01
3.540434e+00,4.819105e-01
3.240417e+00,6.248627e+00
2.744759e+00,-2.746976e+00
8.978989e+00,7.726382e+00
3.032047e+00,6.558903e+00
2.065031e+00,-3.353214e+00
-2.506889e-01,6.651494e+00
1.178442e+01,2.849354e+00
1.176204e+01,8.546387e+00
5.410762e+00,-3.832089e+00
9.911158e+00,7.810994e+00
1.101131e+01,6.781164e+00
1.108081e+01,1.011968e+01
1.107646e+00,1.048112e+00
-9.278857e+00,1.314004e+00
1.125750e+01,6.447060e+00
-7.284185e+00,-2.688966e+00
-1.892168e+00,8.803096e-01
-4.503163e+00,4.905279e+00
1.369620e+00,5.866742e+00
4.210197e+00,6.732332e+00
2.587445e+00,3.623875e-02
9.413962e+00,4.949399e-01
3.142064e+00,2.337196e+00
-1.256239e+00,5.873976e+00
3.255120e+00,2.844140e+00
5.842164e+00,6.249984e+00
-9.597360e-01,-3.179387e-01
4.110822e+00,5.177150e+00
1.028933e+01,4.040389e+00
-7.230083e+00,6.289493e+00
-4.524942e-01,4.050591e+00
6.736891e+00,4.710125e-01
4.832451e+00,1.829943e+00
5.822546e+00,9.457042e+00
4.995288e+00,6.454838e+00
1.366319e+01,-1.517618e-01
1.254262e+00,3.751220e+00
7.615749e+00,-7.457800e-01
7.495047e+00,8.309346e+00
3.576115e+00,3.718108e+00
4.507578e+00,7.306390e+00
5.126247e+00,7.350084e+00
-3.188450e+00,3.525848e+00
8.988010e+00,-2.022420e-01
1.730149e+00,2.743929e+00
6.678175e+00,9.427608e+00
4.644333e+00,4.316783e+00
4.054217e+00,9.934285e+00
1.348949e+01,6.459774e+00
5.374619e-01,-7.938960e-01
1.558781e+00,2.674722e+00
7.757883e+00,1.454864e+01
3.629230e+00,6.968638e+00
5.835400e+00,7.136017e+00
5.468067e+00,1.037783e+01
7.545010e+00,7.178513e-01
5.399376e+00,5.987206e+00
5.674112e+00,2.195592e+00
1.065646e+01,-1.446974e+00
