-1.71e+00,2.92e-01,4.05e+00
1.29e+00,8.29e+00,4.09e+00
2.08e+00,1.08e+00,3.21e+00
-5.60e-01,2.44e+00,5.02e+00
-4.04e-01,2.60e+00,2.88e+00
1.16e+00,3.16e+00,1.58e+00
2.82e+00,6.82e+00,-2.41e+00
2.99e+00,5.99e+00,-6.75e-03
2.05e+00,5.05e+00,2.76e+00
-2.04e+00,4.96e+00,2.42e+00
3.50e+00,8.50e+00,4.22e+00
7.78e-02,6.08e+00,3.09e+00
-2.63e+00,3.74e-01,1.53e+00
-2.02e+00,1.98e+00,4.74e+00
1.02e+00,7.02e+00,4.16e+00
-2.80e-01,7.20e-01,-2.71e-01
1.70e+00,7.70e+00,9.70e-01
5.36e-01,1.54e+00,3.67e+00
2.73e+00,9.73e+00,3.18e+00
-9.41e-01,6.06e+00,2.02e+00
3.94e+00,4.94e+00,-1.03e-01
8.94e-01,5.89e+00,-1.19e-01
1.84e+00,2.84e+00,4.26e-01
1.13e+00,7.13e+00,1.13e-01
2.24e+00,3.24e+00,2.59e+00
1.69e+00,8.69e+00,2.44e+00
3.64e+00,7.64e+00,7.53e-01
1.40e+00,5.40e+00,3.67e+00
1.90e+00,7.90e+00,4.94e+00
-2.81e+00,2.19e+00,3.66e+00
2.20e+00,9.20e+00,4.93e+00
1.04e+00,8.04e+00,4.61e+00
1.90e+00,9.03e-01,-9.49e-01
1.19e-01,7.12e+00,4.09e+00
-1.14e+00,3.86e+00,2.22e+00
-7.76e-01,2.22e+00,4.08e+00
-1.49e+00,5.07e-01,4.30e+00
-1.80e+00,1.20e+00,1.46e+00
2.67e+00,5.67e+00,1.46e+00
3.72e+00,8.72e+00,6.48e+00
1.86e+00,8.86e+00,4.23e+00
-2.54e-01,5.75e+00,7.22e-01
3.66e+00,1.07e+01,4.16e+00
1.59e+00,6.59e+00,2.16e+00
-1.16e-01,3.88e+00,-4.21e-01
2.61e+00,4.61e+00,3.94e+00
3.46e+00,7.46e+00,6.04e+00
1.33e+00,5.33e+00,5.15e+00
-3.27e-01,-1.33e+00,1.94e+00
2.32e+00,5.32e+00,2.47e+00
1.40e+00,5.40e+00,5.58e+00
1.42e+00,5.42e+00,-2.07e+00
5.97e+00,6.97e+00,1.11e-01
2.58e+00,9.58e+00,4.01e+00
3.01e+00,2.01e+00,6.72e-01
-9.51e-02,-1.10e+00,8.10e-01
2.57e+00,4.57e+00,-3.59e-01
6.20e-01,6.62e+00,3.26e-01
3.19e+00,4.19e+00,1.02e+00
-6.29e-02,1.94e+00,1.64e+00
1.55e+00,5.55e+00,-7.52e-01
-9.53e-02,2.90e+00,-1.03e+00
-5.58e-01,-5.58e-01,1.05e+00
3.54e-01,1.35e+00,3.80e+00
4.00e+00,3.00e+00,1.00e+00
-4.67e-01,1.53e+00,3.47e-02
1.50e+00,6.50e+00,4.31e+00
4.03e+00,4.03e+00,2.32e-01
2.41e+00,4.41e+00,1.97e+00
3.05e+00,1.00e+01,6.71e+00
4.58e+00,5.58e+00,-7.03e-02
1.79e+00,4.79e+00,4.63e-01
-2.83e-01,5.72e+00,3.99e+00
1.12e+00,2.12e+00,2.83e+00
-3.59e-02,2.96e+00,1.78e+00
1.30e+00,3.30e+00,3.87e+00
5.69e+00,1.07e+01,2.37e+00
-8.76e-01,6.12e+00,4.02e+00
3.55e+00,6.55e+00,5.75e+00
4.28e+00,6.28e+00,-1.79e+00
1.23e-01,5.12e+00,5.73e+00
2.90e+00,2.90e+00,-8.72e-02
1.98e+00,7.98e+00,4.76e+00
8.08e-01,3.81e+00,4.39e-01
3.35e+00,4.35e+00,-1.21e+00
-1.82e-01,5.82e+00,5.27e+00
1.74e-01,1.17e+00,2.42e+00
2.74e+00,4.74e+00,3.96e+00
1.35e-01,1.13e+00,3.01e+00
4.08e-01,6.41e+00,8.59e-01
1.70e+00,2.70e+00,2.36e+00
4.64e-02,5.05e+00,9.08e-01
9.00e-03,1.01e+00,2.40e+00
1.20e+00,2.20e+00,2.07e+00
4.18e+00,6.18e+00,-9.29e-01
-2.79e-01,2.72e+00,3.34e+00
-1.31e+00,6.90e-01,-2.31e+00
1.70e+00,8.70e+00,3.46e+00
-1.32e-01,8.68e-01,1.27e+00
1.46e+00,7.46e+00,4.80e+00
2.20e+00,4.20e+00,3.29e+00
2.36e+00,7.36e+00,-5.33e-01
3.71e+00,3.71e+00,1.05e+00
1.33e+00,3.34e-01,5.13e-01
-8.49e-01,-1.85e+00,2.59e+00
-3.52e-05,-3.52e-05,-3.04e-01
-4.86e-01,2.51e+00,2.63e-01
3.82e+00,8.82e+00,3.41e+00
1.36e+00,2.36e+00,3.17e-01
-9.33e-01,6.07e+00,2.50e+00
2.20e+00,5.20e+00,4.35e+00
2.74e+00,9.74e+00,3.92e+00
-1.27e+00,-2.72e-01,2.34e+00
1.45e+00,4.45e+00,3.97e+00
2.63e+00,7.63e+00,5.86e+00
4.35e+00,4.35e+00,6.50e-01
2.42e+00,5.42e+00,3.58e+00
-2.33e+00,-3.27e-01,3.09e+00
-1.45e+00,5.55e+00,4.24e+00
1.91e+00,2.91e+00,1.64e+00
3.57e+00,7.57e+00,3.84e+00
-1.49e+00,-1.49e+00,2.09e+00
-2.21e+00,2.79e+00,1.13e+00
-5.90e-01,5.41e+00,1.66e+00
-2.49e+00,-3.49e+00,-2.27e-01
-1.55e+00,4.45e+00,3.11e+00
1.56e+00,3.56e+00,2.37e+00
4.81e-02,3.05e+00,1.47e+00
6.57e-01,5.66e+00,2.05e+00
-1.90e+00,-8.96e-01,6.50e+00
2.61e+00,3.61e+00,2.01e+00
6.68e-01,4.67e+00,1.65e+00
2.78e+00,6.78e+00,2.45e+00
-6.93e-01,2.31e+00,2.75e+00
3.37e+00,9.37e+00,2.66e+00
2.70e+00,3.70e+00,-8.89e-02
1.71e+00,8.71e+00,1.51e+00
-6.50e-01,4.35e+00,4.01e+00
-3.45e-02,4.97e+00,3.31e+00
-2.28e+00,-2.28e+00,1.68e+00
2.69e+00,9.69e+00,4.29e+00
4.59e-02,7.05e+00,6.91e+00
-5.14e-01,3.49e+00,1.57e+00
2.06e+00,4.06e+00,4.46e+00
1.39e+00,8.39e+00,7.18e+00
-2.94e+00,1.06e+00,4.93e-01
1.90e+00,6.90e+00,5.86e+00
4.08e+00,6.08e+00,1.60e+00
1.69e+00,4.69e+00,4.57e+00
2.66e+00,1.66e+00,-1.08e-01
2.75e+00,8.75e+00,3.41e+00
2.06e-01,7.21e+00,2.61e+00
-2.17e+00,8.32e-01,-7.73e-01
-3.24e+00,-3.24e+00,-1.53e+00
-6.55e-01,6.35e+00,1.96e+00
2.02e+00,7.02e+00,2.92e+00
1.33e+00,6.33e+00,3.38e+00
8.08e-01,7.81e+00,1.07e+00
1.60e+00,8.60e+00,5.70e+00
1.07e+00,6.07e+00,1.91e-01
4.11e+00,8.11e+00,2.29e+00
1.89e+00,7.89e+00,3.65e+00
1.58e+00,3.58e+00,1.64e+00
9.69e-01,9.69e-01,-1.37e+00
1.59e+00,5.92e-01,2.17e+00
8.24e-01,6.82e+00,2.23e+00
-3.32e+00,2.68e+00,6.43e+00
4.95e-01,5.50e+00,3.26e+00
2.58e+00,4.58e+00,2.02e+00
6.73e-01,3.67e+00,1.90e+00
1.79e+00,7.79e+00,3.35e+00
2.85e+00,9.85e+00,2.95e+00
-6.82e-01,1.32e+00,3.25e+00
2.84e+00,9.84e+00,5.12e+00
7.49e-01,4.75e+00,2.74e+00
2.73e+00,4.73e+00,2.20e+00
4.24e+00,1.12e+01,2.14e+00
3.72e-01,6.37e+00,5.46e+00
2.63e+00,3.63e+00,4.36e+00
1.94e+00,2.94e+00,1.95e+00
-1.83e-02,-1.83e-02,-1.70e+00
2.10e+00,3.10e+00,1.71e+00
-1.07e-01,6.89e+00,-4.31e-01
2.56e+00,9.56e+00,6.42e+00
6.62e-01,2.66e+00,-1.31e-01
7.76e-01,2.78e+00,-2.07e-01
4.62e-01,2.46e+00,2.71e+00
-1.05e+00,3.95e+00,2.80e+00
-7.01e-01,6.30e+00,3.92e+00
1.60e+00,8.60e+00,3.40e+00
4.33e+00,8.33e+00,3.02e+00
-4.95e-02,4.95e+00,5.80e+00
3.78e+00,1.08e+01,7.01e+00
3.18e-01,2.32e+00,2.76e+00
-2.64e+00,-2.64e+00,6.12e-01
-1.08e+00,-1.08e+00,-2.02e+00
3.22e-01,4.32e+00,-6.04e-01
-2.52e+00,1.48e+00,1.62e+00
1.18e+00,3.18e+00,-2.37e+00
8.00e-01,8.00e-01,2.90e+00
3.61e+00,1.06e+01,3.31e+00
1.33e+00,3.34e-01,-1.59e-01
1.24e+00,2.24e+00,-3.46e-01
2.92e+00,5.92e+00,2.60e+00
1.14e+00,3.14e+00,1.11e+00
4.44e+00,3.44e+00,2.47e+00
1.82e+00,2.82e+00,9.88e-01
-3.37e-02,4.97e+00,2.22e+00
-9.49e-01,-1.95e+00,2.75e+00
4.19e+00,3.19e+00,-2.93e-01
-3.75e-01,6.25e-01,5.04e-01
3.42e+00,5.42e+00,-1.74e+00
1.58e+00,5.58e+00,1.55e+00
7.79e-01,2.78e+00,1.63e-01
-3.45e+00,-1.45e+00,2.61e+00
1.80e+00,4.80e+00,5.98e+00
9.74e-01,9.74e-01,-2.74e+00
1.13e+00,8.13e+00,5.44e+00
-2.45e+00,2.55e+00,2.30e+00
1.85e+00,3.85e+00,6.43e-01
7.31e-01,2.73e+00,-6.46e-02
9.92e-01,1.99e+00,1.60e+00
8.10e-01,3.81e+00,2.52e+00
-9.15e-01,4.08e+00,-2.98e-01
-8.63e-01,5.14e+00,3.87e+00
