6.51e+00,1.02e+00
-2.27e+00,2.92e+00
-4.61e+00,1.04e+00
-5.69e+00,-3.33e+00
1.97e+00,-2.18e-01
9.75e+00,1.70e+00
5.08e+00,7.07e+00
9.03e+00,5.20e+00
1.37e+00,1.09e+00
-3.93e+00,6.49e+00
3.06e+00,1.46e-01
4.07e+00,5.15e+00
1.53e+00,3.33e+00
8.28e-02,2.20e-01
6.62e+00,3.63e+00
9.54e-01,1.51e+00
-4.70e-01,5.50e+00
8.18e+00,6.52e+00
3.10e-01,1.79e+00
2.04e+00,2.57e+00
4.20e+00,3.00e+00
1.79e+00,9.27e-01
1.22e-01,2.83e+00
3.12e+00,7.28e+00
7.53e+00,5.56e+00
-4.33e+00,4.69e+00
7.37e-01,4.33e+00
3.96e+00,1.76e+00
9.67e+00,7.34e+00
2.46e+00,2.65e+00
6.37e+00,6.48e+00
-2.05e+00,-4.56e-01
1.71e+00,-1.71e+00
1.29e+00,7.60e+00
-4.88e-01,4.92e+00
4.88e+00,3.83e+00
1.33e+00,6.23e-01
1.19e+01,3.35e+00
4.98e+00,-2.18e+00
7.20e-01,7.05e+00
3.59e+00,7.59e+00
6.88e+00,5.23e+00
3.48e+00,3.84e+00
8.04e-01,3.28e+00
4.37e+00,4.12e+00
1.16e+01,5.15e+00
7.37e-01,4.03e+00
1.75e+00,2.82e+00
-4.13e+00,5.92e+00
3.02e+00,1.07e+01
5.61e+00,6.56e+00
1.10e+01,1.11e+00
1.96e+00,5.06e+00
-3.05e+00,-6.94e-01
2.91e+00,9.19e+00
3.27e+00,5.90e+00
7.98e+00,3.65e+00
1.01e+00,2.70e+00
-1.28e+00,-2.89e-01
-2.54e+00,6.61e+00
3.11e+00,1.75e+00
7.96e+00,4.92e+00
2.63e+00,2.01e+00
6.12e+00,2.53e-01
-5.67e-01,-2.80e+00
-1.15e+00,4.98e+00
5.21e+00,1.36e+00
1.68e+00,5.63e+00
5.95e+00,9.87e+00
9.65e-01,7.59e+00
6.26e-01,-1.95e+00
1.74e+00,3.76e+00
3.19e+00,4.21e+00
1.13e+00,-6.73e-01
-3.41e+00,5.59e-01
1.71e+00,-2.39e+00
2.88e+00,5.56e+00
-2.68e-01,3.18e+00
2.32e-01,6.32e+00
7.31e+00,5.63e+00
3.49e+00,-1.81e+00
4.34e+00,4.71e+00
4.46e+00,-2.82e+00
-2.21e+00,4.55e+00
7.89e+00,1.84e+00
2.24e+00,1.44e+00
3.21e+00,4.24e+00
2.86e+00,4.96e+00
-3.82e+00,1.35e+00
5.60e+00,2.83e+00
7.70e+00,6.63e+00
-2.83e+00,1.39e+00
5.48e+00,3.31e+00
-7.09e-02,4.62e+00
2.02e+00,7.04e-01
-4.03e+00,3.93e+00
6.98e+00,8.38e+00
9.12e-01,-5.45e-01
2.70e+00,8.51e+00
4.93e-01,3.88e+00
-3.08e+00,3.87e+00
4.77e+00,3.63e+00
4.89e+00,2.02e+00
2.55e+00,6.64e+00
1.77e+00,1.34e+00
9.33e-01,2.25e+00
1.11e+00,3.78e+00
-2.27e-01,5.53e-02
4.02e+00,1.33e+00
1.58e+00,9.05e+00
3.95e-01,2.03e+00
-5.96e-01,5.63e+00
1.64e+00,3.87e+00
3.89e+00,3.94e+00
4.87e+00,3.51e+00
-1.62e-01,-2.81e-01
2.22e+00,9.57e+00
7.35e+00,1.70e+00
1.21e+01,6.99e+00
8.55e+00,5.24e+00
2.19e+00,6.31e+00
1.98e+00,-5.99e+00
1.52e+00,7.90e+00
-6.02e-01,2.77e+00
5.36e+00,2.46e+00
8.44e+00,5.17e+00
-5.70e-03,1.01e+01
-4.48e+00,1.60e+00
4.65e+00,1.10e+00
3.16e+00,5.25e+00
-3.80e-01,4.19e+00
-2.45e+00,7.05e-01
1.45e+00,6.45e-01
7.35e+00,2.53e+00
3.93e+00,-2.41e+00
-5.08e+00,-1.37e+00
-3.18e+00,5.20e+00
8.99e+00,5.58e+00
8.62e-01,2.89e+00
-1.33e+00,5.76e+00
3.16e+00,7.63e+00
4.73e+00,2.02e+00
-1.02e+00,3.41e+00
1.75e+00,-5.65e-01
-3.62e-01,6.03e+00
-1.30e+00,7.89e-01
-2.65e+00,8.28e-01
-5.07e+00,1.66e+00
6.14e-01,2.43e+00
6.12e+00,5.91e+00
4.73e+00,6.65e+00
8.11e+00,3.40e+00
4.67e+00,7.23e+00
2.29e+00,5.10e+00
1.93e+00,5.84e+00
-2.07e+00,8.61e-01
8.28e+00,7.02e+00
1.63e+00,4.23e+00
2.64e+00,5.69e+00
2.10e+00,5.95e+00
2.32e-01,8.68e+00
5.67e+00,2.84e+00
8.89e-01,8.24e-01
2.60e+00,9.40e+00
-2.54e+00,-1.53e+00
-4.48e+00,-3.38e+00
2.09e+00,3.39e+00
1.47e+00,3.39e+00
6.41e+00,3.02e+00
6.54e+00,4.26e-01
1.02e+00,2.69e-01
2.22e+00,3.66e+00
8.61e+00,1.05e+01
4.21e+00,4.54e+00
7.71e+00,1.08e+01
1.77e+00,3.00e+00
2.68e+00,5.23e+00
4.73e+00,2.47e+00
9.75e-01,-1.63e+00
5.19e+00,6.91e+00
5.68e+00,3.26e+00
3.68e+00,5.87e+00
2.20e+00,3.25e+00
9.79e-01,1.05e+01
4.29e+00,3.76e+00
-1.95e+00,2.68e+00
1.77e+00,5.95e-01
-3.42e-01,4.87e+00
5.08e+00,4.03e+00
3.46e+00,7.92e-01
1.42e+00,3.93e-02
1.05e+00,2.84e+00
-3.89e+00,4.73e+00
6.99e+00,3.90e+00
1.69e+00,7.98e+00
1.79e+00,3.27e+00
-2.91e+00,4.18e+00
-4.48e-01,-9.04e-01
-1.12e+00,4.91e+00
4.99e+00,4.28e+00
3.63e+00,1.32e+00
6.59e+00,8.06e+00
5.57e+00,8.43e-01
4.61e+00,-2.79e-01
3.52e-01,6.31e+00
5.53e+00,2.20e+00
-2.32e+00,-1.44e+00
1.73e+00,5.11e+00
-1.26e+00,1.16e-01
-3.19e+00,2.25e+00
2.62e+00,3.22e+00
4.62e-01,7.48e-01
7.17e+00,9.08e+00
3.15e+00,-1.16e+00
2.82e+00,3.58e+00
-1.01e+00,1.34e-03
1.89e+00,5.56e+00
6.66e-01,5.47e+00
2.42e+00,-8.49e-01
3.41e+00,2.53e+00
-2.35e+00,6.54e+00
-2.55e+00,1.02e-01
2.70e+00,6.86e+00
2.98e+00,1.15e+01
-5.13e+00,5.04e+00
2.93e-01,-2.60e+00
4.51e+00,5.69e+00
3.97e+00,6.27e+00
-4.36e-01,1.35e+00
7.71e+00,1.82e+00
6.96e+00,1.10e+00
2.20e+00,4.24e+00
5.02e+00,5.21e+00
-3.58e+00,5.92e+00
2.32e+00,3.08e+00
5.10e+00,4.45e+00
3.31e+00,3.85e+00
-4.32e-01,-1.18e+00
9.47e-01,-1.48e+00
1.11e+00,2.66e+00
7.41e-01,1.53e+00
9.78e-01,1.20e+01
2.66e+00,7.17e+00
-3.59e+00,3.83e+00
2.79e+00,-1.50e+00
1.26e+00,9.10e+00
-2.58e+00,-1.30e+00
4.85e+00,6.06e+00
-3.85e-01,5.65e+00
2.61e+00,-3.62e+00
-1.61e+00,6.32e+00
-1.89e+00,8.38e+00
-1.77e+00,5.38e+00
4.09e+00,1.80e+00
-3.95e-01,-8.76e-01
2.37e+00,5.60e+00
5.36e+00,1.19e+00
2.72e+00,1.09e+00
1.35e+00,-1.51e-01
3.67e+00,5.62e+00
6.30e+00,8.29e+00
1.77e+00,-3.67e+00
-1.81e+00,-4.89e-02
1.33e-01,4.48e+00
2.05e+00,-5.78e-01
-2.59e-01,3.44e+00
1.18e+00,4.18e+00
6.99e+00,-8.57e-02
3.95e+00,-9.46e-01
1.52e+00,6.48e+00
-3.58e+00,4.76e+00
3.35e+00,-1.38e+00
2.97e+00,-2.17e+00
5.03e+00,4.22e+00
-2.14e-01,-2.84e-01
2.60e+00,3.53e+00
6.88e-01,7.43e+00
1.39e+00,-2.67e+00
1.47e-01,6.47e+00
-1.84e+00,6.51e-01
3.23e+00,7.27e+00
1.51e+00,3.95e+00
1.70e-01,-3.33e+00
-1.45e+00,3.65e+00
4.47e+00,-1.16e+00
7.49e+00,-2.64e+00
3.49e+00,5.28e+00
5.24e+00,2.16e+00
3.77e+00,6.82e+00
3.69e+00,-1.09e+00
5.99e+00,2.63e+00
6.12e+00,3.26e+00
2.68e+00,8.54e+00
1.92e+00,4.91e+00
2.35e+00,7.65e+00
3.82e-01,1.65e+00
4.92e+00,7.21e+00
3.94e+00,5.42e+00
3.52e+00,1.75e+00
1.27e+00,4.70e+00
