2.413977e+00,2.039993e-02
2.127942e+00,3.383130e+00
6.473767e+00,4.091852e+00
4.113917e+00,4.547986e-01
1.892218e+00,3.795420e+00
1.665746e+00,2.463272e+00
2.714901e+00,5.508128e-01
4.169019e+00,2.425109e+00
2.256986e+00,-7.070013e-01
1.961455e+00,2.647121e+00
6.075762e-01,3.318061e+00
2.335402e+00,2.002998e+00
4.709321e+00,3.681456e+00
4.833720e+00,2.246627e+00
3.360364e+00,2.838826e+00
6.904219e+00,3.067384e+00
1.370291e+00,-8.247041e-01
2.447316e+00,-1.447375e+00
4.679788e+00,1.627551e+00
1.442217e+00,1.721961e+00
9.792702e-01,2.806538e+00
3.723634e+00,3.141543e+00
1.999523e+00,3.287268e+00
2.473793e+00,-1.506294e+00
-2.453254e+00,2.055859e+00
2.570895e+00,5.910271e-01
4.389101e+00,7.601128e-01
2.774033e+00,-1.758553e+00
5.383268e+00,3.519559e+00
6.082051e+00,-7.135664e-01
3.785948e+00,3.072316e+00
3.133339e+00,5.507329e+00
1.974194e+00,1.475008e-01
1.194224e+00,1.470583e+00
4.138653e+00,4.250605e+00
-2.318761e+00,-2.188775e+00
-7.652189e-01,4.850709e-01
5.397246e+00,-1.248370e-01
4.545211e+00,7.385466e+00
3.453811e+00,3.140223e+00
3.312213e+00,6.017125e-01
5.014689e+00,3.416993e+00
5.316684e+00,2.508175e+00
4.370995e+00,-8.131583e-01
3.845886e+00,1.188207e+00
5.131374e+00,5.310876e-01
2.650161e+00,2.814411e+00
1.949640e+00,5.561501e+00
7.899442e+00,2.536419e+00
2.473624e+00,2.338428e+00
4.681463e+00,-1.718304e+00
4.894705e+00,3.735188e-03
3.274194e+00,-1.393424e+00
6.822698e+00,2.678374e+00
4.255341e+00,1.054122e+00
2.370289e+00,4.599368e-01
-1.905923e+00,2.064276e+00
2.676603e+00,8.498040e-01
2.546843e+00,3.857273e+00
3.700882e+00,6.298696e-02
4.352358e+00,2.846286e+00
2.484061e+00,-1.872662e+00
2.730482e+00,2.220436e+00
4.114104e+00,8.751982e-01
6.415251e+00,3.614972e-01
1.037854e+00,1.519683e-01
1.451428e+00,1.318062e+00
5.701273e+00,3.377156e-01
5.675173e-01,1.618548e+00
5.419900e+00,9.810739e-01
4.385138e+00,3.705952e+00
3.635461e+00,2.419888e+00
1.812898e+00,1.121327e-01
2.811502e+00,8.328197e-01
2.443827e+00,-2.120711e+00
9.654213e-01,1.275987e-01
2.977509e+00,-7.847392e-01
2.426857e+00,4.285648e-01
2.995506e+00,2.695768e+00
4.559222e+00,2.058485e+00
5.438705e+00,-1.947620e+00
2.143017e+00,3.132949e+00
3.431341e+00,1.229609e-01
6.220996e+00,4.202237e+00
-1.987219e-01,5.841001e+00
4.370265e+00,3.548175e+00
4.507834e+00,1.428309e+00
1.077573e+00,-1.930199e-01
4.666490e+00,-3.358564e-01
7.001901e+00,1.911797e+00
1.963386e+00,2.221304e+00
1.737366e+00,2.122281e+00
2.779701e+00,3.884551e-01
2.493482e+00,-3.845819e-01
5.153633e+00,2.700871e+00
5.437665e+00,2.161162e+00
4.911509e+00,7.629382e+00
3.022822e+00,2.915353e+00
1.416986e+00,3.054430e+00
2.366727e+00,8.629097e-02
2.291788e+00,-2.496989e+00
2.040017e+00,-9.070959e-01
3.348419e+00,4.219900e+00
6.134391e+00,-1.481544e+00
6.014614e+00,3.098090e+00
6.537878e+00,-1.675785e-01
7.621767e+00,1.893830e+00
4.063441e-01,3.683825e+00
1.959741e+00,2.971946e+00
7.262321e-01,-4.018169e+00
5.161300e+00,-8.309153e-02
5.456165e+00,1.280420e+00
2.180869e+00,2.393580e+00
6.247903e+00,2.321719e+00
1.087887e+00,2.198407e+00
2.226919e+00,1.570138e+00
3.719251e+00,-2.910603e+00
3.028210e+00,3.730411e+00
7.652648e-01,1.148397e+00
2.085089e+00,6.415854e-01
2.990393e+00,1.214198e+00
3.164585e+00,2.448786e-01
2.164094e+00,1.682697e+00
1.802204e+00,-1.287111e-01
6.298254e+00,-4.798160e-01
9.138312e+00,4.535481e+00
5.952083e-01,4.504206e-01
5.309598e+00,7.200642e-01
4.202479e+00,3.095107e+00
5.349385e+00,4.761729e+00
2.896041e+00,-1.197867e+00
3.033487e+00,1.515032e+00
7.012466e+00,3.500795e+00
5.298018e+00,3.557893e+00
2.371523e+00,1.588650e+00
3.303782e+00,4.419399e+00
5.683289e+00,-1.788821e-01
4.726464e+00,-5.198209e-03
4.257557e+00,1.608227e+00
-1.242945e+00,1.007495e+00
-4.828118e-02,9.792969e-01
3.451664e-02,-3.936888e-01
2.381883e+00,1.073142e+00
3.203042e+00,1.612920e+00
3.443530e+00,-7.680132e-01
-4.640474e-01,5.147359e+00
5.975291e+00,2.156626e+00
3.138983e+00,1.803211e+00
4.049186e+00,1.377447e+00
4.256614e+00,1.419196e-01
2.705306e+00,1.498518e+00
1.085439e+00,1.496099e+00
3.027719e+00,1.801236e+00
4.519360e+00,2.767127e-01
7.208747e+00,1.536174e+00
3.385747e+00,3.576054e+00
3.980510e+00,1.268951e+00
2.875247e+00,3.751538e-01
4.387638e+00,-1.150845e+00
3.513809e+00,1.759140e+00
8.935531e+00,4.119666e-01
1.692483e+00,1.093988e+00
5.604027e+00,9.816354e-01
6.866388e+00,1.281333e+00
3.492000e+00,2.806067e+00
4.029125e+00,7.744500e-01
1.822951e+00,-7.389302e-01
1.370945e+00,1.051094e+00
4.973311e+00,-8.094042e-02
3.042260e+00,3.707949e-02
5.416390e+00,4.209891e+00
2.999580e+00,2.678214e+00
5.146251e+00,1.337107e+00
5.103981e+00,2.448496e+00
1.999111e+00,1.540193e+00
4.524168e+00,2.923874e+00
3.488409e+00,3.876660e+00
1.610044e+00,2.670930e+00
2.533531e+00,2.526408e+00
2.707784e+00,5.793081e-01
4.537311e+00,1.285107e+00
2.380622e+00,1.123853e+00
3.024924e+00,1.524097e+00
1.132564e+00,-7.905777e-01
1.748635e+00,1.412015e+00
4.513895e+00,2.906498e+00
8.110571e-01,-8.654384e-01
4.444701e+00,-1.434161e+00
-4.764621e-01,4.920202e+00
5.099656e+00,3.714897e+00
5.971167e+00,3.024955e+00
3.228156e+00,1.754943e+00
4.591414e+00,-1.225813e+00
1.789178e+00,1.514833e+00
6.223553e+00,4.261184e+00
1.864529e+00,2.272524e-01
1.717392e+00,3.915305e+00
4.556913e+00,3.878690e+00
-7.611235e-01,-3.621734e-01
6.375126e+00,1.612913e+00
3.342273e+00,1.325089e+00
2.582097e+00,-4.534575e-01
4.417132e+00,3.341802e+00
-7.255111e-01,1.181992e+00
2.253187e+00,-5.437563e-01
3.407557e+00,7.333181e-01
1.315314e+00,4.252301e+00
4.806379e+00,2.206075e+00
2.864026e+00,4.441845e+00
3.497119e+00,1.336090e-02
5.433539e+00,3.747341e+00
3.236657e+00,2.340325e+00
2.346818e+00,1.132973e-01
3.760283e+00,4.914450e+00
4.379846e+00,2.100957e-01
4.465152e+00,1.467701e+00
6.565192e+00,1.530529e+00
4.130543e+00,2.003151e+00
4.655462e+00,2.226786e+00
4.622974e+00,1.171200e+00
5.821762e+00,6.551815e-01
1.652581e+00,2.510804e+00
4.167233e+00,-6.650494e-02
4.344974e+00,2.525283e+00
5.862512e+00,4.663194e+00
5.091544e+00,-1.779496e-02
2.777638e+00,1.957171e+00
2.002715e+00,-2.886973e-01
2.825238e+00,2.767225e+00
3.966705e+00,2.094231e-01
2.853374e+00,1.576150e+00
2.539183e+00,5.772622e-01
2.553571e+00,7.850812e-01
3.175382e+00,-5.800976e-01
6.086712e-01,4.502790e+00
4.814783e+00,2.314865e+00
8.272396e+00,4.928268e-01
1.874347e+00,2.655269e+00
1.709980e-01,1.676279e+00
-1.652501e+00,-5.367004e-01
3.509305e+00,9.447531e-01
4.781213e+00,3.321036e+00
3.237790e+00,1.987192e+00
3.128794e+00,-2.383417e+00
3.518918e+00,1.420529e+00
4.273423e+00,1.732886e+00
5.377330e-01,1.726134e+00
4.413798e+00,3.582560e+00
-1.287987e+00,1.640535e+00
9.847597e+00,2.315494e+00
1.591585e+00,1.261620e+00
4.050444e+00,2.271205e+00
1.713246e+00,1.301983e+00
-6.392439e-01,1.527070e+00
5.064127e+00,-6.475133e-01
3.332093e+00,-2.445872e-01
2.789345e+00,1.417115e+00
1.964713e+00,7.230328e-01
4.424003e+00,1.797919e+00
5.450958e+00,-1.269028e+00
2.575835e+00,3.122842e+00
4.358546e+00,7.714286e-01
4.695278e+00,4.285115e-01
5.556338e-01,6.925080e-01
3.864795e+00,1.410425e+00
3.949624e+00,2.362273e+00
2.137355e+00,4.940450e+00
1.029046e+00,3.008689e+00
6.873616e+00,5.784366e+00
3.249716e+00,4.630945e+00
4.712877e+00,5.491182e-01
2.675472e+00,1.494414e+00
1.569775e+00,1.401487e+00
5.441816e+00,-7.806765e-02
5.804068e+00,-1.102830e+00
2.314343e+00,7.987656e-01
6.839803e+00,2.659943e+00
1.809201e+00,-6.460655e-01
3.394682e+00,-9.539239e-01
4.070556e+00,-1.901229e+00
2.745259e+00,4.662148e-01
3.780722e+00,1.112556e+00
1.590604e+00,2.039176e+00
1.865163e+00,1.353967e+00
6.860478e+00,2.554876e+00
2.907424e+00,9.515820e-01
2.071311e+00,4.603681e+00
3.352439e+00,4.594568e+00
3.265427e+00,1.286697e+00
8.842825e-01,3.405441e+00
3.021687e+00,1.560522e+00
4.684376e-01,-1.121285e+00
2.401351e+00,-1.047218e+00
9.630380e-01,4.005933e+00
-1.088087e+00,-2.223143e+00
4.792009e+00,1.801165e+00
3.504500e+00,3.856052e+00
1.148144e+00,2.277378e+00
5.719393e+00,4.030653e+00
7.038818e+00,3.315711e+00
5.121557e+00,2.829417e+00
5.825835e+00,4.480897e+00
3.586443e+00,-4.991218e-01
4.377065e+00,1.418986e-01
3.883386e+00,2.811724e+00
5.044893e+00,3.729261e-01
2.886527e+00,3.030023e+00
4.543381e+00,4.697668e-01
3.122575e+00,-1.202059e+00
3.561600e+00,1.973045e+00
3.024321e+00,3.035925e+00
3.019042e+00,2.872720e+00
3.676700e+00,4.103596e+00
6.225174e+00,2.205755e+00
2.950942e+00,-8.870752e-01
4.503307e+00,1.016194e+00
5.553758e+00,6.881152e-01
2.003657e+00,-2.604695e+00
3.143915e+00,1.013874e+00
4.010422e+00,8.943091e-01
6.427476e+00,1.585239e+00
6.463274e-01,1.442560e-01
3.107582e+00,4.091948e-01
4.150241e+00,2.548744e+00
1.719824e+00,2.066309e+00
2.042456e+00,2.313337e-01
5.859520e+00,1.637064e-01
2.236625e+00,9.252457e-01
2.765856e+00,3.856125e+00
3.214787e-01,4.769326e+00
3.352426e+00,1.848886e+00
4.730806e+00,1.234563e+00
6.251447e+00,3.384549e+00
4.150761e+00,4.189328e+00
5.498188e+00,1.568727e+00
2.497613e+00,2.904874e+00
6.386147e+00,1.465889e+00
1.556644e+00,-9.696863e-01
7.174239e-01,-2.390238e-01
5.938831e+00,3.944782e+00
5.428616e+00,3.139892e+00
5.451526e+00,9.531089e-01
2.805470e+00,1.916619e+00
2.268059e+00,-4.219928e-01
4.657000e+00,5.243190e+00
5.139526e+00,-3.137183e-01
4.721883e+00,1.086461e+00
4.942315e+00,3.616364e+00
4.704925e+00,2.412793e+00
2.880631e+00,-7.047432e-02
4.272967e-01,9.898348e-01
2.563704e+00,4.212505e+00
3.734755e+00,2.649881e+00
2.212460e+00,2.536171e+00
3.545365e+00,3.534882e+00
5.373550e+00,9.216976e-01
2.270076e+00,1.643198e+00
2.510245e+00,1.314205e+00
3.700936e+00,1.779086e+00
6.243427e+00,4.713768e+00
4.568418e+00,-9.484623e-01
5.407050e+00,2.299008e+00
4.321062e+00,1.948841e-01
3.120121e+00,1.389594e+00
5.876536e+00,-2.561315e-01
4.924886e+00,2.172105e+00
4.873452e+00,3.575596e+00
6.130145e+00,2.088570e+00
5.240359e+00,-3.326597e-01
3.643708e+00,8.365892e-01
5.641975e+00,3.484144e+00
2.424277e+00,-1.569362e-01
-2.283658e-01,-5.344983e-01
4.128991e+00,4.084911e+00
4.464635e+00,-3.416938e-01
5.070640e+00,-8.095802e-01
4.607281e+00,-1.463832e+00
2.788818e+00,5.420443e-01
-1.642766e-02,1.706453e+00
3.595044e+00,1.142214e+00
-2.098099e+00,9.393037e-01
3.947969e+00,3.080239e+00
6.912200e+00,2.609074e+00
2.487773e+00,4.282663e+00
2.118187e+00,2.567562e+00
5.098103e+00,-1.116262e+00
6.490632e+00,2.793971e+00
1.616243e+00,-1.680756e+00
4.228198e+00,4.112481e+00
1.068754e+01,1.495618e+00
4.169453e+00,3.566105e+00
5.429298e+00,2.224109e+00
6.048096e-01,1.742843e+00
4.388121e+00,4.325873e+00
3.893440e+00,4.421102e+00
2.548556e+00,-1.223971e-01
3.938728e+00,-1.414571e+00
8.564569e-01,4.988960e+00
3.201636e-01,3.050951e+00
5.014497e+00,2.756868e+00
3.848286e+00,2.663940e+00
4.163750e+00,6.264209e+00
7.380600e+00,1.860836e+00
3.420125e+00,2.972345e+00
1.816222e+00,2.930277e+00
5.192008e+00,3.997579e+00
2.604905e+00,-1.286911e+00
4.159350e+00,5.058522e+00
1.004059e+00,2.870454e+00
3.041631e+00,2.819389e+00
2.763770e+00,3.452758e-01
5.193575e+00,-2.585109e-01
2.518555e+00,1.853652e+00
5.779842e+00,1.277784e+00
1.493498e+00,2.373485e+00
4.102564e+00,2.546531e+00
2.419276e+00,3.396958e+00
6.498170e-01,1.189544e+00
6.891625e+00,8.312555e-01
2.934061e+00,2.656349e+00
3.012131e+00,1.405981e+00
6.076677e+00,1.653206e+00
2.562359e+00,-8.942550e-01
9.433247e-01,3.555948e+00
7.822042e+00,3.573934e-03
