-1.07e+00,1.81e+00
7.83e+00,9.09e+00
8.70e+00,1.79e+01
9.07e+00,3.22e+00
-9.84e-01,-1.85e+00
8.46e+00,3.31e+00
2.94e+00,7.34e+00
5.55e+00,1.18e+01
7.85e-01,5.80e+00
-5.85e+00,9.77e+00
9.42e+00,9.78e+00
5.82e+00,9.12e+00
1.06e+01,-2.50e+00
5.13e+00,1.79e+00
8.42e+00,4.13e+00
-7.05e+00,6.14e+00
1.10e+00,5.07e+00
1.15e+01,5.60e+00
-4.28e+00,1.55e+00
5.32e+00,-2.95e+00
4.19e+00,-3.24e-01
2.34e+01,7.56e+00
5.72e+00,4.27e+00
1.02e+01,2.94e+00
6.59e+00,-2.19e+00
2.43e+00,-8.98e-01
5.50e+00,9.95e-01
1.90e+01,3.38e+00
8.49e+00,6.05e+00
1.15e+01,3.59e+00
3.68e+00,-3.50e+00
5.63e+00,8.55e+00
1.66e+01,6.36e+00
-2.27e+00,1.91e+00
7.84e+00,1.05e+01
-2.30e+00,-5.36e-01
-6.31e+00,1.20e+01
-7.83e+00,1.07e+01
5.94e+00,-5.15e-01
1.67e+00,6.54e+00
-7.39e+00,1.09e+01
9.42e+00,6.00e+00
-4.76e+00,1.17e+01
7.09e+00,1.23e-01
-4.64e+00,3.65e+00
3.87e+00,7.57e+00
7.00e+00,4.58e+00
8.44e+00,-1.76e+00
6.15e-01,2.54e+00
5.22e+00,-5.31e+00
-2.67e+00,6.10e+00
3.19e+00,3.97e+00
8.91e+00,4.25e+00
4.97e+00,4.29e-01
-3.54e-01,1.15e+00
1.03e+01,5.15e+00
1.52e+01,7.65e+00
-7.43e+00,3.34e+00
-8.89e-01,4.95e+00
8.81e+00,2.68e+00
4.77e+00,1.73e+01
4.44e+00,3.01e-01
9.00e+00,3.12e+00
3.15e+00,2.86e+00
1.13e+01,7.24e+00
2.77e+00,6.30e+00
9.20e+00,9.40e+00
5.79e+00,1.28e+00
4.62e+00,7.41e+00
-9.78e-01,6.03e+00
1.44e+01,1.00e+01
1.37e+01,3.07e+00
1.17e+01,3.51e+00
1.97e+00,3.31e+00
9.60e+00,7.76e+00
6.05e+00,9.63e+00
-7.40e+00,1.50e+01
1.02e+01,-1.76e+00
2.13e+00,5.34e+00
7.42e+00,1.69e+00
7.86e+00,1.46e+01
5.78e+00,-8.03e-02
-8.96e-01,1.63e+00
1.38e+01,4.35e+00
1.35e+01,7.46e+00
-8.87e-01,2.54e-01
7.82e+00,9.63e+00
3.65e+00,1.23e+01
1.20e+01,6.73e+00
-3.34e+00,1.37e+00
-4.29e+00,6.68e+00
1.07e+00,-6.75e+00
5.43e+00,-1.11e+01
5.27e+00,2.73e+00
-6.33e+00,8.80e+00
-1.61e+00,2.77e+00
-6.63e+00,-8.01e-02
-3.30e-02,1.28e+01
6.29e+00,8.98e+00
7.60e+00,4.37e+00
3.24e+00,2.00e+00
5.64e+00,2.18e+00
6.11e+00,3.60e+00
-2.27e+00,3.38e-01
4.68e+00,4.10e+00
3.28e+00,1.01e+01
-4.79e+00,6.21e+00
5.73e+00,8.90e+00
1.35e+01,8.33e+00
1.37e+00,1.33e+01
9.33e-01,6.62e+00
2.23e-01,1.06e+01
1.29e+01,1.47e+01
-1.78e+00,-1.04e+00
3.01e+00,1.55e+01
6.78e+00,1.45e+01
9.02e+00,9.50e+00
2.02e+00,1.04e+01
8.83e+00,6.91e+00
1.65e+01,7.36e+00
9.72e-01,7.87e+00
1.61e+01,1.11e+01
-2.55e+00,1.40e+01
8.76e+00,1.76e+01
8.92e+00,4.49e-01
6.91e+00,4.60e+00
2.33e+01,6.69e+00
5.06e+00,3.61e+00
1.34e+01,9.74e+00
8.09e+00,5.98e+00
8.55e-01,9.15e+00
1.34e+01,-1.04e+00
9.56e+00,1.30e+01
7.36e+00,6.16e+00
-3.95e+00,3.35e+00
1.63e+01,-1.64e+00
5.96e+00,7.71e+00
1.09e+01,7.47e+00
-1.12e+00,8.52e+00
3.70e+00,1.62e+01
1.12e+01,1.22e+01
6.26e+00,3.62e+00
5.46e+00,1.01e+01
4.85e+00,6.21e+00
8.31e+00,6.46e+00
8.17e+00,1.28e+01
3.09e+00,1.76e+01
9.20e+00,3.49e+00
5.84e+00,1.19e+01
1.34e+00,1.23e+01
8.23e+00,7.94e+00
1.16e+01,3.12e+00
2.44e+00,-2.39e+00
1.97e+00,1.55e+00
-1.56e+00,4.64e+00
-5.42e+00,6.71e+00
4.92e+00,-3.12e+00
7.95e+00,-3.40e-01
6.12e+00,1.13e+01
-1.08e+00,-5.00e+00
6.35e+00,1.62e+01
2.93e-02,9.12e+00
5.21e+00,5.55e+00
-6.93e-02,6.18e+00
-2.73e+00,1.13e+01
-6.46e+00,1.01e+01
8.06e+00,9.91e+00
2.00e+00,-2.00e+00
8.40e+00,5.34e+00
6.85e+00,1.67e+00
1.11e+01,4.98e+00
1.41e+01,-6.39e-01
7.91e+00,6.25e+00
5.12e+00,5.01e+00
-5.56e+00,3.01e+00
3.23e+00,8.46e+00
1.78e+00,4.75e+00
4.27e+00,1.36e+01
8.91e+00,6.68e+00
-1.01e+00,4.17e+00
1.46e-01,3.39e+00
-1.40e+00,-3.61e+00
1.49e+01,1.65e+01
9.99e+00,8.56e+00
9.80e+00,-1.11e+00
7.82e+00,2.27e+00
4.38e+00,3.90e+00
4.61e+00,6.30e+00
4.63e+00,7.05e+00
2.13e+00,1.01e+01
7.56e+00,5.65e+00
1.45e+01,-9.72e-01
5.78e+00,-7.10e+00
1.44e+01,5.63e+00
-1.92e+00,3.97e+00
9.39e+00,4.46e+00
7.97e+00,1.88e+00
1.51e+01,3.48e+00
5.60e+00,2.33e+00
6.16e+00,1.52e+01
-3.51e+00,-1.27e+00
9.39e+00,1.57e+01
9.91e+00,1.57e-01
5.72e+00,5.55e+00
3.69e+00,-6.06e+00
-1.07e+01,7.07e+00
7.56e+00,-2.67e+00
4.52e+00,1.84e+01
8.90e+00,8.30e+00
1.05e+01,-3.79e+00
2.53e+00,6.29e+00
1.04e+01,-6.17e+00
1.07e+00,1.17e+01
-1.11e+00,3.71e+00
6.67e+00,-8.51e-01
-1.44e+00,3.48e+00
-1.35e+00,7.89e+00
9.65e+00,-9.86e-01
-4.17e+00,-1.17e+00
2.63e+00,9.52e+00
1.09e+01,9.68e+00
1.31e+01,5.93e+00
5.93e+00,1.09e+01
6.80e+00,4.45e+00
1.79e-01,1.19e+01
8.57e+00,-5.53e+00
2.63e+00,3.76e+00
7.10e+00,7.28e+00
5.13e+00,1.02e+01
4.86e+00,1.29e+00
-2.21e+00,1.18e+01
1.13e+01,9.93e+00
7.57e-01,-2.65e-01
9.74e+00,4.51e+00
8.97e+00,5.51e-01
3.13e+00,6.11e+00
6.61e+00,-1.76e-01
7.45e+00,3.95e+00
4.44e+00,-9.06e-01
1.31e+01,1.12e+01
-7.65e-01,8.04e-01
-4.72e+00,3.67e+00
1.87e+00,9.99e+00
9.63e+00,6.38e+00
4.72e+00,5.92e+00
5.76e+00,2.20e+00
8.82e+00,3.50e+00
1.20e+01,-4.37e-01
-4.37e+00,-6.51e-01
2.73e+00,3.88e+00
1.58e+01,1.99e+01
1.24e+01,2.44e-01
4.08e+00,-4.18e+00
9.35e+00,3.49e+00
8.91e+00,9.06e+00
1.17e+01,5.49e+00
7.95e+00,5.71e+00
8.58e+00,-4.84e+00
-1.78e+00,8.60e+00
1.20e+01,6.29e+00
1.54e-02,-4.21e+00
1.76e+01,8.19e+00
9.11e+00,1.06e+01
1.03e+01,3.76e+00
8.42e+00,1.75e-01
3.98e+00,1.35e+01
5.29e+00,3.93e+00
-3.44e+00,2.95e+00
1.47e+01,4.38e+00
-8.67e-01,7.57e+00
8.22e-01,1.66e+01
7.78e+00,1.37e+00
4.17e+00,-1.97e+00
1.98e+01,5.31e+00
-1.07e+01,-1.99e+00
4.74e+00,1.27e+01
-4.06e+00,-4.38e+00
2.78e+00,1.24e+01
7.73e+00,5.05e+00
1.63e+00,5.03e+00
3.80e+00,1.68e+01
1.98e+01,1.42e+01
1.05e+01,-1.61e-01
7.67e+00,4.05e+00
1.78e+01,9.50e+00
8.53e+00,7.09e+00
9.61e+00,-1.01e+01
-2.29e-01,1.38e+01
3.94e+00,-2.67e+00
9.63e+00,-2.24e+00
1.15e+01,-3.35e+00
6.53e+00,2.70e+00
7.41e+00,3.29e+00
6.53e+00,5.92e+00
1.72e+00,1.16e+01
-3.04e+00,3.96e+00
4.03e+00,8.32e+00
2.90e+00,3.86e+00
5.03e-01,7.81e+00
1.92e+00,9.48e+00
1.14e+01,7.02e+00
4.98e+00,3.59e+00
-7.33e+00,8.33e+00
-5.79e-01,1.21e+01
1.88e+01,8.98e+00
1.05e+01,1.05e+01
9.41e+00,3.72e+00
1.20e+01,1.02e+01
-1.23e+00,1.03e+01
8.89e+00,9.81e+00
-1.40e+00,1.06e+01
-2.03e+00,4.07e+00
4.82e+00,-2.94e+00
-1.03e+00,5.92e-01
1.25e+01,-1.36e+00
5.42e+00,2.46e+00
2.38e+00,1.44e+00
7.13e+00,-3.58e+00
6.42e+00,9.47e+00
6.70e+00,1.77e+00
1.58e+01,6.70e-01
4.70e+00,1.37e+01
7.21e+00,9.52e+00
9.87e+00,1.02e+01
5.27e+00,1.13e+01
-7.48e+00,2.67e+00
3.12e+00,1.38e+01
1.27e+00,9.48e+00
5.10e+00,-1.57e+00
1.60e+01,1.17e+01
3.64e+00,-1.01e+01
2.94e+00,1.07e+01
7.43e+00,1.17e+01
5.99e-01,9.76e+00
2.37e+00,-1.85e+00
9.64e+00,8.85e+00
2.24e-02,-4.41e+00
-1.21e-01,6.41e+00
1.25e+01,6.80e+00
-1.40e+00,-2.19e+00
8.92e+00,6.37e+00
8.86e+00,1.02e+01
-4.92e-02,5.40e+00
5.34e+00,1.70e+00
9.96e+00,2.76e+00
9.72e-02,1.75e+00
9.72e+00,9.93e+00
-1.63e+00,4.54e+00
1.97e+00,1.12e+01
8.76e+00,1.54e+01
