5.253269e+00,6.237166e-01
2.474398e+00,1.514868e+00
5.272392e+00,5.426355e+00
6.370847e+00,1.937307e+00
-3.569443e-01,3.663189e+00
4.409060e+00,8.170297e-01
6.331360e+00,4.932373e+00
8.114063e+00,2.980771e+00
2.861777e+00,6.195379e+00
1.037462e+00,1.046870e+00
2.582360e+00,-5.242808e-01
5.164464e+00,4.666392e+00
2.675921e+00,-1.305449e+00
4.025463e+00,4.212896e-01
2.001958e+00,-1.938695e+00
6.185948e+00,6.328145e+00
5.022998e+00,4.679373e+00
5.419000e+00,7.502817e-01
2.642669e+00,9.423655e-01
3.974039e+00,4.251006e+00
6.791020e+00,2.319114e+00
6.086087e+00,1.483279e+00
1.597801e+00,6.703689e-01
5.668765e+00,1.798772e+00
3.806265e+00,2.497709e+00
6.213414e+00,2.755951e+00
7.247172e+00,2.578629e+00
8.003902e-01,3.747439e-01
4.624443e+00,6.328852e+00
6.253703e+00,3.861919e+00
1.511532e+00,3.020341e+00
7.322881e+00,2.895921e+00
7.273922e+00,4.091725e+00
6.368740e+00,1.900350e+00
1.516717e+00,3.526659e+00
4.003612e+00,2.994729e+00
4.213758e+00,-2.434033e+00
7.955551e+00,-2.552130e-01
4.368688e+00,-5.796113e+00
4.009453e+00,2.544399e+00
6.274350e+00,4.199639e+00
3.174862e+00,7.796183e-01
3.294910e+00,1.370723e+00
1.992172e+00,1.136835e+00
5.708712e+00,2.570735e+00
3.004542e+00,4.960927e+00
2.923171e+00,-8.561153e-01
7.490371e+00,3.956746e+00
7.840345e+00,7.351881e+00
3.416263e+00,5.505864e+00
4.917417e+00,8.990448e-01
3.372540e+00,3.531477e+00
5.208380e+00,2.245920e+00
5.289291e+00,-1.415201e+00
7.732854e+00,2.730917e+00
2.814089e+00,2.206846e+00
4.943063e+00,2.818059e+00
8.911262e+00,3.355027e+00
6.720071e+00,-3.682992e-01
3.315914e+00,1.650879e+00
7.461991e+00,1.110706e+00
2.822000e+00,-2.540274e-01
2.384625e+00,4.348244e+00
5.066246e+00,-1.192604e+00
9.523250e+00,3.592825e-01
3.874245e+00,1.599172e+00
7.050029e+00,5.061708e+00
1.083920e+00,3.554899e+00
3.124676e+00,3.710686e+00
9.864929e+00,1.405984e+00
6.582500e-01,2.733507e-01
5.299188e+00,-6.294641e-01
3.285748e+00,2.849114e+00
4.533367e+00,3.076635e+00
2.086415e+00,4.681412e+00
6.633060e+00,1.539527e+00
3.020353e+00,2.808909e+00
8.344467e+00,-5.153275e-01
4.638220e+00,3.582953e+00
4.659222e+00,1.423117e+00
4.425933e+00,3.957539e+00
-9.185804e-01,2.641491e+00
5.509671e+00,9.540215e-01
6.561596e+00,1.159729e+00
2.731133e+00,3.268574e+00
4.973816e-01,3.084778e+00
7.668109e+00,1.578921e+00
8.049246e+00,1.680692e+00
1.364381e+00,5.705193e+00
7.772864e+00,7.861741e-01
8.366975e+00,3.761172e+00
3.200564e+00,-2.089256e+00
1.004758e+00,3.273108e+00
4.364000e+00,6.362929e+00
9.941665e+00,5.017199e+00
4.692452e+00,3.447950e+00
5.881348e+00,2.868552e+00
2.939674e+00,-4.497565e+00
3.592887e+00,1.333996e+00
2.364241e+00,3.067943e+00
6.613246e+00,1.266213e+00
7.862337e+00,3.096806e+00
4.745097e+00,3.332807e+00
4.843511e+00,7.461526e-01
8.402577e+00,3.818317e+00
5.204803e-01,3.446466e+00
5.739487e-01,3.733642e-02
4.774592e+00,8.269702e-01
6.392192e+00,2.985066e+00
3.856154e+00,-5.950641e-01
4.477106e+00,2.124810e+00
4.389271e+00,1.821820e+00
3.179944e+00,2.654937e+00
1.973661e+00,1.757616e+00
2.146473e+00,3.056220e+00
8.089908e-01,2.110917e+00
3.725680e+00,3.867667e+00
6.482149e-02,2.812519e+00
2.332026e+00,1.178030e+00
3.184774e+00,5.844323e+00
2.622250e+00,2.439410e+00
5.277258e+00,-1.128631e+00
4.237487e+00,1.923240e+00
7.017755e+00,4.022129e+00
2.643012e+00,4.947204e-01
2.025263e+00,8.169520e+00
3.378760e+00,1.506682e+00
4.380768e+00,3.818177e+00
2.296428e+00,5.069307e+00
2.400187e+00,2.219826e+00
4.363940e+00,1.947384e+00
3.546202e+00,4.132585e-01
5.137593e+00,6.519174e-01
2.202331e+00,1.810010e+00
5.322453e+00,2.588180e+00
2.577899e+00,2.631604e+00
7.058561e+00,2.220231e+00
3.189160e+00,7.638925e-01
7.496839e+00,1.456858e-01
1.995112e+00,-1.727952e+00
3.729230e+00,8.172140e-01
6.004165e-01,1.763837e+00
4.047604e+00,-3.173829e-01
8.362908e+00,2.009588e+00
3.517952e+00,-1.347881e-01
5.934975e+00,9.676844e-01
8.051901e+00,-1.175907e+00
7.313852e+00,1.134102e+00
8.448139e+00,4.236782e+00
8.451721e+00,5.854454e+00
5.571781e+00,4.603073e+00
5.919001e+00,4.109847e+00
4.094678e+00,4.416667e+00
6.642041e+00,1.844671e+00
3.889946e+00,4.011540e+00
3.514458e+00,3.182682e+00
3.810111e-01,2.518782e+00
8.874160e+00,1.958867e+00
5.732279e+00,3.235005e-01
7.985125e+00,3.475530e+00
7.973884e+00,5.180009e+00
-7.482716e-01,-1.568735e+00
3.021117e+00,3.154184e+00
4.644127e-01,4.601866e+00
4.238843e+00,3.575398e+00
2.792018e+00,6.226200e+00
6.401813e+00,-6.531270e-01
4.149806e+00,1.997790e+00
6.129530e+00,1.534433e+00
4.666044e+00,4.515147e+00
6.049721e+00,1.078361e+00
5.097098e+00,4.814861e+00
8.812203e-02,-5.645637e-01
2.415987e-01,-8.882770e-02
1.677937e+00,9.900033e-01
7.875679e+00,1.347732e+00
6.801417e+00,1.366770e+00
5.599778e+00,3.830454e+00
6.749140e+00,4.589426e+00
6.625011e+00,3.980278e+00
3.067934e+00,5.451944e-01
5.962564e+00,4.134733e+00
1.172710e+00,2.301075e+00
4.891228e+00,4.815196e+00
1.015093e+01,7.839384e-01
3.545641e+00,-2.001668e+00
3.922595e+00,5.225208e+00
9.415738e+00,4.395841e+00
7.592037e+00,-1.170318e+00
7.268659e+00,2.295325e+00
6.377795e+00,3.183789e+00
2.097486e+00,7.883802e+00
9.512932e+00,-1.726716e+00
5.892748e+00,-5.509918e-01
9.713743e+00,1.290854e+00
3.905494e+00,2.309296e+00
5.411106e+00,2.309750e+00
4.561010e+00,2.888679e+00
1.646304e+00,4.250683e-01
9.395169e+00,5.883227e+00
1.398057e+00,3.086189e+00
7.212352e+00,3.218514e+00
1.927141e+00,-1.547947e+00
-5.439600e-01,4.423210e+00
3.056113e+00,3.654426e+00
4.027665e+00,5.594593e+00
6.619650e+00,4.523097e+00
5.722949e+00,5.304464e+00
1.063006e+01,6.090495e-01
7.476792e+00,1.741631e+00
4.461807e+00,3.422600e+00
5.089197e+00,2.602388e+00
2.097188e+00,2.015920e+00
3.821082e+00,6.500294e+00
6.157684e+00,6.946621e-02
3.540184e+00,3.466481e+00
3.387672e+00,-2.172157e+00
8.668680e-01,2.131189e+00
2.303298e+00,8.442180e-01
9.331027e+00,2.635705e+00
4.241077e+00,3.462310e+00
5.995801e+00,3.128739e+00
9.721263e-01,8.012203e-01
4.398553e+00,1.784458e+00
4.670845e+00,2.688546e+00
3.561097e+00,-6.498420e-01
8.584165e+00,2.674281e+00
2.559825e+00,2.866336e+00
8.360367e+00,4.104682e+00
3.918698e+00,3.740118e+00
2.591718e+00,4.557976e+00
7.399620e+00,3.903556e+00
6.999313e+00,1.535448e+00
6.689443e+00,6.927948e+00
4.437852e+00,2.547807e+00
4.437439e+00,6.547554e+00
2.307653e+00,1.612696e+00
5.240971e+00,1.675571e+00
6.207278e+00,5.246023e+00
4.861548e+00,4.240093e-01
2.188101e+00,5.822119e+00
5.228440e+00,3.590488e+00
2.741890e+00,-2.287928e+00
4.718026e+00,-3.210448e-01
2.383488e+00,9.162237e-01
5.075121e+00,1.595607e-01
4.294592e+00,2.119170e+00
3.334887e+00,3.542399e+00
4.440101e+00,4.161608e+00
6.204219e+00,4.985372e+00
4.621751e+00,2.417004e+00
4.947195e+00,5.256479e+00
1.396578e+00,2.933730e+00
1.418681e+00,3.651300e+00
3.631800e+00,5.114662e+00
4.672850e+00,1.483459e+00
1.855211e+00,-1.082009e+00
8.245841e+00,3.049951e+00
5.234972e+00,-8.639642e-01
1.907675e+00,2.275597e+00
5.810676e+00,2.098880e+00
9.705594e+00,3.150841e+00
4.994069e+00,-6.965782e-01
6.078420e+00,3.525443e+00
7.969585e+00,4.958880e+00
5.823694e+00,-2.572219e+00
4.359273e+00,1.893476e+00
2.209539e+00,3.161055e+00
5.152886e+00,5.786579e-01
8.867840e-01,2.985269e+00
4.615498e+00,5.478928e+00
5.576842e+00,1.942458e+00
5.280560e+00,5.535406e-01
9.363381e-02,2.848524e-01
1.740790e+00,1.558141e+00
8.986604e+00,3.794827e+00
3.895333e+00,-4.889203e-01
1.719256e+00,2.598752e+00
4.324382e+00,3.793273e+00
3.522703e+00,3.780597e+00
4.140699e-01,8.896584e-01
6.075675e+00,-2.852511e+00
6.954552e+00,-1.259927e+00
1.545344e+00,-3.147186e-01
4.598513e+00,7.121244e+00
3.612333e+00,5.211738e+00
8.655408e+00,-2.344944e+00
7.608997e+00,3.750940e+00
7.726111e+00,6.485843e+00
9.727753e+00,5.509190e+00
6.913942e+00,7.514092e+00
5.163567e+00,7.721768e+00
8.307242e+00,3.471296e+00
-6.362072e-02,2.101935e+00
2.968064e+00,2.029846e+00
4.359360e+00,2.420796e+00
8.419480e+00,5.616184e+00
5.781524e+00,5.785094e+00
7.193005e+00,1.909221e+00
7.541566e+00,5.757247e+00
2.769308e+00,5.255528e+00
7.960853e+00,6.074526e+00
4.949550e+00,6.547659e+00
9.321905e+00,-1.264176e-01
-7.881533e-01,-8.764384e-01
5.138187e+00,-6.772486e-01
1.229742e+00,2.553199e-01
5.321371e+00,6.789468e+00
8.237866e+00,1.550863e+00
1.376973e+00,5.410880e+00
9.703686e-01,1.572222e+00
4.247012e+00,1.418424e-01
2.416823e+00,5.445692e-01
9.149453e-01,1.095727e+00
3.516570e+00,2.496668e+00
5.637596e+00,1.505886e+00
5.171834e+00,7.753399e-02
4.055105e+00,8.260252e-01
4.064244e+00,2.525558e+00
-3.112880e-01,2.677782e+00
-1.672934e+00,3.930635e+00
1.498397e+00,-4.009939e-01
5.987276e+00,9.090207e-01
7.672716e+00,3.650711e+00
8.877189e-01,4.143728e+00
5.310728e+00,-1.674622e-02
-1.296546e+00,-2.287750e+00
1.853923e+00,5.047062e+00
3.766695e+00,4.037224e-02
8.498544e+00,-8.841443e-01
6.128285e+00,-9.174848e-01
3.336054e+00,-1.777532e-01
5.395717e+00,3.406695e+00
5.601988e+00,4.897689e+00
5.413776e+00,-6.945810e-01
4.997588e+00,4.351725e+00
4.165107e+00,5.113647e+00
5.868391e+00,-1.724263e+00
8.305706e+00,4.031799e+00
3.688757e+00,3.863571e+00
-6.511096e-01,2.014856e+00
6.134725e+00,2.774737e+00
5.278231e+00,6.082880e+00
1.681678e-02,-7.686188e-01
3.091394e+00,1.338450e+00
4.197663e+00,1.139775e+00
4.473534e+00,4.175465e+00
5.786049e+00,-4.232711e-01
2.831899e+00,3.991898e+00
1.041943e+01,8.050833e+00
4.827010e+00,-5.893591e-02
2.403082e+00,6.262545e-01
5.239977e+00,2.549805e+00
2.276659e+00,-6.349414e-01
5.043989e+00,1.109532e+00
9.075023e+00,4.266971e+00
4.346667e+00,1.730140e+00
4.263296e+00,1.159473e+00
4.171279e+00,2.243387e+00
6.674471e+00,4.597814e+00
3.026192e+00,-6.098525e-01
1.100183e+00,1.310265e+00
7.856215e+00,1.942695e+00
7.850520e-01,-2.974860e-01
2.736789e+00,4.539862e+00
3.441436e+00,4.701831e+00
4.530691e+00,2.212679e+00
3.268440e+00,1.212347e+00
2.911141e+00,1.217817e+00
9.909891e+00,-3.574166e-01
3.418552e+00,-7.949157e-02
6.649865e+00,3.662263e+00
3.050929e+00,5.622412e+00
1.897439e+00,5.417052e+00
6.467386e+00,3.340857e+00
6.625605e+00,4.248870e+00
-1.766500e+00,-7.503045e-01
4.836865e+00,5.801682e-01
8.938554e+00,7.865134e-01
6.964344e+00,5.502939e+00
7.143987e+00,-1.623116e-01
-8.530850e-01,5.540537e+00
9.789601e+00,5.357048e+00
1.657682e+00,4.847613e+00
4.959034e+00,-6.491770e-01
1.012785e+00,-5.284987e-01
3.637039e+00,3.355838e+00
1.379405e+00,3.852131e+00
3.793636e+00,2.359559e+00
6.267458e+00,1.497095e+00
9.762189e+00,1.155589e+00
3.812891e+00,3.757789e+00
4.878515e+00,2.574019e+00
1.209087e+00,1.217622e+00
3.163300e+00,4.207856e+00
1.845064e+00,-1.215447e+00
6.977269e+00,-8.046761e-01
2.445182e+00,-7.821202e-01
6.812282e+00,-4.420458e-01
2.569221e+00,9.312210e-01
4.627704e+00,1.201522e+00
1.592912e+00,2.807706e+00
3.631248e+00,1.183629e+00
5.351330e+00,1.446619e+00
1.505390e+00,1.531302e+00
1.875908e+00,1.145773e+00
2.830625e+00,7.446770e+00
3.127079e+00,-7.961534e-01
6.593063e+00,3.335309e+00
2.244208e+00,1.296228e+00
4.402042e+00,6.970120e+00
7.084912e+00,1.443792e+00
5.255156e+00,3.089958e+00
2.020007e+00,4.840532e+00
2.270077e+00,3.787814e+00
6.309522e+00,3.152803e+00
6.275835e+00,4.382829e+00
-2.830678e+00,-2.146122e-01
3.021970e+00,3.055160e-01
3.188624e+00,6.928383e+00
-9.190246e-01,-3.490029e+00
1.966486e+00,-1.377421e+00
2.185561e+00,1.786282e+00
5.868397e+00,1.089058e+00
4.756584e+00,7.983338e+00
6.007724e+00,1.032749e+00
3.574929e+00,4.795229e+00
4.360975e+00,1.292148e+00
4.320055e+00,1.337226e+00
4.029505e+00,1.203018e+00
2.798050e+00,4.516680e+00
3.573728e+00,3.531963e+00
1.554710e+00,6.557864e+00
5.115830e+00,1.563920e+00
7.467814e+00,2.934224e+00
5.370659e+00,1.568389e+00
5.885652e+00,4.175626e+00
5.994209e+00,4.208599e+00
7.493533e+00,6.924673e+00
2.957514e+00,4.948579e+00
1.821137e+00,5.515424e+00
1.559424e+00,2.578243e-01
2.137537e+00,1.439452e+00
5.290099e+00,1.370689e+00
6.575025e+00,3.709476e+00
7.934554e+00,-7.119302e-01
6.045958e+00,1.780577e+00
8.595680e+00,-2.309675e+00
3.238950e+00,7.921950e-01
4.196359e+00,-2.333497e+00
6.775898e+00,3.112126e+00
4.302877e+00,1.880522e+00
6.930085e+00,9.759961e-01
3.879492e+00,-1.122086e+00
2.747889e-01,1.207130e+00
5.396294e+00,1.962986e+00
4.781172e+00,3.916394e+00
2.708982e+00,1.493861e+00
3.630627e+00,3.875367e+00
1.559522e+00,4.832789e+00
3.014227e+00,6.212085e+00
4.479305e+00,7.245638e-01
4.254639e+00,5.976480e+00
9.188176e+00,2.907988e+00
2.992589e+00,1.995875e+00
2.986873e+00,4.098799e+00
4.556059e+00,6.334937e+00
3.823946e+00,-1.150593e-01
-3.829019e-02,-9.929236e-01
5.533411e+00,4.528298e+00
3.753878e+00,4.696401e+00
7.857140e+00,3.783198e+00
2.152790e+00,-3.078265e+00
1.665819e+00,3.039098e+00
6.356163e+00,4.021845e+00
