-3.64e-01,3.11e+00
9.76e-01,2.63e+00
7.20e+00,-6.28e-02
2.99e+00,7.31e+00
2.43e+00,2.64e+00
6.03e+00,6.49e+00
2.90e+00,6.78e+00
8.75e+00,6.86e-01
4.97e+00,3.01e+00
6.03e+00,2.59e+00
4.38e-02,-1.48e-01
3.99e+00,1.14e+00
4.59e+00,1.34e+00
-8.82e-01,-2.48e+00
7.09e+00,4.56e+00
4.41e+00,6.05e-01
2.83e+00,-3.61e+00
1.10e+00,2.10e+00
5.47e+00,4.71e+00
3.70e+00,4.35e+00
2.94e+00,2.91e+00
2.34e+00,2.70e+00
4.70e+00,3.75e+00
5.72e+00,7.14e+00
8.25e+00,-1.26e+00
4.31e+00,-8.15e-01
1.02e+01,5.10e+00
2.23e+00,1.25e+00
1.33e-01,3.55e+00
4.27e+00,-2.69e-01
7.16e+00,1.14e-01
1.14e+01,6.33e+00
1.06e+00,3.68e+00
2.09e-02,7.57e-01
9.42e+00,5.38e+00
4.26e+00,6.02e+00
-1.87e+00,2.99e+00
5.06e+00,1.86e-01
7.31e+00,5.13e+00
3.97e+00,1.16e+00
2.05e+00,1.80e+00
4.08e+00,3.92e+00
8.37e+00,3.36e+00
5.52e+00,7.80e+00
7.19e+00,3.20e+00
5.84e+00,4.09e+00
3.49e+00,7.93e-01
6.41e+00,2.62e+00
5.94e+00,2.63e+00
4.48e+00,3.00e+00
7.53e+00,4.72e+00
3.14e+00,-1.11e+00
5.24e+00,4.21e+00
2.06e+00,-8.15e-01
3.43e+00,4.73e+00
2.41e+00,5.97e+00
8.26e+00,7.12e+00
2.85e+00,1.39e+00
7.13e+00,4.18e+00
4.69e+00,2.13e-01
4.25e+00,1.49e+00
-3.30e+00,1.03e+00
7.66e+00,4.51e+00
2.04e+00,2.14e+00
6.64e+00,4.90e+00
2.85e+00,-1.47e+00
4.00e+00,2.07e+00
4.55e+00,3.83e+00
7.36e+00,4.20e+00
-2.67e+00,1.26e+00
6.40e+00,3.82e+00
5.09e+00,2.94e+00
4.99e+00,5.97e+00
-1.77e+00,3.23e-01
3.09e+00,-2.57e-02
3.93e+00,3.46e+00
-1.57e+00,4.09e+00
8.34e+00,2.75e+00
4.13e+00,1.58e+00
8.10e+00,-1.30e+00
2.43e+00,9.83e-01
3.68e+00,-1.84e+00
8.25e+00,2.76e+00
6.23e+00,2.14e+00
1.01e+01,4.19e+00
3.32e+00,4.12e+00
-2.05e+00,-1.01e+00
-4.75e-01,1.15e+00
5.12e+00,6.33e+00
9.77e+00,4.49e+00
1.55e+00,6.20e+00
-7.64e-02,2.70e+00
2.22e+00,-7.78e-01
3.65e+00,7.85e+00
6.41e+00,4.64e+00
9.03e-01,5.15e+00
1.96e+00,1.28e+00
3.97e+00,8.20e-01
5.42e+00,3.86e+00
6.75e+00,1.46e+00
2.05e+00,3.22e-01
4.10e+00,3.32e+00
4.50e+00,5.01e+00
4.52e+00,1.35e+00
3.67e+00,3.86e+00
5.59e+00,4.88e+00
6.06e+00,-8.81e-02
5.32e+00,1.24e+00
3.99e+00,-1.83e+00
1.94e+00,3.03e+00
5.22e+00,5.05e+00
6.83e+00,1.36e+00
6.26e+00,4.33e+00
9.36e-01,-3.83e+00
3.75e+00,-1.25e+00
3.37e+00,-6.36e-02
4.28e+00,2.33e+00
4.44e+00,6.99e+00
2.28e-02,-1.34e+00
1.26e+00,3.80e-01
4.07e+00,4.94e+00
6.28e+00,7.31e+00
5.40e+00,4.07e+00
4.82e+00,4.45e+00
1.66e+00,1.09e-01
8.35e-01,4.65e+00
3.66e+00,1.29e-01
6.71e+00,1.41e+00
5.11e+00,1.79e+00
3.32e+00,1.87e+00
4.27e+00,6.02e+00
-2.18e+00,-1.54e+00
6.24e+00,9.97e+00
2.89e+00,7.22e+00
-1.11e+00,3.03e+00
7.31e+00,7.14e+00
7.28e+00,3.11e+00
9.06e+00,4.52e-01
6.82e+00,1.69e-01
4.34e+00,1.59e+00
2.55e+00,7.56e-02
6.94e-01,2.28e+00
4.21e-01,2.49e+00
6.32e+00,6.84e+00
3.87e+00,1.19e+00
8.98e+00,5.41e+00
-2.11e+00,-2.40e+00
2.53e+00,2.84e+00
3.97e+00,1.25e+00
3.54e+00,5.19e+00
6.64e+00,8.50e+00
-1.09e-01,2.56e+00
7.66e-01,-1.47e+00
6.53e+00,5.63e+00
9.31e+00,2.95e+00
3.83e+00,4.82e+00
1.71e+00,2.03e+00
-1.75e-01,-1.35e+00
6.77e-02,-2.39e+00
7.40e+00,6.31e+00
8.19e+00,3.39e+00
5.92e+00,4.46e+00
2.46e+00,2.90e-01
-1.90e-01,-1.92e+00
6.72e+00,-5.01e+00
2.74e+00,4.41e+00
4.21e+00,-7.11e-01
3.82e+00,1.23e-01
4.51e+00,2.10e-01
5.90e+00,2.61e+00
2.33e+00,3.42e+00
5.66e+00,4.14e+00
4.40e+00,5.92e-01
1.27e+00,4.78e+00
4.45e+00,2.37e+00
6.04e+00,-1.01e+00
1.81e+00,1.46e+00
2.93e+00,1.43e+00
3.08e+00,-7.88e-02
-4.37e+00,3.53e+00
1.00e+01,4.94e+00
3.91e+00,-1.04e+00
1.09e+00,1.76e+00
3.07e+00,2.60e+00
5.45e+00,3.98e+00
3.86e+00,2.70e+00
1.47e+00,2.58e+00
9.40e+00,6.18e+00
7.70e+00,3.11e+00
6.44e+00,3.95e+00
5.48e+00,-1.97e-01
3.19e+00,-2.04e+00
7.17e+00,4.29e+00
6.96e+00,-1.40e+00
9.43e+00,2.05e+00
5.58e+00,2.95e+00
5.06e+00,2.98e+00
2.93e+00,3.53e+00
8.75e-01,1.12e+00
1.22e+01,3.10e+00
4.56e+00,-6.89e-01
4.16e+00,3.93e+00
3.12e-01,6.60e-01
2.47e+00,-2.26e+00
1.71e+00,3.66e-01
8.67e+00,3.23e+00
3.76e+00,-2.20e+00
6.44e+00,2.81e+00
5.38e+00,3.15e+00
-9.74e-01,5.80e+00
9.92e+00,5.25e+00
3.04e-01,-3.78e+00
7.28e+00,9.85e+00
3.36e-01,-9.71e-02
5.11e+00,3.12e+00
-2.44e+00,4.96e-01
2.22e+00,-1.33e+00
1.46e+00,4.59e+00
-2.01e+00,4.84e+00
4.60e+00,1.08e+00
5.70e+00,7.64e-01
7.54e+00,6.45e+00
5.78e+00,7.38e+00
-2.84e-01,2.51e+00
6.62e+00,2.05e+00
7.54e+00,5.84e+00
2.91e-01,-2.67e+00
4.73e+00,2.48e+00
6.05e+00,4.18e-01
3.26e+00,-3.63e+00
3.32e+00,2.62e+00
7.04e-01,2.31e+00
2.86e+00,6.53e-02
7.81e+00,5.59e+00
5.36e+00,4.56e-01
5.65e+00,2.18e+00
8.03e+00,2.52e+00
1.17e+01,3.46e+00
6.72e+00,-2.61e+00
6.47e+00,1.70e+00
2.02e+00,-1.35e+00
8.11e+00,-1.26e+00
1.87e+00,1.29e+00
2.36e+00,7.53e+00
8.20e+00,2.57e+00
8.59e+00,3.19e+00
1.01e+00,4.31e+00
-4.91e+00,3.42e-02
5.95e+00,6.13e-01
6.96e+00,3.86e+00
5.22e+00,2.03e+00
6.65e+00,5.74e+00
2.69e+00,4.21e+00
6.75e+00,5.86e+00
1.24e+00,-1.74e-01
4.13e+00,-9.94e-01
4.30e+00,1.60e+00
7.66e+00,5.81e+00
5.30e+00,1.85e+00
6.09e+00,5.28e+00
5.42e+00,8.82e+00
3.39e+00,3.27e+00
8.36e+00,3.96e+00
5.17e+00,4.17e+00
3.29e+00,-1.94e-01
3.09e+00,3.26e-01
3.56e+00,-3.18e-01
1.95e+00,3.46e+00
4.69e+00,1.55e+00
2.02e+00,1.45e+00
-1.54e+00,-8.81e-01
1.87e+00,1.90e+00
3.54e+00,5.26e+00
5.59e+00,2.33e+00
7.49e-01,2.74e+00
3.45e+00,4.46e+00
4.78e+00,4.98e+00
2.72e-01,1.74e+00
3.86e+00,2.02e+00
9.65e+00,6.37e+00
-1.78e-01,-7.93e-01
5.04e+00,1.79e+00
6.44e-01,3.76e+00
4.39e+00,2.53e-01
1.76e+00,4.61e-01
1.56e+00,3.06e+00
1.21e+00,1.29e+00
8.61e+00,2.38e+00
8.95e-01,3.22e+00
4.97e+00,6.87e+00
1.11e+00,6.49e+00
-1.74e+00,2.25e-01
4.38e+00,4.86e+00
1.01e+01,3.14e+00
-4.38e+00,3.32e+00
6.08e+00,2.92e+00
7.05e+00,5.38e+00
9.54e+00,2.42e+00
1.17e+00,-2.04e+00
3.72e+00,5.54e+00
