4.776542e+00,4.547995e+00
1.566210e+00,5.168395e+00
2.856989e+00,2.257106e+00
3.580872e+00,7.861707e+00
9.507597e-01,3.843093e+00
-6.630899e+00,-3.119862e-01
-5.568266e-01,-1.708543e-01
2.712097e+00,2.475209e+00
5.909162e+00,8.009713e-01
1.094320e+01,4.196485e+00
-5.134513e-01,6.288232e+00
3.380372e+00,3.033860e+00
8.604550e+00,2.758963e+00
3.659442e+00,9.193653e+00
2.921344e+00,1.987751e+00
8.621360e+00,5.211130e-01
2.703684e+00,1.724905e+00
1.619444e+00,5.394181e-01
6.159116e+00,6.319770e+00
6.528328e+00,4.337631e-01
-2.631178e+00,-1.184607e+00
-4.163063e-01,2.468290e+00
5.474340e+00,2.734267e+00
5.380844e+00,-3.427652e+00
-1.643339e+00,2.693513e+00
5.279028e-01,3.250097e-01
4.282266e+00,4.633397e+00
-4.031950e-01,4.636612e+00
1.187684e+00,1.419436e+00
-1.801255e+00,-4.457224e-02
-2.343221e+00,3.433143e+00
5.641681e+00,4.850632e+00
4.296876e+00,5.084768e-01
4.470206e+00,-2.734428e+00
5.683201e+00,3.992092e+00
4.252217e+00,-1.107101e+00
-4.716367e-01,5.752040e-01
9.081749e+00,2.670060e+00
-2.150093e+00,1.657456e+00
3.775303e+00,5.894936e+00
2.442998e+00,-1.550152e+00
-3.939291e-01,-1.801101e-01
-3.236348e+00,-3.821083e-01
5.919228e+00,6.840111e+00
8.963550e-01,2.427825e+00
3.558942e+00,-4.038499e+00
3.645729e+00,1.351446e+00
-1.711366e+00,3.224024e+00
2.349817e+00,2.989416e+00
1.409845e-01,-2.429566e+00
2.150214e+00,3.256856e+00
1.868455e+00,-9.480752e-01
4.451830e+00,-5.835715e-01
5.059214e+00,3.620215e+00
7.815920e+00,2.883242e+00
5.060042e+00,2.701682e+00
2.279309e+00,2.490404e+00
1.415315e+00,3.250828e+00
8.244171e+00,4.705384e+00
2.722497e+00,1.643233e+00
8.933609e+00,4.173364e+00
3.196818e-01,-1.073725e-01
7.396253e+00,8.171451e+00
2.554988e+00,7.629690e+00
-9.354141e-01,4.717962e+00
3.423841e+00,4.130698e+00
6.730704e+00,1.696337e+00
3.705634e-01,1.767589e+00
2.300644e+00,-4.691113e-01
-1.999668e+00,2.119671e+00
2.863931e+00,2.128005e+00
1.153885e+00,2.642798e+00
7.116202e+00,4.089749e+00
9.548851e+00,5.462099e+00
2.118591e+00,4.864104e+00
7.349394e+00,8.233945e-01
1.048063e+00,2.323701e-01
-9.253433e-01,8.546805e-01
2.310114e+00,5.621223e-01
1.901612e+00,2.112803e+00
-5.751637e-01,-1.703971e+00
1.336352e+00,2.060046e+00
2.553805e+00,1.350194e+00
-1.086602e+00,6.303880e-01
8.598616e-01,6.297596e-01
1.624083e+00,2.366643e-01
4.701148e+00,-8.916951e-02
8.876355e+00,3.604453e+00
2.668739e+00,4.112159e+00
6.337055e+00,4.850804e+00
3.619570e+00,2.865847e+00
4.872622e+00,3.998253e-01
4.632564e+00,3.597534e+00
-8.714653e-01,4.077408e+00
2.227192e+00,6.424371e-01
1.608387e+00,4.128843e-01
1.697231e+00,-8.689902e-01
4.916097e+00,4.665253e+00
6.696239e+00,2.708192e+00
2.927201e-01,9.996478e-01
3.647427e+00,4.101561e+00
1.975020e+00,1.765462e+00
6.716295e+00,4.471019e+00
1.200192e+00,7.013506e-01
9.095288e-01,6.193946e+00
7.820081e+00,2.682890e-01
-1.606359e-01,1.265619e+00
6.262869e+00,7.407935e+00
2.393219e+00,3.224331e+00
1.192002e+00,-7.429634e+00
6.538855e+00,3.039295e+00
3.012901e+00,-5.180337e+00
4.049673e+00,5.283734e+00
4.109684e+00,9.738392e-01
8.135865e+00,6.587116e+00
3.379710e+00,3.395959e+00
7.854692e+00,2.316410e+00
9.783996e+00,5.816684e+00
5.846040e+00,4.225397e+00
2.074266e+00,4.635932e+00
7.168799e+00,1.467959e+00
2.711363e+00,-9.404056e-01
4.806398e+00,3.098216e+00
1.399921e+00,2.690993e+00
3.260785e+00,5.626948e+00
2.588354e+00,4.729291e+00
4.451659e+00,5.563525e+00
1.710930e+00,2.260233e+00
4.583091e+00,4.548819e+00
-2.016818e+00,5.362561e-01
-4.859395e-02,3.868493e-01
-1.063268e-02,3.597894e+00
2.259601e+00,7.535644e-01
8.754170e-01,2.558760e+00
4.721309e+00,5.310301e-01
-8.452933e-01,7.742400e+00
2.699459e+00,-1.005995e+00
-4.688318e-01,4.090036e+00
2.049278e+00,-7.111183e-01
1.742741e+00,-4.521039e-01
-1.367721e+00,3.842307e+00
3.399112e+00,-6.085201e+00
2.290694e+00,1.527839e+00
9.424047e-01,2.819723e+00
2.079373e+00,2.442988e-01
3.156281e+00,8.034036e+00
5.016740e+00,1.624277e+00
2.903025e-01,2.638440e+00
5.069377e+00,-6.389991e-01
2.846865e+00,3.771010e+00
1.528496e+00,1.337963e+00
1.195342e+00,-1.802490e+00
4.355282e+00,2.398175e+00
1.565252e+00,-5.293273e-01
9.286941e-01,1.440412e+00
4.316844e+00,8.731166e-01
7.962011e+00,2.059940e+00
5.285075e+00,7.279754e+00
3.512819e+00,3.947962e+00
8.513405e+00,3.986800e+00
4.971283e+00,5.235193e+00
8.756642e+00,3.350073e+00
-1.352563e+00,2.989573e+00
5.430225e+00,4.705181e-01
9.722396e-01,3.028216e+00
2.659185e+00,-2.865940e+00
5.602083e+00,2.723465e+00
3.321337e-01,-2.093615e-01
1.871381e+00,5.635146e-01
5.604922e+00,-9.743780e-01
2.109501e+00,4.159038e+00
2.652755e+00,2.476493e+00
-3.224437e+00,4.185592e+00
3.518563e+00,1.177100e-01
3.379105e+00,1.931662e-01
-1.825998e-01,3.940162e+00
-1.585059e+00,3.874528e+00
7.297365e-02,-4.681625e-01
-5.015750e-01,2.250688e-01
-6.946078e-01,-1.123576e+00
6.977434e+00,7.082504e+00
8.378068e-01,1.548556e+00
5.857775e+00,3.603123e-01
8.906250e-01,-4.146068e+00
5.155738e+00,2.229915e+00
7.498264e-02,5.862173e-01
-1.363612e+00,4.144957e+00
-1.895605e+00,3.895259e+00
4.043097e+00,3.552652e-01
5.220185e+00,-2.338047e+00
3.021116e+00,1.629731e+00
1.052901e-03,3.171027e-01
1.533671e+00,4.992918e+00
2.680659e+00,8.131426e-01
-1.877058e+00,1.904081e+00
5.556304e+00,4.710872e+00
5.069390e+00,-2.570704e-01
3.065789e+00,1.530449e+00
7.658548e-02,-3.396712e+00
-6.803663e-01,-7.199228e-02
4.761463e+00,1.208319e+00
7.960151e+00,3.856848e+00
9.819073e-01,-1.342493e+00
7.377062e+00,3.917760e+00
3.106858e+00,7.200329e+00
5.838143e+00,1.794971e+00
5.892900e+00,4.075789e+00
1.995773e+00,8.105627e+00
1.114511e+00,1.647673e+00
5.293983e+00,6.535676e+00
3.297957e+00,2.679465e+00
2.654521e+00,8.874979e-02
-1.616763e-01,4.813577e+00
3.359003e+00,2.946281e+00
4.374112e+00,3.224747e+00
3.905951e+00,7.374278e+00
4.969417e+00,-1.250346e-01
1.591267e+00,-4.160070e-02
4.809082e+00,4.646743e+00
-1.846374e+00,-2.786547e-01
5.842278e+00,2.452740e+00
4.017346e+00,4.485790e+00
4.564550e+00,4.729920e-01
7.977193e+00,5.022301e+00
2.986803e+00,4.328040e+00
8.954411e-01,-2.638610e+00
8.792532e-01,8.116599e-01
3.788493e+00,3.675611e+00
5.658767e+00,5.714821e+00
1.043976e+01,5.488180e+00
4.735821e+00,2.999738e+00
3.808415e+00,2.971596e+00
6.189161e+00,1.296388e+00
-1.292372e+00,1.684755e+00
-6.759955e-01,7.797307e-01
8.951967e-01,2.641419e+00
-1.934596e+00,3.958663e+00
5.650356e+00,5.340558e+00
5.510817e+00,-1.941381e+00
5.551642e-01,-7.515322e-01
3.979366e+00,-7.266824e-01
2.221833e+00,7.629931e+00
3.174057e+00,4.698526e+00
-9.354719e-01,-2.544928e+00
4.564874e+00,-2.848697e+00
1.991339e+00,-1.556527e+00
7.447126e-01,-3.084353e+00
7.717171e+00,8.207210e+00
-3.268581e+00,3.866297e+00
3.055611e+00,1.223273e+00
1.819402e+00,3.954892e+00
1.267865e+00,5.868091e+00
4.457255e+00,1.190157e+00
3.473840e+00,-5.581002e-01
-2.037810e-01,-1.241827e+00
6.711430e+00,4.137348e+00
5.237804e+00,3.075255e+00
6.479155e+00,6.321286e+00
1.448983e+00,2.976498e+00
5.133065e+00,3.402623e+00
5.695051e+00,2.722390e+00
4.516081e+00,2.815025e+00
3.754545e+00,1.926839e+00
1.039193e+00,9.688902e+00
2.718135e+00,-9.249708e-01
5.406077e+00,-4.797189e-01
1.000643e+00,2.677597e+00
5.613115e+00,4.759724e+00
1.035230e+00,5.275834e-01
1.684042e+00,1.249932e+00
2.538539e+00,4.270594e-01
2.331811e+00,1.251672e+00
-1.436653e-01,2.525463e+00
2.415663e+00,2.469877e+00
6.227634e+00,1.869314e+00
4.230566e+00,-2.614872e+00
1.988140e+00,-3.799509e-01
-2.490331e+00,3.681891e+00
6.405683e+00,3.467036e+00
2.485487e+00,6.223616e+00
3.986303e+00,3.261327e+00
-3.752537e-01,-2.232251e+00
8.783862e+00,6.542226e+00
-4.850799e+00,-2.094439e+00
-8.437850e-01,1.178674e+00
4.027536e-01,-7.820842e-01
7.912879e+00,9.516722e-01
7.280302e+00,2.091386e+00
3.967057e+00,1.506564e+00
2.786029e-01,2.751661e+00
2.405927e+00,2.998417e+00
6.972103e+00,4.436131e+00
5.417765e+00,2.847318e+00
4.907660e+00,3.488157e+00
5.312729e+00,2.783759e+00
-7.522300e-01,1.131325e-01
1.798325e+00,2.947821e-01
2.643228e+00,2.264478e+00
-1.435872e+00,8.009804e-01
4.245817e+00,2.382943e+00
1.317165e+00,1.688553e+00
3.678800e-01,3.342346e+00
5.099546e+00,4.974423e+00
4.350188e+00,5.614033e+00
1.825644e+00,2.316623e+00
5.423724e+00,7.439802e+00
-1.131890e+00,4.124575e-01
3.509103e+00,2.979120e+00
2.850569e+00,7.752035e-01
6.923484e+00,1.594424e+00
4.882809e+00,2.502912e+00
3.444581e+00,4.537860e+00
2.551391e+00,3.283111e+00
7.153910e+00,8.595952e-01
6.782871e+00,3.067511e+00
-3.465182e+00,-1.123656e+00
7.136060e+00,-3.650900e-01
5.098409e+00,2.199027e+00
7.311131e+00,2.675548e+00
1.247741e+00,4.633139e+00
3.089885e+00,6.407362e-01
4.625216e+00,3.097574e+00
3.170757e+00,6.081269e+00
-4.817040e-01,2.014662e+00
5.034147e+00,4.823542e+00
-7.609428e-01,2.205255e+00
1.400066e+00,-1.762258e+00
5.851998e+00,9.163484e-01
5.802976e+00,4.926403e+00
8.179944e-01,4.992802e+00
-1.684097e+00,6.252244e+00
4.651246e+00,7.060981e+00
1.670809e+00,1.963495e+00
-7.572570e-01,-2.355355e+00
2.845443e+00,8.012761e+00
1.364460e+00,-2.379781e+00
6.082881e+00,6.354794e+00
6.418730e+00,-2.126403e+00
5.528725e+00,3.573979e+00
-1.789308e+00,1.194315e+00
5.740902e+00,2.966282e+00
1.583004e+00,1.758600e+00
5.280318e+00,6.209159e+00
6.284623e+00,4.459486e+00
2.350345e+00,4.515305e+00
3.066631e-01,3.779763e+00
-2.010146e+00,-3.723282e+00
1.532053e+00,2.340324e+00
7.540541e+00,7.746886e+00
8.403699e+00,-1.860654e-01
1.955925e+00,-2.418941e+00
6.618470e+00,5.197908e+00
6.935852e+00,4.247713e+00
-4.184238e+00,7.645374e-01
2.976879e+00,2.691986e+00
-1.682717e+00,-4.507589e-01
3.818320e+00,3.425148e+00
8.467157e+00,-5.926691e-02
2.708917e+00,-8.540761e-01
4.875613e+00,1.392218e+00
5.363671e+00,2.825962e+00
3.164566e+00,1.087821e+00
8.864157e+00,8.393241e+00
-1.512620e+00,6.342162e+00
5.492892e+00,3.721696e+00
-1.245216e+00,-1.392906e-01
2.644258e+00,2.139412e+00
-1.432395e+00,3.276640e+00
7.138939e+00,6.409393e+00
1.433645e+00,4.297816e+00
6.056428e+00,4.277392e+00
-4.438621e-01,9.308690e-01
6.347930e+00,7.982193e-01
4.881287e+00,3.149713e+00
5.166166e+00,5.917426e+00
2.845423e+00,3.218701e+00
7.950614e-01,2.771007e+00
2.622181e+00,-1.534305e-01
-2.333363e+00,5.146655e+00
4.646280e+00,6.198764e-01
3.363074e-01,3.435718e-01
4.528930e+00,4.368512e+00
1.549232e-01,-4.701542e-01
1.043646e+01,5.870483e+00
1.756547e-01,7.832189e+00
-2.253084e+00,-5.234762e-02
2.301297e+00,3.247246e+00
5.782810e+00,6.274782e+00
5.783251e+00,2.165809e+00
9.180562e+00,4.826410e-01
5.814955e+00,5.620524e+00
3.216252e+00,2.578822e+00
3.845452e-01,2.147999e+00
3.290904e+00,1.769069e+00
3.257272e+00,8.207202e-01
3.539851e+00,3.555923e+00
-2.307938e-01,1.023274e+00
7.880362e+00,3.082189e+00
6.449987e+00,5.091790e+00
7.006460e+00,3.124777e+00
1.676219e+00,2.496131e+00
1.718752e+00,1.249084e+00
5.572042e+00,-1.143673e+00
1.417606e-01,-5.839903e-02
4.059830e+00,3.297277e+00
1.978023e+00,-2.136696e+00
3.030491e+00,5.023985e-01
1.416375e+00,-3.669695e+00
2.108050e+00,1.085567e+00
3.295983e+00,2.028800e+00
4.273194e+00,-1.774655e+00
1.591594e+00,-3.734331e-01
2.672185e-01,6.476407e-01
4.791852e+00,2.725495e+00
-2.212875e+00,3.368614e+00
3.023912e+00,3.299683e+00
-1.376546e+00,-6.267447e-01
5.656116e+00,4.092219e+00
-9.531628e-02,1.175252e+00
4.859975e+00,1.434205e+00
4.477158e+00,5.148989e+00
7.224051e+00,5.118565e+00
2.770666e+00,1.502305e+00
6.970294e-01,6.661530e+00
1.816778e+00,1.132581e+00
6.030193e+00,3.519475e+00
8.833360e+00,8.571451e+00
-9.549114e-01,6.977404e+00
3.429844e+00,3.193168e+00
5.031096e+00,5.820661e+00
4.896905e+00,6.544738e+00
-6.804051e-01,-4.047940e-01
4.780198e+00,-1.583147e+00
9.071514e+00,3.963713e+00
4.631903e+00,6.573686e+00
-7.771314e-01,2.791686e-01
7.578039e+00,4.729472e+00
1.238963e+00,4.042176e+00
4.477021e+00,3.603741e+00
4.162929e+00,6.076946e+00
6.158902e+00,5.565581e+00
2.792913e+00,1.042714e+00
8.365664e+00,5.642229e+00
3.960743e+00,3.258193e+00
2.187148e+00,-7.810362e-01
8.360809e+00,-2.622816e-01
2.963876e+00,-1.567874e+00
2.424378e+00,-1.880778e+00
3.668028e+00,2.172757e+00
1.149810e+01,1.227295e-01
