2.43e+00,-1.57e-01
8.35e+00,9.94e+00
6.76e+00,3.23e+00
1.51e+00,7.98e+00
2.54e+00,8.97e-01
6.77e+00,8.83e+00
6.46e+00,4.19e+00
9.20e+00,3.35e+00
3.24e+00,-2.73e+00
5.30e+00,4.49e+00
1.04e+01,7.95e-01
8.14e+00,1.11e+01
4.05e-01,8.25e+00
2.97e+00,8.37e+00
4.71e+00,-2.49e-01
2.79e+00,2.82e+00
5.24e+00,6.64e+00
4.91e+00,7.91e-01
-1.97e+00,-1.93e+00
5.23e+00,6.93e+00
1.30e+00,4.30e+00
5.52e+00,-1.01e+00
7.77e+00,4.68e+00
-9.63e-01,2.74e+00
5.29e+00,2.49e+00
4.21e+00,2.03e+00
3.29e+00,5.17e+00
-2.25e+00,6.52e+00
5.82e-01,7.58e+00
2.54e+00,4.47e+00
3.81e+00,3.08e+00
2.07e+00,3.34e-01
3.68e+00,9.05e+00
2.33e+00,-1.52e+00
-8.99e-02,5.31e+00
2.36e+00,2.55e+00
9.08e+00,4.46e+00
-1.29e+00,5.27e+00
2.82e+00,4.25e+00
-7.83e+00,4.70e+00
-1.16e+00,5.83e+00
6.49e+00,4.65e+00
7.60e+00,1.72e+00
4.59e-01,1.96e+00
1.00e+01,7.96e+00
-1.34e+00,-2.98e+00
5.39e+00,1.91e+00
5.08e+00,6.65e+00
5.58e-01,6.74e+00
5.34e+00,-3.59e+00
8.60e+00,3.19e+00
6.90e+00,1.41e+00
7.08e+00,-2.55e-01
8.00e+00,5.70e+00
6.35e+00,3.92e+00
7.47e+00,-9.18e-01
-4.04e+00,2.32e+00
-1.04e+00,3.84e+00
7.35e+00,8.10e+00
1.07e+01,2.40e+00
6.90e+00,-7.01e-01
4.90e+00,1.18e+00
1.20e+01,1.04e+01
9.36e+00,8.14e-01
-3.50e+00,5.68e+00
7.91e+00,2.70e+00
8.62e+00,2.89e+00
2.81e+00,9.35e+00
-1.98e-02,7.00e+00
6.25e+00,4.35e+00
1.44e+00,7.59e+00
2.74e+00,-5.32e-01
2.51e+00,2.40e+00
-2.73e+00,4.98e+00
4.29e+00,9.32e+00
3.41e+00,3.43e+00
8.72e+00,4.74e+00
3.18e+00,-3.10e+00
1.12e+01,1.86e-01
4.08e+00,2.56e+00
1.13e+00,-1.45e+00
7.15e+00,-2.99e-01
4.72e-01,2.43e+00
-4.10e+00,1.10e+01
2.13e+00,2.79e+00
3.16e+00,8.29e+00
-1.77e+00,2.20e+00
7.27e+00,5.96e+00
1.16e+00,9.54e+00
-1.73e+00,4.96e+00
3.19e+00,4.99e+00
3.42e+00,-1.89e+00
-2.48e+00,5.80e+00
1.23e+00,1.43e+01
-1.26e-01,-2.53e+00
3.82e+00,2.12e-01
3.23e-02,1.59e+00
4.15e+00,8.07e+00
5.47e+00,1.45e+01
8.89e-02,6.68e+00
8.97e+00,3.05e+00
1.24e+00,3.00e+00
2.05e+00,6.34e+00
7.41e+00,5.74e-01
-1.83e-01,1.02e+01
-6.57e-01,2.24e+00
1.29e+00,6.19e+00
2.37e+00,1.75e-01
-1.47e+00,5.52e+00
6.23e-01,5.96e+00
3.25e+00,2.19e+00
3.98e+00,2.84e+00
-2.60e+00,9.11e+00
1.00e+01,5.00e+00
1.79e+00,8.07e-01
5.19e+00,2.33e-01
1.14e+01,-2.23e+00
9.74e+00,5.63e+00
-8.62e-01,3.01e+00
6.08e+00,-2.48e+00
-1.23e+00,5.81e+00
4.02e+00,4.08e+00
4.88e+00,2.17e+00
-2.47e-01,5.45e+00
2.42e+00,-3.86e+00
5.82e+00,4.11e+00
-1.91e+00,1.58e+00
3.07e+00,9.44e+00
1.20e+00,7.69e+00
4.55e-03,4.94e+00
-5.31e-01,-1.49e+00
3.63e+00,-1.93e-01
6.23e+00,1.33e+00
7.74e+00,1.26e+01
4.64e+00,3.89e+00
1.16e+00,1.01e+01
5.71e+00,4.60e+00
-3.76e+00,1.13e+01
1.70e+00,5.18e+00
4.29e+00,2.38e+00
2.04e+00,-1.65e+00
-2.93e+00,2.32e+00
7.95e+00,-1.92e-01
6.10e+00,5.40e+00
2.06e+00,-1.13e+00
-1.87e+00,1.26e+01
7.12e-01,1.83e+00
-2.23e+00,6.15e+00
5.42e+00,4.56e+00
7.88e+00,3.39e+00
