7.66e+00,2.54e-02
4.34e+00,3.08e+00
5.53e+00,-5.15e-01
3.62e+00,2.05e+00
6.31e+00,1.07e+00
7.66e+00,-6.69e-01
6.56e+00,1.02e+00
2.89e+00,1.19e+00
4.00e+00,2.09e+00
3.48e+00,-5.79e-01
5.49e+00,2.10e+00
4.29e+00,2.12e+00
4.82e+00,3.81e-01
7.47e+00,2.27e+00
1.21e+00,4.73e-01
4.53e+00,9.26e-01
5.28e+00,1.08e+00
6.16e+00,1.27e+00
5.13e+00,-2.09e+00
7.86e+00,2.44e+00
5.62e+00,2.74e+00
6.23e+00,5.98e-01
5.32e+00,7.58e-01
5.90e+00,-2.17e+00
5.20e+00,-5.61e-01
3.36e+00,3.82e-01
4.34e+00,1.74e-01
5.01e+00,2.57e+00
2.25e+00,1.88e+00
5.76e+00,8.53e-01
5.61e+00,1.70e+00
4.84e+00,2.55e+00
5.86e+00,1.43e+00
5.02e+00,8.31e-01
3.88e+00,1.72e+00
3.78e+00,7.38e-01
6.74e+00,1.97e+00
4.10e+00,-6.54e-01
7.66e+00,1.31e+00
2.85e+00,4.76e-01
5.14e+00,2.62e+00
4.60e+00,1.24e+00
2.93e+00,1.38e+00
3.54e+00,-3.48e-01
3.76e+00,2.05e+00
3.52e+00,2.26e+00
5.34e+00,1.03e+00
6.28e+00,2.97e+00
6.95e+00,2.32e+00
6.96e+00,1.83e+00
4.16e+00,-1.12e-01
3.53e+00,-4.24e-01
5.33e+00,8.00e-01
6.22e+00,2.51e+00
3.81e+00,2.38e-01
7.30e+00,-2.56e+00
5.81e+00,-1.09e+00
5.29e+00,-1.83e+00
5.97e+00,6.58e-01
4.55e+00,8.22e-01
3.91e+00,9.83e-01
5.11e+00,1.47e+00
5.85e+00,1.10e+00
5.65e+00,7.33e-01
5.09e+00,-3.13e-01
6.75e+00,1.63e+00
4.49e+00,8.15e-01
5.77e+00,1.52e+00
4.90e+00,1.79e+00
9.10e+00,2.28e+00
8.32e+00,3.16e+00
3.83e+00,1.07e+00
5.66e+00,2.95e+00
5.27e+00,1.39e+00
6.71e+00,1.14e+00
6.80e+00,8.95e-01
6.13e+00,1.15e+00
5.27e+00,-2.52e-01
5.91e+00,9.09e-01
3.81e+00,2.73e+00
2.09e+00,3.95e-01
4.73e+00,3.10e+00
3.32e+00,8.00e-01
4.90e+00,3.62e-01
2.48e+00,3.00e+00
8.49e+00,1.90e+00
4.27e+00,2.18e+00
7.92e+00,1.48e+00
1.99e+00,1.13e+00
9.29e-01,5.24e+00
2.55e+00,8.13e-01
4.87e+00,1.39e+00
4.62e+00,2.20e-01
4.09e+00,1.92e+00
6.10e+00,4.26e+00
4.40e+00,2.20e+00
3.76e+00,1.06e+00
5.15e+00,1.31e+00
6.78e+00,6.59e-01
3.30e+00,-8.32e-02
4.27e+00,3.80e-01
5.13e+00,1.17e+00
4.77e+00,2.40e+00
4.50e+00,-5.09e-01
3.08e+00,1.36e+00
3.14e+00,7.04e-01
6.56e+00,4.79e-01
5.05e+00,3.76e-01
5.56e+00,1.55e+00
5.09e+00,2.24e+00
4.37e+00,-4.30e-02
5.11e+00,1.22e+00
5.07e+00,-3.10e+00
3.58e+00,3.45e-01
4.63e+00,-3.19e-01
5.22e+00,2.20e-01
3.62e+00,1.02e+00
3.07e+00,6.60e-01
6.39e+00,4.06e-01
4.60e+00,1.82e+00
7.04e+00,3.44e+00
3.48e+00,3.07e+00
5.12e+00,5.25e-01
7.81e+00,1.31e+00
5.24e+00,9.52e-01
