5.17e+00,2.50e+00
2.25e+00,6.41e-01
2.43e+00,9.45e-02
7.42e+00,6.92e-01
-1.98e+00,4.35e-01
3.27e+00,-5.48e-01
7.67e+00,9.54e-01
3.12e+00,5.32e-01
5.57e+00,1.70e+00
5.50e+00,2.06e+00
1.49e+00,-1.31e+00
1.04e+00,6.72e-01
4.35e+00,-5.53e-03
7.00e-01,2.73e+00
7.51e+00,1.39e+00
7.15e+00,2.48e+00
4.27e+00,6.37e-01
5.80e+00,1.69e+00
4.96e-01,1.31e+00
2.84e+00,1.12e+00
7.09e+00,4.22e+00
6.35e+00,1.25e+00
2.78e+00,9.54e-01
2.44e+00,1.05e+00
1.16e+01,3.53e+00
3.99e-01,2.81e+00
2.70e-01,2.04e+00
5.42e-01,1.90e-02
5.26e+00,9.96e-01
1.16e+00,5.07e-02
9.61e+00,1.66e+00
1.05e+01,3.58e+00
1.72e+00,9.56e-01
6.67e+00,-4.02e-01
3.96e+00,3.13e+00
4.10e-01,1.33e+00
3.53e+00,-7.09e-01
7.72e+00,3.66e+00
8.52e+00,2.49e+00
6.72e+00,2.88e+00
3.59e+00,2.41e+00
-2.11e-02,1.81e+00
-1.70e+00,-5.79e-01
-1.76e-02,2.52e-01
1.83e+00,1.27e-01
5.36e+00,7.44e-01
6.95e+00,1.29e+00
8.84e+00,7.38e-01
7.56e+00,8.72e-01
-1.84e-01,1.78e+00
7.25e+00,1.13e+00
5.65e+00,-1.07e+00
5.99e+00,5.07e-01
5.59e+00,1.35e+00
6.06e+00,2.91e+00
6.20e+00,1.73e+00
3.68e+00,9.63e-01
2.76e+00,3.96e+00
-1.46e+00,1.18e+00
5.97e-01,1.09e+00
-1.56e+00,3.40e+00
4.08e+00,-1.41e+00
3.18e+00,8.41e-01
9.22e+00,1.22e+00
2.12e+00,1.68e+00
2.41e+00,5.05e-01
6.80e+00,3.42e-01
6.72e-01,-1.65e-01
7.85e+00,-1.86e-01
5.51e+00,-9.77e-01
3.35e+00,1.04e+00
2.02e+00,3.27e-01
3.72e+00,2.70e+00
1.35e+00,9.11e-02
5.44e+00,2.81e+00
6.88e+00,2.18e+00
1.80e+00,3.90e-01
6.90e+00,1.02e+00
5.18e+00,1.73e+00
1.34e+00,-9.68e-01
4.05e+00,1.50e+00
6.29e+00,2.37e+00
6.90e+00,3.63e+00
5.02e+00,5.40e-01
7.22e+00,4.28e+00
3.82e+00,2.76e+00
8.99e+00,4.11e+00
1.89e+00,7.81e-01
-7.36e-01,6.08e-01
5.01e+00,2.79e+00
4.36e+00,8.25e-01
1.85e+00,4.01e-01
5.13e+00,2.09e+00
3.72e+00,-4.50e-01
3.03e+00,1.23e+00
2.01e+00,-1.53e-01
-3.19e+00,2.46e+00
8.71e-01,3.85e+00
3.99e-01,7.58e-01
1.51e+00,1.64e+00
4.64e+00,2.69e+00
4.39e+00,1.25e+00
4.42e+00,4.00e+00
3.26e+00,1.97e+00
3.36e+00,2.46e-01
6.46e+00,2.53e+00
2.81e+00,1.98e+00
2.34e+00,3.99e+00
5.59e+00,8.96e-01
6.43e+00,4.44e+00
3.14e+00,1.50e+00
1.32e+00,5.78e-02
5.59e+00,1.94e+00
7.30e+00,4.92e-01
2.72e+00,2.06e+00
1.82e+00,-1.04e+00
1.59e+00,7.18e-01
-6.32e-01,-6.47e-01
4.95e+00,-2.62e-01
3.27e+00,2.62e+00
6.10e-01,8.23e-01
-5.14e-01,1.47e+00
4.52e+00,2.81e+00
1.35e+00,5.81e-02
5.93e+00,9.24e-01
6.71e+00,-1.05e-01
4.24e+00,1.90e+00
2.17e+00,7.50e-01
9.81e-01,1.04e+00
1.34e+00,2.54e+00
8.67e+00,-9.28e-01
2.49e+00,-1.88e+00
6.40e-01,1.91e+00
7.53e+00,2.92e+00
1.05e+01,1.00e+00
-1.50e+00,-2.26e-01
8.17e-01,1.29e+00
1.19e+00,3.19e+00
-7.49e-01,1.32e+00
-2.84e-01,4.26e-01
8.80e+00,1.29e+00
-9.79e-01,2.58e+00
2.80e+00,1.05e-01
3.45e+00,1.83e+00
1.11e+00,1.78e+00
1.77e+00,6.62e-01
8.24e-01,-1.73e+00
7.95e-01,1.31e+00
8.53e+00,1.08e+00
4.48e+00,1.20e+00
5.49e+00,-2.15e-01
1.52e+00,1.14e+00
2.73e+00,3.91e+00
3.57e+00,1.10e+00
7.64e-01,6.52e-01
8.52e+00,1.47e+00
7.33e+00,2.59e+00
6.29e+00,4.04e+00
-1.45e+00,9.25e-01
-7.60e-01,-5.62e-01
3.41e+00,1.12e+00
6.59e+00,1.15e+00
8.74e+00,1.83e+00
3.55e+00,5.71e-01
4.43e+00,1.38e+00
6.47e+00,3.04e-01
1.03e+01,3.15e+00
3.48e+00,3.45e-01
2.39e+00,-9.68e-01
5.79e+00,2.83e+00
5.74e+00,4.63e-01
-7.81e-01,5.34e-01
1.63e+00,-1.58e+00
2.53e+00,-2.10e-01
5.09e+00,-1.51e-02
-2.22e+00,1.82e+00
6.72e-01,5.02e-01
4.39e+00,-1.05e-01
7.60e+00,-2.83e-02
4.40e+00,2.31e+00
5.64e+00,1.70e+00
3.08e+00,-1.17e+00
8.45e-01,2.25e+00
8.65e+00,2.02e+00
1.08e+00,2.96e-01
-2.00e-01,3.48e-01
4.37e+00,3.52e+00
1.49e+00,-6.90e-02
7.01e+00,1.29e+00
7.63e+00,3.00e+00
2.75e+00,-8.36e-01
5.55e+00,2.89e+00
3.27e+00,1.83e+00
3.11e+00,2.46e+00
6.96e+00,1.54e+00
7.35e+00,2.50e-01
7.39e+00,1.85e+00
7.45e-01,1.78e+00
2.04e+00,4.06e+00
8.89e+00,1.28e+00
6.89e+00,2.05e+00
2.76e+00,1.50e+00
2.13e-01,3.63e-01
2.43e-01,1.64e+00
6.04e+00,2.05e+00
4.94e+00,2.24e+00
4.40e+00,2.25e+00
6.91e+00,1.25e+00
6.09e+00,5.19e-02
2.94e+00,4.26e+00
1.06e+01,-1.79e+00
1.87e+00,1.58e+00
8.60e+00,6.13e-01
5.40e+00,-5.99e-01
-1.35e-01,-6.83e-02
5.31e+00,1.34e+00
7.23e+00,2.15e+00
3.02e+00,1.88e+00
7.11e+00,1.92e+00
5.94e+00,9.34e-01
5.37e+00,2.61e+00
8.08e+00,5.94e-01
7.46e+00,2.59e+00
8.14e-01,1.43e-02
1.09e+00,-9.66e-01
4.52e+00,2.74e-01
2.11e+00,-1.57e+00
-8.78e-01,1.63e+00
5.50e+00,5.12e-01
4.26e+00,2.67e+00
1.47e+00,7.37e-01
6.20e+00,-4.52e-01
1.65e+00,8.46e-01
4.32e-01,8.52e-01
1.98e+00,-6.17e-01
1.06e+00,1.15e+00
4.81e+00,2.68e+00
1.74e+00,3.94e+00
1.01e+00,-5.23e-01
9.49e+00,2.75e+00
4.96e+00,1.85e+00
4.81e+00,3.02e+00
3.11e+00,1.71e+00
6.16e+00,3.33e+00
4.94e+00,1.83e+00
4.57e+00,1.48e+00
3.25e+00,2.06e+00
2.54e+00,-6.08e-01
6.54e+00,3.24e+00
5.31e+00,8.64e-01
1.77e+00,1.27e+00
4.63e+00,6.35e-01
9.48e-01,2.00e-01
1.60e+00,1.27e+00
2.73e+00,2.29e+00
4.34e+00,1.39e+00
5.85e+00,1.97e+00
3.64e+00,-5.90e-01
2.81e+00,2.82e+00
7.85e+00,1.97e-01
5.42e+00,4.75e-01
2.65e+00,9.72e-01
1.22e+00,8.97e-01
4.46e+00,7.67e-01
6.66e+00,5.66e-01
-6.59e-01,1.11e+00
3.77e+00,1.91e+00
4.08e+00,6.54e-01
5.60e+00,1.73e+00
4.21e+00,1.40e+00
3.79e+00,1.41e+00
8.43e+00,3.43e+00
3.74e+00,3.29e+00
-1.21e+00,9.32e-01
-4.75e-01,-2.42e+00
7.24e+00,2.74e+00
3.02e+00,7.59e-01
5.14e+00,1.49e+00
5.28e+00,1.03e+00
5.30e+00,1.33e+00
4.13e+00,1.27e+00
3.61e+00,3.33e-01
6.65e+00,7.93e-01
4.37e+00,1.36e+00
4.54e+00,5.34e-02
6.42e+00,2.27e+00
3.65e+00,2.24e-02
6.82e-01,1.29e+00
4.01e+00,-1.10e-01
6.42e+00,2.34e-01
4.78e+00,1.93e+00
5.90e+00,9.64e-01
6.96e-01,-1.20e+00
4.68e+00,3.73e+00
4.52e+00,-5.28e-01
3.16e+00,2.31e+00
8.60e+00,1.23e+00
3.96e+00,5.26e-01
8.19e-01,2.98e-01
-5.60e-01,2.02e+00
4.07e+00,-1.54e-01
2.77e+00,-1.86e+00
3.05e+00,3.04e+00
2.79e+00,-8.55e-02
4.95e+00,2.07e+00
7.15e+00,3.10e+00
1.38e+00,2.57e+00
6.94e+00,2.52e+00
2.14e+00,9.56e-01
5.78e+00,1.40e+00
2.53e+00,3.39e+00
3.72e+00,-3.90e-01
3.04e+00,5.53e-01
5.69e+00,1.22e+00
2.65e+00,1.63e+00
-5.28e-01,5.07e-01
5.16e+00,5.32e-01
6.49e+00,2.74e+00
8.80e+00,2.02e+00
1.48e+00,1.32e-01
5.78e+00,9.36e-01
8.95e+00,4.98e-01
5.95e+00,2.31e+00
5.08e+00,3.92e+00
4.93e+00,3.16e+00
5.82e+00,9.82e-01
3.96e+00,1.85e+00
7.17e+00,-2.42e-01
7.22e+00,2.88e+00
8.82e+00,2.25e+00
4.00e+00,7.47e-01
1.93e+00,4.75e-02
-1.33e-01,6.10e-01
6.70e+00,1.22e+00
1.51e+00,2.94e+00
4.05e+00,1.37e+00
4.18e-01,1.09e+00
2.37e+00,1.67e+00
1.18e+00,1.12e+00
8.97e+00,1.01e+00
7.04e+00,3.40e+00
-1.48e+00,1.03e+00
5.27e-01,-2.58e-01
2.51e+00,8.19e-01
5.13e+00,1.90e+00
2.07e+00,7.12e-01
7.84e+00,9.53e-01
6.60e+00,3.22e+00
5.88e+00,1.53e+00
-2.26e-01,2.69e-01
7.64e+00,3.58e-01
1.13e+00,5.10e-01
4.69e+00,1.55e+00
1.91e+00,6.87e-01
4.81e+00,2.41e+00
1.34e+00,1.84e+00
3.38e+00,1.76e+00
8.25e+00,1.53e+00
9.73e+00,-5.30e-01
5.50e+00,1.32e+00
4.18e+00,6.44e-02
1.92e+00,9.41e-01
5.77e+00,4.66e+00
3.32e+00,6.77e-01
1.44e+00,1.30e+00
4.43e+00,3.29e-01
4.34e+00,-6.72e-01
-7.80e-02,1.37e+00
4.32e+00,2.38e-01
7.85e-01,1.60e+00
2.20e+00,3.91e+00
7.98e+00,2.24e+00
3.43e+00,1.60e+00
8.97e+00,1.48e+00
3.62e-01,1.71e+00
2.06e+00,1.45e+00
8.95e+00,-9.90e-01
3.04e-01,1.53e+00
5.33e+00,8.81e-02
8.77e+00,3.11e+00
3.45e+00,1.04e+00
8.70e+00,2.95e+00
-7.11e-01,2.03e+00
-9.31e-01,1.88e+00
5.62e+00,4.66e-01
2.70e+00,-8.56e-01
4.72e-01,9.11e-03
4.76e+00,-1.02e-01
7.04e+00,1.30e+00
3.67e-01,1.83e+00
1.47e+00,-1.43e-01
3.89e+00,-6.63e-01
-1.82e+00,-1.42e-01
9.16e+00,1.09e+00
6.52e+00,5.28e-01
2.19e+00,2.40e+00
-6.29e-01,8.36e-01
8.56e+00,5.18e-01
4.52e+00,-3.00e-01
2.94e+00,2.47e+00
3.24e+00,1.76e+00
4.06e+00,1.10e+00
7.12e+00,3.65e+00
4.39e+00,1.19e+00
5.90e+00,1.85e+00
1.82e+00,1.46e+00
1.26e+00,9.73e-01
2.97e+00,4.06e+00
4.02e+00,-2.92e-01
2.98e+00,1.33e+00
3.42e+00,2.23e+00
4.69e+00,1.49e+00
7.89e-01,1.83e+00
3.03e+00,-2.99e-01
2.18e+00,5.44e-01
1.30e+00,-9.15e-01
4.76e+00,3.47e+00
3.63e+00,2.90e+00
3.91e+00,9.72e-01
4.45e+00,5.81e-01
4.45e+00,1.21e+00
7.76e+00,1.19e+00
5.79e+00,2.25e+00
5.31e+00,2.89e+00
2.82e+00,1.66e+00
