-7.68e+00,-4.68e+00,-3.79e+00
-1.35e+01,-9.45e+00,1.34e+01
5.04e+00,8.04e+00,3.14e+00
-1.98e+00,2.02e+00,3.22e+00
2.54e+00,7.54e+00,5.69e+00
-1.65e+00,2.35e+00,5.95e+00
-1.10e+01,-8.00e+00,1.20e+01
-9.49e-01,4.05e+00,8.22e+00
-3.56e+00,1.44e+00,8.34e-01
-4.69e+00,1.31e+00,7.17e+00
-4.68e+00,-6.80e-01,-7.85e-02
1.10e+01,1.40e+01,-1.00e+00
-8.07e+00,-4.07e+00,1.38e+01
4.36e+00,7.36e+00,4.23e+00
-1.70e+00,3.30e+00,8.81e+00
6.11e+00,1.01e+01,9.83e+00
2.69e+00,5.69e+00,6.17e+00
-9.90e-02,3.90e+00,4.50e+00
1.83e+00,5.83e+00,-1.44e+00
3.60e+00,7.60e+00,3.84e+00
8.65e-01,5.86e+00,6.84e+00
-5.71e+00,-2.71e+00,4.38e-01
3.27e+00,6.27e+00,1.85e+00
6.71e+00,1.27e+01,7.85e+00
3.08e+00,9.08e+00,1.46e+01
1.27e+01,1.67e+01,1.41e+01
4.82e+00,9.82e+00,7.88e+00
-7.17e+00,-1.17e+00,3.28e+00
-9.38e-01,4.06e+00,7.84e+00
5.60e+00,8.60e+00,9.84e+00
4.97e+00,9.97e+00,-5.79e-01
-1.48e+00,4.52e+00,8.24e+00
-4.19e+00,1.81e+00,-2.34e+00
7.23e-01,3.72e+00,9.45e-01
5.84e+00,9.84e+00,3.00e+00
5.94e-01,4.59e+00,1.36e+00
-2.02e+00,1.98e+00,-6.73e+00
1.20e+00,4.20e+00,-1.76e+00
-6.30e+00,-3.30e+00,-4.90e+00
-1.90e+00,4.10e+00,1.05e+01
4.42e+00,9.42e+00,6.37e+00
7.05e+00,1.01e+01,9.51e+00
5.64e+00,9.64e+00,3.49e+00
-2.16e+00,3.84e+00,6.15e+00
8.68e+00,1.37e+01,5.95e+00
-1.03e+01,-7.30e+00,-4.65e-01
-2.38e+00,6.25e-01,-6.17e+00
-4.81e+00,-1.81e+00,-6.38e-01
-2.57e+00,3.43e+00,1.03e+01
-1.23e-01,2.88e+00,2.25e+00
2.49e+00,5.49e+00,1.33e+01
5.52e+00,1.05e+01,7.02e+00
-4.07e+00,-1.07e+00,-2.89e+00
-2.61e+00,3.93e-01,8.46e+00
-2.02e+00,1.98e+00,1.21e+01
1.06e+01,1.46e+01,6.88e+00
-3.95e+00,5.08e-02,5.74e-01
-2.83e+00,1.75e-01,1.29e+00
-2.06e+00,3.94e+00,1.18e+01
-1.34e-01,4.87e+00,1.95e+00
-4.49e+00,5.11e-01,4.72e+00
3.08e-01,4.31e+00,5.95e+00
1.55e+00,7.55e+00,5.15e+00
2.28e+00,8.28e+00,4.98e+00
-1.08e+00,3.92e+00,6.11e+00
5.04e+00,9.04e+00,4.81e+00
8.87e+00,1.49e+01,1.32e+01
6.00e-01,5.60e+00,7.32e+00
-1.51e+00,1.49e+00,5.81e+00
-4.32e+00,6.76e-01,4.74e-01
6.28e+00,1.13e+01,3.45e+00
2.34e+00,7.34e+00,5.59e+00
4.83e+00,7.83e+00,1.35e+00
9.55e+00,1.25e+01,3.87e+00
7.46e-01,5.75e+00,4.57e+00
-2.53e+00,3.47e+00,4.64e+00
8.28e+00,1.23e+01,2.49e+00
-4.99e+00,1.01e+00,9.80e+00
6.89e-01,4.69e+00,8.94e+00
-8.10e+00,-2.10e+00,1.79e+00
2.10e+00,7.10e+00,9.85e+00
-1.09e+00,4.91e+00,-1.20e+00
9.40e+00,1.54e+01,1.04e+01
3.71e+00,7.71e+00,1.13e+01
-3.38e-01,4.66e+00,5.04e+00
-6.66e+00,-2.66e+00,-2.40e+00
-3.85e+00,1.15e+00,7.45e+00
1.90e+00,5.90e+00,8.87e+00
2.23e-01,4.22e+00,2.50e+00
1.03e+00,7.03e+00,7.93e+00
-3.54e+00,2.46e+00,2.28e+00
-8.88e-01,4.11e+00,-3.07e+00
-2.74e+00,2.57e-01,-3.91e+00
5.25e+00,1.03e+01,-2.14e+00
1.13e+01,1.43e+01,2.36e+00
2.40e+00,7.40e+00,-1.10e+00
-1.84e+00,4.16e+00,2.68e+00
-4.82e+00,1.76e-01,2.91e+00
-9.02e-01,4.10e+00,3.95e-01
1.43e+00,5.43e+00,8.53e+00
2.77e+00,6.77e+00,5.33e+00
-2.66e+00,2.34e+00,9.16e+00
-2.37e+00,2.63e+00,6.52e+00
3.16e-01,4.32e+00,2.59e+00
-1.97e+00,3.03e+00,2.50e+00
3.67e+00,8.67e+00,1.39e+01
2.20e+00,6.20e+00,3.14e+00
6.67e+00,9.67e+00,2.22e+00
6.04e+00,1.20e+01,7.46e+00
-2.33e-01,2.77e+00,1.13e+01
-8.06e-01,2.19e+00,4.43e+00
3.85e+00,9.85e+00,-3.80e+00
-7.32e-01,5.27e+00,9.01e+00
6.62e+00,9.62e+00,9.34e+00
5.80e+00,1.18e+01,6.44e+00
-2.39e-01,4.76e+00,7.07e+00
-3.87e-01,5.61e+00,2.22e+00
5.27e+00,1.13e+01,4.39e+00
-3.04e+00,1.96e+00,6.48e+00
-7.44e-01,2.26e+00,9.65e+00
5.41e+00,1.14e+01,-7.14e-01
-3.54e+00,1.46e+00,2.38e+00
7.84e+00,1.28e+01,1.01e+00
6.71e+00,9.71e+00,6.00e+00
1.10e+01,1.60e+01,5.58e+00
-2.03e+00,3.97e+00,3.61e+00
6.53e-03,6.01e+00,1.20e+01
8.77e+00,1.38e+01,1.01e+01
-6.47e+00,-3.47e+00,5.24e+00
-3.96e-01,5.60e+00,1.24e+01
1.43e+00,6.43e+00,5.59e+00
-2.56e+00,3.44e+00,2.37e+00
-2.75e+00,1.25e+00,8.47e+00
-2.36e+00,2.64e+00,1.85e+00
-5.70e+00,-2.70e+00,1.09e+01
2.37e+00,7.37e+00,3.31e+00
-1.41e+00,3.59e+00,8.96e+00
7.36e-01,3.74e+00,2.49e+00
7.77e+00,1.38e+01,4.07e+00
2.74e+00,6.74e+00,5.54e+00
-1.35e+00,2.65e+00,5.98e+00
5.38e+00,8.38e+00,5.70e+00
-6.41e-01,3.36e+00,2.93e+00
5.84e+00,9.84e+00,7.61e+00
4.35e+00,1.03e+01,-2.42e-01
-9.06e+00,-6.06e+00,5.30e+00
8.17e+00,1.42e+01,4.51e+00
6.91e+00,1.29e+01,7.60e+00
1.58e+00,7.58e+00,7.65e+00
4.63e+00,7.63e+00,2.81e+00
