-1.89e+00,9.95e+00
7.64e+00,3.98e+00
6.69e+00,6.41e-01
6.04e+00,2.28e+00
2.88e+00,4.04e+00
4.48e+00,1.09e+01
7.13e+00,4.15e+00
5.20e-01,2.60e+00
-1.68e+00,2.59e+00
1.00e+01,1.08e+01
4.58e+00,6.42e-01
4.00e+00,-1.38e+00
7.92e-01,1.09e+01
5.67e+00,-6.42e-01
7.84e+00,4.31e+00
3.79e+00,6.24e+00
2.33e+00,6.21e+00
-3.40e+00,-6.55e+00
4.44e+00,9.11e+00
4.57e+00,9.02e+00
-5.34e-01,1.55e+00
5.37e+00,5.74e+00
5.75e+00,-1.85e-01
7.71e+00,1.40e+01
4.49e+00,-2.92e+00
2.40e+00,1.56e+00
5.02e+00,7.22e+00
9.78e+00,7.06e-01
-8.11e-01,1.02e+00
5.06e+00,2.85e+00
7.01e+00,1.86e+00
8.17e+00,7.81e+00
5.86e+00,8.30e+00
2.04e+00,1.30e+01
8.94e+00,-5.34e+00
5.83e+00,1.23e+01
-7.45e-01,9.16e+00
2.80e+00,2.91e+00
7.46e+00,-3.59e+00
9.14e+00,1.25e+01
7.94e-01,1.05e+01
2.45e-01,5.32e+00
2.15e+00,2.17e-01
8.67e+00,8.84e-01
-9.49e+00,2.09e+00
-2.87e+00,-6.22e+00
8.35e+00,5.78e+00
-1.64e+00,5.52e+00
2.48e-02,5.34e+00
7.34e-01,6.37e+00
3.23e+00,6.92e+00
-6.40e+00,-1.22e+00
6.42e-01,1.91e+00
1.02e+01,8.63e+00
3.66e+00,3.22e+00
2.93e+00,3.07e+00
7.30e+00,1.67e+00
3.96e+00,1.07e+00
-1.30e+00,1.91e+00
1.05e+01,1.14e+01
7.81e+00,3.85e+00
7.26e+00,5.37e+00
-1.87e+00,5.87e+00
-5.40e-01,2.89e+00
4.88e+00,-1.21e+00
1.07e+01,7.59e+00
5.54e+00,2.92e+00
4.85e+00,3.63e+00
9.31e-02,1.36e+00
2.03e+00,8.03e+00
4.43e+00,-6.63e-01
3.53e+00,4.89e-01
8.42e+00,3.88e+00
1.21e+01,-1.05e+00
1.07e+01,2.35e+00
2.92e+00,2.76e+00
5.44e+00,2.04e+00
7.95e-01,3.02e+00
3.54e+00,2.36e+00
5.59e+00,2.79e+00
4.56e+00,4.25e+00
3.18e+00,9.47e+00
8.83e+00,7.47e+00
6.62e+00,4.15e+00
9.73e-01,7.39e+00
3.47e+00,5.88e-01
6.40e-01,4.74e-01
-8.25e-01,3.66e+00
6.84e+00,5.28e+00
-9.84e-01,-1.64e+00
2.21e+00,1.40e+00
-2.97e+00,3.65e+00
4.21e+00,4.77e+00
9.44e+00,-8.64e-01
1.17e+00,-6.34e+00
2.08e+00,-3.71e-01
1.11e+01,2.87e+00
3.33e+00,1.20e+01
6.20e-01,2.93e+00
3.74e+00,5.22e+00
5.89e+00,1.30e+01
7.36e+00,-1.91e+00
4.55e+00,-7.43e-01
4.92e+00,8.26e+00
4.94e+00,5.45e+00
4.46e+00,6.50e+00
4.07e+00,1.91e+00
5.80e+00,9.25e+00
7.38e+00,2.87e+00
3.53e+00,-6.83e-01
6.00e+00,-5.05e+00
1.05e+01,8.54e+00
-3.98e+00,9.24e-01
4.02e+00,9.62e+00
5.47e+00,9.30e+00
5.90e-01,5.17e+00
1.09e+00,-1.61e+00
6.28e+00,8.20e-01
9.69e+00,4.89e+00
2.88e+00,-1.08e+00
7.92e+00,7.30e+00
2.23e+00,3.36e+00
4.79e+00,4.68e+00
7.81e+00,9.64e+00
6.71e+00,5.65e-01
4.71e+00,9.47e-01
1.53e+00,6.87e+00
2.29e+00,7.49e+00
4.63e+00,1.65e+01
1.14e+01,7.12e+00
1.57e-01,3.06e+00
9.42e+00,3.41e+00
1.28e+00,5.19e+00
3.46e+00,7.60e-01
-3.65e-01,6.23e+00
2.71e+00,1.26e+01
4.61e-01,3.20e+00
-5.54e+00,4.89e+00
1.25e+00,2.28e+00
-1.70e+00,-4.10e+00
5.91e+00,-1.49e+00
5.21e+00,1.05e+01
4.10e+00,1.24e+00
-1.76e+00,1.76e+00
3.55e+00,1.03e+00
6.67e+00,5.44e-01
1.23e+01,3.15e+00
-2.58e+00,2.60e+00
1.59e+01,2.22e+00
3.53e+00,2.21e+00
-4.11e-01,1.82e+00
-1.92e+00,3.22e+00
2.34e-01,6.75e+00
6.18e-01,-1.90e+00
2.31e+00,6.47e+00
9.55e+00,4.16e+00
1.41e+00,8.37e+00
5.21e+00,-2.68e-01
-2.78e+00,9.42e+00
1.37e+01,1.47e+00
-3.15e+00,5.66e+00
4.40e-01,6.53e+00
1.02e+01,6.65e+00
-1.05e+00,2.19e+00
9.94e+00,1.07e+00
3.66e+00,9.88e+00
9.83e+00,-2.03e-01
9.61e+00,8.55e+00
2.46e+00,5.30e+00
9.41e+00,-5.14e+00
8.58e+00,3.01e+00
-1.00e+00,6.13e+00
3.43e+00,-2.24e+00
1.55e+00,3.47e+00
-3.25e+00,7.94e+00
6.13e+00,8.77e-01
6.81e+00,3.61e+00
-1.78e+00,3.15e+00
-2.09e+00,-3.61e+00
8.01e+00,8.14e+00
1.67e+01,5.88e+00
2.89e+00,5.02e+00
7.68e+00,3.77e+00
1.13e+01,3.57e+00
9.57e+00,7.05e+00
1.64e-01,7.71e+00
3.96e+00,1.19e+00
2.59e+00,1.20e+00
2.91e+00,-5.40e-01
1.70e+00,5.47e+00
-1.49e+00,3.52e+00
2.44e+00,3.11e+00
1.34e+01,2.74e+00
3.24e+00,3.04e+00
4.82e+00,6.44e+00
8.26e+00,1.69e+00
7.41e+00,5.78e+00
1.31e+01,9.85e+00
-1.56e+00,-4.12e+00
7.61e+00,2.04e+00
5.81e+00,-3.28e+00
-2.13e+00,1.01e+01
5.99e+00,7.23e+00
6.39e+00,6.09e+00
9.20e+00,9.90e+00
-4.55e-01,-1.98e+00
-3.69e-01,-2.66e+00
6.93e+00,1.30e+01
4.30e+00,-5.44e+00
3.80e+00,3.49e+00
2.95e+00,6.42e-01
8.96e+00,2.45e+00
8.43e+00,7.55e+00
-9.27e-01,5.64e+00
7.00e+00,7.76e+00
5.84e-01,1.29e+00
1.28e+01,4.65e+00
5.80e+00,1.69e-02
7.81e+00,1.75e+00
8.09e+00,3.90e+00
1.18e+00,5.42e+00
6.27e+00,4.42e+00
3.93e+00,5.46e+00
8.49e+00,4.85e+00
5.91e+00,-4.63e+00
-1.75e-01,4.40e+00
-5.07e-01,-4.23e-01
7.10e+00,3.79e+00
1.28e+01,2.53e+00
6.13e+00,4.54e+00
4.73e+00,-1.36e+00
2.81e+00,3.34e+00
5.64e+00,4.37e+00
7.83e+00,8.97e+00
2.51e+00,1.19e+01
5.34e+00,-1.16e+00
4.00e+00,4.69e+00
2.65e+00,-1.94e+00
1.50e+01,2.14e+00
5.71e+00,4.50e+00
4.47e+00,-8.44e-01
1.13e+00,-6.92e+00
6.51e+00,1.19e+01
2.30e+00,7.08e+00
7.07e+00,7.81e+00
7.26e+00,1.42e+01
9.94e+00,5.13e+00
8.99e+00,7.37e+00
7.27e+00,2.31e+00
3.94e+00,7.09e+00
