7.774709e+00,-1.058118e+00
5.704582e+00,2.091406e-01
1.908142e+00,3.284182e+00
7.921309e+00,2.440203e+00
6.863437e+00,1.081683e+00
3.884696e+00,2.651809e+00
8.153745e+00,4.226056e+00
6.501878e+00,8.902652e-01
3.967171e+00,3.862707e-01
3.338856e+00,2.362650e-01
6.667068e+00,2.012973e+00
7.256512e+00,4.506060e+00
6.237361e+00,1.218576e+00
4.982483e+00,-7.114289e-01
4.658581e+00,1.934357e-01
3.632721e+00,5.063957e+00
7.261538e+00,1.436455e-02
1.973418e+00,1.426318e+00
4.901995e+00,2.027928e+00
6.484325e+00,4.798101e+00
7.918897e+00,-5.252997e-01
3.233304e+00,2.331992e+00
2.321409e+00,1.641475e+00
2.894158e+00,2.013777e+00
5.062556e+00,2.905418e+00
4.074263e+00,1.514348e+00
3.479459e+00,5.126171e-01
5.655399e+00,-1.693843e+00
4.481561e+00,1.028108e+00
4.868450e+00,2.369056e+00
5.374326e+00,3.036908e+00
2.782984e+00,4.976425e-01
4.873654e+00,-5.860835e-01
4.059721e+00,3.042677e+00
2.819129e+00,1.771212e+00
3.075717e+00,4.313438e+00
-1.108084e+00,1.240980e+00
1.155570e-02,2.667261e+00
2.474038e+00,-2.699850e+00
5.162508e+00,1.816307e+00
4.619886e+00,1.530357e+00
7.253478e+00,1.622530e+00
5.442583e+00,-5.318399e-01
5.089918e+00,3.286676e+00
3.204327e+00,3.901306e+00
6.500049e+00,-1.472988e+00
5.215271e+00,2.068418e+00
3.805467e+00,3.879442e+00
4.531361e+00,3.818587e+00
2.722067e+00,9.153484e-01
2.082857e+00,2.616022e+00
3.139004e+00,2.702632e+00
2.941360e+00,4.133195e+00
4.052127e+00,1.146500e+00
4.840366e+00,2.183041e+00
7.896709e+00,6.806602e-01
5.037865e+00,2.388620e+00
4.214748e+00,1.991895e+00
2.892527e+00,2.434305e+00
5.263987e+00,1.438331e-01
4.514348e+00,2.121659e+00
3.306841e+00,-2.679739e+00
5.617627e+00,2.129804e+00
4.074885e+00,1.725938e+00
4.953432e+00,3.340775e-01
5.953084e+00,3.665151e+00
5.248354e+00,2.294501e-01
3.764291e+00,2.528055e+00
5.130100e+00,-1.287309e+00
2.942284e+00,2.637142e+00
6.581946e+00,3.093899e+00
5.904845e+00,3.918747e-01
1.541029e+00,1.035434e+00
8.188854e+00,1.308938e+00
3.614962e+00,1.829339e-01
2.461729e+00,1.111070e+00
3.717940e+00,1.607213e+00
8.577329e+00,2.475384e+00
6.544623e+00,2.020069e+00
8.390669e+00,3.357788e+00
4.484556e+00,2.124966e+00
7.158859e+00,2.461782e+00
1.709455e+00,-1.516064e-01
1.704769e+00,3.328591e+00
3.003122e+00,3.727673e-02
4.722856e+00,-1.159053e+00
6.048170e+00,1.344016e+00
3.239127e+00,2.086608e+00
1.457185e+00,4.242196e+00
6.660200e-01,8.363691e-01
1.341953e+00,2.052135e-01
3.449056e+00,1.809929e+00
3.573703e+00,5.333829e-02
3.498648e+00,2.589827e+00
2.628657e+00,-1.515342e+00
3.277333e+00,4.456240e-01
2.446623e+00,1.884960e+00
2.651922e+00,3.094114e+00
5.454699e+00,3.357350e-01
6.507831e+00,2.482324e+00
6.297278e+00,-9.953209e-01
4.267173e+00,1.605883e+00
4.527464e+00,1.875193e+00
5.903457e+00,2.571214e+00
1.926414e+00,9.832957e-01
4.038584e+00,1.331597e+00
1.356630e+00,1.141584e+00
5.224673e+00,6.911499e-01
7.027812e+00,9.508494e-01
2.859852e+00,5.817841e-02
8.346206e+00,1.745993e+00
5.717040e+00,4.446731e-01
5.938166e+00,-6.034547e-02
3.351637e+00,3.383934e+00
3.066365e+00,-5.015451e-01
6.984773e+00,3.493198e+00
7.763339e+00,4.280282e-01
-2.119510e-01,3.030673e+00
4.534837e+00,2.529605e+00
4.812057e+00,3.525246e+00
4.625364e+00,1.051848e+00
4.176606e+00,1.474006e+00
4.276493e+00,7.432964e-01
2.356144e+00,2.392773e+00
3.282841e+00,1.355134e+00
6.039762e+00,1.332928e+00
1.046363e+00,1.272693e+00
4.573469e+00,6.865663e-01
5.379788e+00,1.510177e+00
2.237921e+00,4.442274e+00
3.672672e+00,1.856734e+00
2.622466e+00,4.251970e-01
7.502794e+00,2.210774e+00
1.938519e+00,2.040992e+00
2.688006e+00,6.485520e-01
5.132566e+00,2.776331e+00
2.871767e+00,1.374094e+00
1.570979e+00,2.463399e+00
3.438431e+00,4.711476e+00
8.038593e+00,1.076253e+00
4.487413e+00,1.782154e+00
2.589289e+00,1.480313e+00
2.798672e+00,2.586335e-01
5.770928e+00,4.163561e+00
2.052048e+00,-6.141530e-02
2.573267e+00,2.859188e-01
6.218770e+00,1.988424e+00
1.074208e+00,1.760557e+00
1.478543e+00,1.351935e+00
1.083295e+00,8.883273e-01
