2.42e+00,1.72e-01
6.10e+00,-6.95e-01
4.74e+00,2.50e+00
5.52e+00,1.55e+00
2.69e+00,3.43e+00
7.45e+00,3.37e+00
3.60e+00,2.21e-01
4.91e+00,2.27e+00
7.70e+00,8.27e-01
3.26e+00,4.87e+00
2.13e+00,4.16e+00
1.66e+00,-1.34e+00
2.11e+00,1.07e+00
4.09e+00,3.06e+00
5.91e+00,3.35e+00
5.92e+00,3.15e+00
6.33e+00,3.49e+00
2.84e+00,1.91e+00
2.52e+00,-8.02e-01
4.71e+00,4.14e+00
1.88e+00,-7.89e-01
4.70e+00,-8.68e-01
5.95e+00,7.68e-01
4.21e+00,1.23e+00
4.89e+00,1.83e+00
6.10e+00,4.70e+00
3.11e+00,-2.37e-01
2.64e+00,-5.44e-01
1.24e+00,3.47e+00
4.03e+00,6.54e-01
2.94e+00,6.85e-01
3.55e+00,2.65e+00
3.98e+00,3.32e+00
1.49e+00,3.78e+00
1.06e+00,2.21e+00
3.03e+00,-3.17e-01
1.20e+00,2.10e+00
4.20e+00,4.57e-01
1.52e+00,3.62e+00
3.68e+00,1.77e+00
4.25e+00,2.76e+00
3.94e+00,7.26e-01
6.18e+00,2.70e+00
7.80e+00,-3.18e-03
6.23e+00,-1.29e-02
3.95e+00,-1.06e+00
2.44e+00,1.92e+00
4.10e+00,3.81e+00
4.83e+00,3.86e-01
6.15e+00,3.47e+00
2.10e+00,2.21e+00
5.52e+00,1.33e+00
5.67e+00,4.50e+00
4.98e+00,3.37e-01
2.96e+00,5.31e-01
1.59e+00,1.50e+00
2.00e+00,3.22e+00
2.72e+00,2.27e+00
3.36e+00,1.74e+00
4.87e+00,3.24e+00
4.58e+00,3.46e+00
3.50e+00,2.44e+00
1.99e+00,1.83e+00
4.68e+00,5.44e+00
9.83e-01,1.33e+00
3.02e+00,-1.95e-01
5.87e+00,3.13e+00
5.67e+00,1.90e+00
5.76e+00,4.56e+00
4.64e+00,1.75e-01
3.75e+00,-1.96e-02
3.76e+00,-5.11e-01
8.23e+00,1.80e+00
3.17e+00,1.64e+00
2.24e+00,2.61e+00
6.92e+00,1.59e+00
3.99e+00,3.63e+00
5.67e+00,5.80e+00
4.14e+00,1.17e+00
4.13e+00,-7.68e-01
1.80e+00,3.21e+00
5.30e+00,4.15e+00
4.01e+00,1.32e+00
7.23e+00,3.81e+00
6.20e+00,5.71e-01
5.66e+00,-3.77e-01
5.12e+00,4.64e+00
8.05e+00,1.08e-01
2.77e+00,4.65e+00
3.74e+00,1.11e+00
4.69e+00,2.69e+00
3.07e+00,1.42e+00
5.65e+00,1.27e+00
4.26e+00,1.71e+00
3.81e+00,2.43e+00
4.15e+00,2.78e+00
4.87e+00,3.20e+00
7.80e+00,8.14e-01
1.98e+00,1.85e-01
3.28e+00,3.96e+00
4.27e+00,1.85e+00
3.80e+00,-1.91e-01
4.18e+00,-7.12e-02
4.17e+00,3.66e+00
1.81e+00,1.06e+00
5.86e+00,2.80e+00
5.77e+00,3.04e+00
3.16e-01,2.68e+00
5.00e+00,-2.98e-01
3.70e+00,4.67e+00
2.59e+00,2.02e+00
5.73e+00,2.62e-01
6.32e+00,2.29e+00
3.47e+00,2.16e+00
5.34e+00,2.84e-01
5.17e+00,-7.82e-01
4.83e+00,1.64e-01
6.12e+00,2.49e+00
2.26e+00,-8.20e-01
2.10e+00,6.98e-01
1.83e+00,3.41e+00
4.46e+00,3.45e+00
4.40e+00,1.32e+00
5.15e+00,2.82e+00
1.79e+00,1.30e+00
6.87e+00,-1.09e+00
6.70e+00,1.72e+00
4.04e+00,2.34e+00
6.79e+00,7.92e-01
4.69e+00,5.23e-01
6.29e-01,3.32e+00
4.76e+00,3.94e+00
5.55e+00,4.90e+00
8.97e-01,8.57e-01
3.63e+00,1.01e+00
3.71e+00,5.22e+00
4.46e+00,7.53e-02
4.08e+00,-2.18e+00
1.80e+00,1.17e+00
5.74e+00,2.10e+00
7.06e+00,1.94e+00
1.90e+00,2.71e+00
2.65e+00,-2.95e+00
5.46e+00,3.02e+00
4.95e+00,3.73e-01
1.07e+00,-1.75e+00
5.77e+00,1.81e+00
4.09e+00,4.52e+00
4.61e+00,1.12e+00
5.52e+00,3.30e-01
3.66e+00,1.68e+00
4.80e+00,-8.12e-02
3.20e+00,4.82e+00
5.45e+00,2.85e+00
5.58e-01,2.22e+00
3.69e+00,4.82e+00
5.50e+00,2.48e+00
4.30e+00,-1.09e-01
3.25e+00,2.36e-01
4.64e+00,2.02e+00
3.95e+00,1.44e+00
5.18e+00,4.74e+00
1.84e+00,1.82e+00
4.08e+00,7.12e-02
2.71e+00,3.25e+00
2.88e+00,-4.01e-01
1.56e+00,4.17e+00
4.97e+00,-4.87e-01
4.34e+00,2.97e+00
6.08e+00,1.97e+00
6.85e+00,2.35e+00
6.44e-01,3.40e+00
1.64e+00,3.32e+00
5.27e+00,1.92e+00
3.54e+00,-1.85e+00
1.96e+00,1.71e+00
2.68e+00,2.60e+00
3.25e+00,3.79e+00
3.84e+00,4.17e+00
2.53e+00,1.13e+00
5.64e+00,1.67e+00
5.65e+00,-1.15e+00
5.64e+00,3.50e+00
1.56e+00,5.27e+00
5.37e+00,4.01e-01
4.60e+00,2.38e+00
5.79e+00,1.70e+00
6.83e+00,2.45e+00
5.87e+00,2.59e+00
1.29e+00,1.29e+00
2.14e+00,1.53e+00
6.60e+00,2.67e+00
3.50e+00,2.39e+00
4.43e+00,2.25e+00
3.31e+00,1.70e+00
3.25e+00,-3.51e-01
6.47e+00,2.23e+00
2.18e+00,2.86e+00
3.26e+00,2.20e-01
4.45e+00,2.35e-01
1.85e+00,3.93e+00
3.37e+00,2.63e+00
2.83e+00,1.70e+00
5.00e+00,-6.38e-02
4.91e+00,1.63e-01
2.97e+00,-1.89e+00
2.78e+00,1.89e+00
4.91e+00,4.75e-01
4.21e+00,2.19e+00
5.79e+00,4.74e+00
4.82e+00,3.96e+00
5.55e+00,4.39e+00
2.35e+00,1.52e+00
4.60e+00,1.49e+00
4.32e+00,2.78e+00
4.22e+00,6.49e-01
4.60e+00,7.84e-01
2.33e+00,-6.66e-01
5.67e+00,3.76e-01
5.69e+00,3.04e+00
7.77e+00,6.68e+00
7.00e+00,2.14e+00
2.04e+00,1.89e+00
1.54e+00,2.19e+00
5.13e+00,-1.86e+00
3.63e+00,1.06e+00
3.99e+00,4.01e+00
1.73e+00,6.07e-01
2.78e+00,-2.10e+00
5.24e+00,3.84e+00
5.19e+00,2.82e-01
6.27e+00,2.32e+00
4.80e+00,-1.76e+00
6.18e+00,1.85e+00
3.47e+00,3.42e+00
3.48e+00,4.21e+00
1.37e+00,1.53e+00
4.87e+00,8.58e-01
3.23e+00,1.91e-01
7.78e+00,4.04e+00
1.48e+00,-1.18e+00
2.85e+00,3.04e+00
4.56e+00,-1.26e+00
1.73e+00,4.56e-01
2.68e+00,3.14e+00
3.68e+00,2.26e+00
8.02e-01,5.20e-01
7.61e+00,6.75e-01
3.34e+00,-4.69e-01
6.26e+00,-1.52e-01
5.78e+00,7.86e-01
6.35e+00,2.68e+00
5.01e+00,-2.28e+00
6.49e+00,-4.33e-01
2.29e+00,5.19e-01
2.97e+00,1.72e+00
1.99e+00,6.32e-01
3.93e+00,2.63e+00
2.02e+00,-8.42e-01
4.23e+00,8.27e-01
4.17e+00,6.83e-01
4.99e+00,1.28e+00
3.59e+00,1.58e+00
4.30e+00,5.57e-01
5.48e+00,9.63e-01
3.42e+00,2.25e+00
2.22e+00,-2.49e+00
4.31e+00,4.08e+00
5.39e+00,1.49e+00
3.14e+00,6.43e+00
6.66e+00,2.52e+00
4.12e+00,4.31e+00
3.71e+00,-4.31e-01
4.01e+00,3.93e+00
5.96e+00,3.09e-01
3.91e+00,1.26e+00
7.85e+00,1.66e-01
1.71e+00,1.23e+00
4.08e+00,2.31e+00
5.17e+00,3.52e+00
3.13e+00,-6.71e-01
5.34e+00,2.65e+00
6.36e+00,3.37e+00
1.30e+00,2.74e+00
4.14e+00,3.28e-01
5.48e+00,2.26e+00
1.37e+00,-7.01e-02
5.45e+00,-2.39e+00
5.25e+00,2.95e+00
4.88e+00,2.70e+00
5.08e+00,1.96e+00
3.98e+00,-6.48e-01
4.83e+00,2.13e+00
3.85e+00,1.68e+00
2.16e+00,-3.16e-01
4.60e+00,1.09e+00
3.73e+00,4.79e-01
1.37e-01,3.01e+00
3.50e+00,-1.27e+00
7.36e+00,6.11e-01
5.29e+00,2.04e+00
3.16e+00,1.27e+00
4.83e+00,2.70e-01
4.73e+00,2.25e+00
4.60e+00,1.89e+00
4.03e+00,9.19e-01
5.15e+00,8.24e-01
2.66e+00,2.81e+00
5.10e+00,1.55e+00
4.98e+00,4.76e+00
4.06e+00,3.57e+00
3.83e+00,3.18e+00
3.28e+00,-3.21e-01
4.73e+00,-1.42e+00
5.20e+00,1.88e+00
3.26e+00,1.14e+00
3.03e+00,1.49e-01
5.74e+00,1.03e+00
8.62e-02,2.43e+00
4.71e+00,-5.02e-01
4.67e+00,2.91e+00
6.77e+00,1.13e+00
2.50e+00,2.42e+00
3.14e+00,8.60e-01
3.75e+00,7.90e-02
6.11e+00,-5.53e-02
4.57e+00,3.82e+00
6.11e+00,1.36e+00
5.39e+00,2.07e+00
7.54e-01,1.49e+00
4.44e+00,1.36e+00
2.78e+00,2.79e+00
4.93e+00,-7.33e-01
5.70e+00,1.31e+00
3.99e+00,3.02e+00
3.32e+00,-4.07e-01
5.89e+00,1.12e+00
4.67e+00,1.65e+00
6.32e+00,2.00e+00
6.96e+00,1.64e+00
3.14e+00,2.49e+00
6.13e+00,2.81e+00
7.08e+00,3.72e+00
4.30e+00,1.92e+00
2.79e+00,1.23e+00
3.98e+00,5.15e-01
1.49e+00,-9.82e-01
2.07e+00,-4.15e-01
4.67e+00,1.22e+00
4.77e+00,5.07e+00
4.02e+00,-1.84e-02
6.49e+00,5.40e-01
4.29e+00,8.20e-01
4.05e+00,1.21e+00
5.74e+00,1.18e+00
5.49e+00,1.02e+00
6.47e+00,1.25e+00
4.15e+00,4.19e+00
5.06e+00,1.43e+00
1.76e+00,1.58e+00
9.42e-01,-2.76e-01
4.68e+00,4.34e+00
3.26e+00,8.54e-01
6.61e+00,7.40e-01
3.22e+00,2.63e+00
5.06e+00,6.30e-01
4.41e+00,3.56e+00
4.96e+00,3.06e+00
2.18e+00,1.17e+00
3.29e+00,3.02e+00
6.21e+00,2.18e-01
4.51e+00,1.63e+00
2.20e+00,-1.57e+00
5.34e+00,1.99e+00
5.31e+00,2.85e+00
3.44e+00,1.59e+00
7.60e+00,2.59e+00
2.93e+00,2.75e+00
3.47e+00,1.56e+00
6.03e+00,2.10e+00
3.99e+00,3.18e+00
6.53e+00,1.31e+00
3.61e+00,3.17e+00
6.41e+00,2.30e+00
3.45e+00,-1.46e+00
4.62e+00,4.24e+00
6.22e+00,2.53e+00
4.52e+00,-3.51e-02
5.04e+00,-3.44e-01
4.17e+00,4.58e+00
3.89e+00,-1.67e-01
4.96e+00,3.62e+00
5.60e+00,-1.56e+00
4.07e+00,1.98e-02
3.41e+00,-1.67e+00
1.88e+00,2.19e+00
2.24e+00,1.70e+00
6.90e+00,1.94e+00
5.47e+00,1.94e+00
3.62e+00,2.27e+00
4.06e+00,-5.91e-01
2.81e+00,2.20e+00
4.22e+00,2.94e+00
3.54e+00,-5.73e-01
2.16e+00,-1.70e-01
5.38e+00,7.70e-01
4.08e+00,1.72e+00
7.02e+00,1.64e+00
3.12e+00,8.35e-01
3.06e+00,1.54e+00
4.70e+00,4.32e+00
5.28e+00,3.30e+00
5.55e+00,1.46e+00
4.51e+00,1.70e+00
4.61e+00,5.40e-01
4.99e+00,4.51e-01
4.49e+00,4.38e+00
3.12e+00,2.33e+00
2.27e+00,-1.09e+00
4.17e+00,1.92e+00
4.45e+00,-1.42e-01
1.20e+00,-1.67e-01
5.18e+00,-6.55e-02
5.53e+00,4.86e-01
4.33e+00,2.89e+00
