5.18e-01,2.52e+00,3.15e+00
3.02e+00,6.02e+00,-2.08e+00
1.71e+00,1.71e+00,1.12e+00
1.30e+00,1.30e+00,2.39e+00
9.62e-01,1.96e+00,9.10e-01
1.10e+00,4.10e+00,1.88e+00
-8.96e-01,-8.96e-01,8.06e-01
7.38e-01,7.38e-01,-6.20e-01
1.10e+00,4.10e+00,-1.05e+00
1.09e+00,2.09e+00,3.28e+00
4.09e+00,5.09e+00,1.68e+00
7.64e-01,2.76e+00,1.39e+00
1.90e+00,4.90e+00,9.76e-01
2.57e+00,4.57e+00,2.80e+00
1.87e+00,4.87e+00,1.24e+00
-1.46e-01,2.85e+00,2.23e+00
1.31e+00,2.31e+00,2.27e+00
2.46e+00,4.46e+00,2.94e+00
5.53e-01,2.55e+00,-1.10e+00
7.19e-01,2.72e+00,1.82e+00
-2.97e-01,1.70e+00,3.09e+00
1.79e+00,4.79e+00,3.04e+00
-2.43e+00,5.68e-01,3.14e+00
1.72e+00,4.72e+00,1.68e+00
-1.98e+00,-1.98e+00,1.10e+00
9.18e-01,1.92e+00,4.79e-01
7.05e-01,7.05e-01,9.64e-01
-3.33e-01,1.67e+00,7.32e-02
1.80e+00,3.80e+00,2.65e+00
9.87e-01,1.99e+00,1.33e+00
1.01e+00,2.01e+00,1.35e+00
1.68e+00,2.68e+00,2.16e+00
2.69e+00,3.69e+00,1.10e+00
1.90e-01,1.90e-01,6.01e-01
2.33e-01,2.23e+00,1.68e+00
1.39e+00,1.39e+00,-6.88e-01
6.83e-01,3.68e+00,1.33e+00
2.57e+00,5.57e+00,1.27e+00
8.12e-01,3.81e+00,6.32e-01
9.89e-01,9.89e-01,-8.36e-01
2.00e+00,4.00e+00,-1.77e-01
1.36e+00,4.36e+00,4.73e+00
-2.37e+00,-1.37e+00,8.41e-01
6.50e-01,3.65e+00,5.24e-01
-3.20e-01,6.80e-01,7.04e-01
2.21e+00,4.21e+00,2.94e+00
1.37e+00,2.37e+00,1.33e+00
2.46e+00,2.46e+00,2.56e+00
2.25e-01,2.25e-01,-9.14e-01
-2.07e+00,9.29e-01,7.01e-01
6.31e-01,6.31e-01,9.44e-01
2.38e+00,2.38e+00,1.64e+00
4.05e-01,3.41e+00,1.51e+00
3.51e+00,3.51e+00,8.30e-01
5.98e-01,1.60e+00,-1.32e+00
1.97e+00,4.97e+00,4.54e+00
5.43e-01,1.54e+00,6.16e-01
-1.85e-01,1.82e+00,1.97e+00
1.40e+00,3.40e+00,2.14e-01
1.08e+00,2.08e+00,2.20e+00
1.87e+00,4.87e+00,-2.75e+00
2.23e+00,3.23e+00,2.27e+00
1.47e+00,2.47e+00,1.91e+00
2.31e+00,2.31e+00,2.21e+00
8.76e-01,2.88e+00,1.81e+00
2.25e+00,5.25e+00,1.12e+00
1.56e+00,3.56e+00,-4.17e-01
1.53e+00,2.53e+00,1.16e+00
2.31e+00,5.31e+00,1.65e+00
1.34e+00,3.34e+00,2.12e+00
2.36e+00,4.36e+00,3.06e+00
1.75e+00,1.75e+00,-7.91e-01
4.08e+00,5.08e+00,-3.96e-01
1.94e+00,3.94e+00,1.53e+00
2.58e+00,4.58e+00,1.00e+00
2.29e-01,2.29e-01,1.18e+00
-2.85e-01,1.71e+00,2.14e+00
1.42e+00,1.42e+00,4.68e-01
2.50e+00,4.50e+00,2.40e+00
6.36e-01,6.36e-01,9.34e-01
1.94e+00,4.94e+00,3.59e+00
-3.30e-01,1.67e+00,3.16e+00
1.85e+00,1.85e+00,1.06e+00
2.43e+00,3.43e+00,2.80e+00
6.09e-01,3.61e+00,2.64e+00
-6.15e-01,1.38e+00,1.32e+00
7.28e-01,7.28e-01,-2.02e-01
4.08e-01,3.41e+00,1.35e+00
-3.30e-01,6.70e-01,1.00e+00
8.11e-01,3.81e+00,1.48e-01
6.34e-02,3.06e+00,1.31e+00
-1.90e-01,1.81e+00,2.17e+00
-7.53e-01,2.25e+00,9.44e-01
2.54e+00,2.54e+00,2.34e+00
-2.10e-01,1.79e+00,2.40e+00
2.16e+00,5.16e+00,1.97e+00
2.84e+00,2.84e+00,-1.50e+00
-7.82e-01,2.18e-01,9.35e-01
5.05e-01,3.51e+00,3.81e+00
1.19e+00,1.19e+00,2.83e+00
-1.07e-01,2.89e+00,2.66e+00
-9.42e-02,2.91e+00,2.72e+00
2.72e+00,3.72e+00,1.42e+00
3.03e-01,1.30e+00,1.75e+00
1.81e+00,4.81e+00,2.45e+00
9.95e-01,1.99e+00,2.21e+00
8.08e-02,2.08e+00,1.73e+00
1.04e+00,2.04e+00,3.46e-02
1.05e+00,2.05e+00,1.41e+00
1.84e+00,4.84e+00,3.26e-01
3.14e+00,6.14e+00,3.80e+00
1.40e+00,4.40e+00,1.17e+00
2.07e+00,3.07e+00,2.73e-01
1.27e+00,2.27e+00,5.80e-01
1.68e+00,3.68e+00,1.58e+00
2.06e-01,1.21e+00,1.57e+00
3.90e-02,3.90e-02,1.56e+00
-7.54e-01,2.25e+00,9.90e-01
4.32e-01,2.43e+00,4.05e+00
2.04e+00,5.04e+00,1.89e+00
4.51e-01,2.45e+00,1.72e+00
2.44e+00,2.44e+00,-3.20e-01
-5.18e-01,1.48e+00,1.32e+00
3.83e+00,6.83e+00,9.35e-01
-6.47e-02,1.94e+00,2.89e+00
