1.222452e+00,-2.530685e-01
4.826352e+00,3.457969e+00
9.099204e+00,5.255754e+00
6.448513e+00,6.883061e-01
2.348797e+00,5.179452e-01
5.296173e+00,2.218365e+00
4.699679e+00,3.438617e+00
3.438482e+00,2.813633e+00
1.009773e+01,2.170606e+00
4.217065e+00,3.322545e+00
5.906497e+00,2.384679e+00
-9.278780e-01,-1.272228e+00
7.123462e+00,1.290117e+00
3.582391e+00,2.118721e+00
6.714647e+00,3.092757e+00
4.937150e+00,1.085931e+00
4.419215e+00,2.079257e+00
5.356466e+00,1.558594e+00
7.536010e+00,2.566855e+00
3.704807e+00,2.121013e+00
3.207295e+00,3.806173e-01
7.071273e+00,3.295103e+00
6.551233e+00,8.242868e-01
2.923144e+00,-1.610030e-01
-2.137988e+00,-4.526082e-01
1.088587e+01,2.673824e+00
7.434225e+00,6.399639e-01
8.015627e+00,4.273247e+00
1.183267e-01,2.448847e+00
5.766526e+00,1.331515e+00
5.633765e+00,3.916439e+00
3.124457e+00,1.237113e+00
7.348301e+00,4.751490e+00
6.747923e+00,2.444834e+00
5.734572e+00,2.239427e-01
1.468326e+00,2.659423e+00
2.528942e+00,1.745342e-01
2.931957e+00,4.379433e+00
4.680632e+00,4.174118e+00
3.316361e+00,4.026335e+00
5.469581e+00,2.183269e+00
4.769458e+00,-6.284170e-01
5.442417e+00,1.423538e+00
8.263270e+00,-7.889330e-01
1.378150e-01,3.333713e+00
7.979785e+00,-9.930715e-01
2.947341e-01,-2.912554e+00
9.060172e+00,1.259288e+00
1.501107e+00,6.693760e-01
-5.938969e-01,1.290229e+00
7.048775e+00,-1.059740e+00
4.060302e+00,4.600012e+00
9.513322e+00,2.284861e+00
2.328060e+00,-9.686809e-01
8.210188e+00,-4.050697e-01
6.822812e+00,1.032531e+00
9.242730e-01,-1.929898e+00
1.031726e+01,2.832499e+00
9.621995e+00,3.803958e+00
5.250552e+00,5.626861e+00
-5.369887e-01,-7.629509e-01
1.628908e+00,-2.636149e-01
2.536754e+00,2.093945e+00
-1.018417e-01,1.005242e-01
3.679892e+00,2.654730e+00
9.008634e+00,4.524793e+00
3.235525e+00,3.275419e+00
2.222239e+00,1.620798e+00
7.020100e+00,3.897728e+00
8.159980e+00,3.049156e+00
8.252251e+00,-8.991677e-02
4.865215e+00,-5.617738e-01
4.367343e+00,1.022829e+00
2.304849e-01,2.244012e+00
2.253976e+00,7.423098e-01
4.167346e+00,2.565200e+00
6.147703e+00,1.858052e+00
6.362222e+00,1.275027e+00
9.626783e+00,2.819751e+00
3.552351e+00,2.181227e+00
5.913138e+00,3.295579e+00
5.215243e+00,2.764922e-01
1.491283e+00,2.187738e+00
-1.280470e+00,1.440882e+00
5.060510e+00,4.436855e+00
7.859284e+00,2.242511e+00
7.119599e+00,-1.244414e+00
7.022470e+00,2.155811e+00
5.032614e+00,1.682137e+00
1.493623e+00,2.419379e+00
5.935113e+00,5.140875e+00
6.855818e+00,3.002188e+00
1.253265e+00,4.263070e-01
2.691731e+00,-1.736004e+00
4.362223e+00,3.408464e+00
4.584540e+00,-1.917119e+00
3.602448e+00,3.697004e+00
-1.874470e+00,1.304272e-02
-8.202458e-01,3.351158e+00
3.888612e+00,5.082168e-01
5.610688e+00,1.595183e+00
5.751218e+00,4.417783e+00
5.557206e+00,6.432181e-01
6.633181e+00,2.190476e+00
5.833191e+00,4.340354e+00
5.307141e+00,-1.147911e-01
1.079107e+00,2.622628e-01
4.451508e+00,3.607593e+00
5.096833e+00,5.305696e-01
2.261342e+00,1.035736e+00
5.065033e+00,3.985453e-01
7.710594e+00,2.119992e+00
8.209660e+00,-1.038171e+00
8.482641e+00,3.086478e+00
4.434508e+00,2.505882e+00
1.058624e+00,1.130129e+00
6.290474e+00,1.861468e+00
7.138730e+00,6.503313e-02
5.061958e+00,-4.007802e+00
4.306403e+00,1.571404e+00
5.631708e+00,2.296156e+00
5.317362e+00,2.303585e+00
8.818756e+00,5.408984e+00
3.787626e+00,1.212533e+00
4.363507e+00,1.905141e+00
3.189332e+00,7.424936e-01
1.498267e+00,1.366302e+00
2.274692e+00,1.517818e+00
6.571826e+00,2.618452e+00
2.412810e+00,1.744182e+00
3.542573e+00,2.536923e+00
3.713060e+00,1.969413e+00
2.414744e+00,2.484888e+00
8.078745e+00,2.828740e+00
6.971457e+00,1.026394e+00
1.008394e+00,5.072072e+00
1.812234e+00,3.283143e+00
5.733054e+00,-1.401362e+00
4.265230e+00,3.291387e-01
8.691143e+00,6.342302e-01
4.702715e+00,1.662870e+00
7.608646e+00,3.430486e+00
7.324714e+00,1.919050e+00
1.001258e+01,4.470704e+00
8.356080e+00,2.929862e+00
5.461510e+00,-6.353764e-01
8.994099e+00,1.755324e+00
5.806751e+00,5.964231e+00
8.139347e+00,-4.528634e-01
6.399472e+00,1.532745e+00
7.299685e+00,4.437708e+00
7.981219e+00,-6.942072e-01
3.285374e+00,1.107344e+00
8.204884e+00,-1.537655e-02
6.343560e+00,1.657649e+00
6.724803e+00,-1.051549e-01
2.974777e+00,2.550707e+00
4.157007e+00,2.740024e+00
4.356566e+00,1.773729e+00
3.357918e+00,-9.177362e-01
1.400753e+00,2.556875e+00
5.846938e+00,6.072611e-01
5.171847e+00,3.271471e+00
6.931974e+00,3.027462e+00
2.676025e+00,1.838337e+00
3.513624e+00,1.462746e+00
7.884284e-01,-8.008077e-02
5.503525e+00,-6.142876e-02
1.516849e+00,5.417929e-01
4.375164e+00,1.176458e+00
6.522348e+00,-1.248162e-01
9.679409e-01,4.826573e+00
9.697345e+00,5.356433e+00
3.092384e+00,3.512099e+00
1.529706e+00,-9.504792e-02
