1.29e+00,7.29e+00,-4.45e-01
1.03e+00,2.63e-02,1.36e+00
7.47e-01,4.75e+00,1.10e+00
6.39e-01,6.39e-01,-7.91e-03
-1.22e-01,2.88e+00,9.22e-01
1.07e+00,8.07e+00,4.22e-01
1.06e-01,6.11e+00,1.81e+00
1.57e+00,4.57e+00,6.10e-01
1.73e+00,1.73e+00,1.47e+00
1.28e+00,7.28e+00,1.07e+00
8.97e-01,4.90e+00,9.79e-01
2.94e-01,6.29e+00,8.73e-02
6.88e-01,2.69e+00,1.32e+00
1.44e+00,8.44e+00,3.74e-01
8.66e-01,3.87e+00,-3.16e-01
1.25e+00,3.25e+00,7.92e-01
1.61e+00,2.61e+00,2.73e-01
2.56e-01,5.26e+00,1.29e+00
-8.16e-01,3.18e+00,1.75e+00
1.73e+00,5.73e+00,5.09e-01
2.56e+00,3.56e+00,1.63e-01
6.20e-01,2.62e+00,1.90e-01
-7.33e-03,3.99e+00,5.50e-01
-2.07e-01,5.79e+00,2.10e-01
-6.60e-01,-6.60e-01,1.17e-01
1.08e+00,6.08e+00,3.54e-01
1.64e+00,3.64e+00,-2.27e-01
8.63e-01,3.86e+00,1.55e-01
-6.47e-01,-1.65e+00,1.38e-01
1.05e+00,6.05e+00,-4.55e-01
9.21e-01,1.92e+00,7.46e-01
1.43e+00,4.35e-01,-4.45e-01
-3.38e-01,6.62e-01,1.75e-01
6.66e-01,4.67e+00,1.17e+00
1.19e+00,4.19e+00,7.29e-01
8.96e-01,6.90e+00,5.35e-01
-1.79e-01,-1.79e-01,5.54e-01
2.17e+00,9.17e+00,-2.89e-01
-4.17e-01,6.58e+00,3.83e-01
7.61e-01,6.76e+00,6.32e-01
4.27e-01,4.43e+00,-3.44e-02
8.49e-01,5.85e+00,4.30e-01
1.18e+00,5.18e+00,1.13e+00
1.31e+00,3.09e-01,3.61e-01
8.71e-01,3.87e+00,7.54e-01
1.86e+00,7.86e+00,1.04e+00
2.16e+00,7.16e+00,3.99e-02
4.29e-01,1.43e+00,2.32e-01
6.62e-01,1.66e+00,6.27e-01
1.12e+00,3.12e+00,1.06e-01
1.42e+00,3.42e+00,4.78e-01
9.11e-01,5.91e+00,4.73e-01
8.80e-01,-1.20e-01,3.18e-01
6.90e-01,4.69e+00,1.48e+00
1.26e+00,8.26e+00,9.84e-01
1.56e+00,4.56e+00,8.68e-01
1.50e+00,3.50e+00,1.22e+00
1.98e+00,5.98e+00,3.55e-01
1.35e+00,8.35e+00,4.91e-01
3.28e-01,5.33e+00,1.26e+00
1.06e+00,4.06e+00,7.40e-01
1.78e+00,7.78e-01,-7.14e-03
1.80e+00,1.80e+00,-5.33e-01
1.35e+00,8.35e+00,1.68e+00
-1.32e-01,5.87e+00,1.16e+00
4.44e-01,5.44e+00,6.38e-01
4.18e-01,2.42e+00,5.25e-02
1.41e-01,1.14e+00,8.47e-01
1.61e+00,6.11e-01,2.97e-01
1.54e+00,5.54e+00,-2.77e-01
7.98e-01,-2.02e-01,-6.25e-01
1.38e+00,3.38e+00,4.34e-01
8.70e-01,1.87e+00,8.29e-02
6.04e-01,4.60e+00,-3.12e-01
1.37e+00,2.37e+00,7.00e-01
2.12e+00,7.12e+00,1.52e+00
1.18e+00,3.18e+00,1.63e+00
5.35e-01,5.54e+00,-8.42e-01
1.04e+00,7.04e+00,1.27e+00
-3.11e-01,2.69e+00,1.90e+00
4.12e-01,6.41e+00,1.03e+00
-2.32e-01,7.68e-01,-4.40e-01
7.52e-01,6.75e+00,3.47e-01
1.58e+00,7.58e+00,7.37e-01
1.40e+00,4.40e+00,8.02e-01
1.13e+00,5.13e+00,3.66e-01
1.60e+00,6.60e+00,3.40e-01
8.01e-01,7.80e+00,1.40e+00
1.31e+00,3.12e-01,6.76e-01
1.94e+00,3.94e+00,1.06e+00
1.20e+00,2.04e-01,-5.55e-01
6.05e-01,1.61e+00,3.49e-01
9.54e-01,2.95e+00,1.13e+00
2.79e-01,2.79e-01,5.30e-01
1.30e+00,3.30e+00,1.10e+00
5.12e-01,5.51e+00,1.01e+00
1.91e+00,3.91e+00,9.53e-01
1.46e+00,4.46e+00,8.47e-01
1.02e+00,6.02e+00,2.90e-01
-3.11e-01,-1.31e+00,-5.97e-01
