3.89e+00,6.35e-01
1.00e+01,7.99e-01
7.67e+00,1.22e+00
7.35e+00,-5.37e-01
9.10e+00,1.04e+00
4.63e+00,7.07e-01
6.42e+00,2.07e+00
7.11e+00,2.71e+00
5.55e+00,1.93e+00
6.94e+00,2.32e+00
7.03e+00,2.45e+00
5.33e+00,3.80e-01
6.33e+00,2.61e+00
5.82e+00,-1.40e+00
7.82e+00,2.72e+00
6.12e+00,1.57e+00
7.39e+00,-5.45e-02
2.60e+00,1.57e-01
4.86e+00,3.27e-01
8.51e+00,1.89e+00
7.09e+00,6.07e-01
6.70e+00,8.03e-01
3.12e+00,2.44e+00
5.00e+00,8.14e-01
5.71e+00,3.65e-01
4.03e+00,1.97e+00
4.67e+00,6.02e-01
8.90e+00,-3.46e-01
2.35e+00,2.12e+00
4.70e+00,2.28e-01
8.82e+00,-5.18e-01
4.46e+00,9.28e-01
7.57e+00,9.31e-01
4.95e+00,2.91e-01
9.37e+00,9.95e-01
6.77e+00,1.11e+00
7.91e+00,2.55e+00
4.59e+00,1.39e+00
5.29e+00,5.22e-01
6.67e+00,1.13e+00
6.41e+00,1.46e+00
4.64e+00,4.81e-01
4.19e+00,9.78e-01
5.16e+00,1.00e+00
2.11e+00,-9.41e-01
5.34e+00,1.90e+00
7.56e+00,3.61e-01
5.95e+00,1.56e+00
8.47e+00,1.28e+00
5.07e+00,2.63e+00
4.82e+00,1.79e+00
6.10e+00,9.13e-01
6.36e+00,1.33e+00
4.31e+00,7.96e-02
6.85e+00,1.19e+00
7.87e+00,1.14e+00
3.93e+00,-6.22e-02
5.67e+00,9.04e-01
7.85e+00,5.21e-01
5.37e+00,-3.63e-01
4.62e+00,2.15e+00
5.42e+00,4.32e-01
2.97e+00,4.43e-01
7.56e+00,8.96e-01
3.88e+00,9.28e-01
5.12e+00,1.23e+00
3.27e+00,-6.51e-02
7.48e+00,2.27e+00
3.50e+00,6.23e-01
1.96e+00,1.23e+00
5.37e+00,1.84e+00
3.11e+00,1.87e+00
7.60e+00,1.43e+00
5.94e+00,-1.40e+00
8.03e+00,1.83e+00
8.44e+00,-1.05e+00
6.89e+00,1.38e+00
4.68e+00,-1.02e+00
7.84e+00,3.41e-01
7.51e+00,-7.03e-01
1.47e+00,-6.95e-01
7.78e+00,-4.58e-01
6.67e+00,-5.97e-01
6.81e+00,-1.01e+00
6.36e+00,2.24e+00
5.21e+00,2.00e+00
5.60e+00,4.08e+00
6.01e+00,1.65e+00
5.20e+00,5.60e-01
7.39e+00,1.80e+00
5.54e+00,2.50e-01
6.67e+00,7.86e-01
4.88e+00,1.64e+00
2.88e+00,1.62e+00
5.14e+00,1.04e+00
7.69e+00,1.06e+00
5.17e+00,2.31e+00
8.40e+00,-6.91e-02
3.30e+00,2.95e+00
8.54e+00,1.09e+00
6.39e+00,1.41e+00
4.49e+00,2.80e+00
6.11e+00,1.46e+00
3.51e+00,1.05e-01
7.33e+00,2.76e+00
5.63e+00,-2.53e-01
8.02e+00,1.08e+00
3.13e+00,2.22e+00
4.79e+00,7.06e-01
6.34e+00,2.29e+00
8.62e+00,-3.71e-01
4.19e+00,1.90e+00
6.30e+00,2.79e+00
9.41e+00,1.15e+00
4.10e+00,-3.93e-01
4.47e+00,7.85e-01
5.81e+00,1.70e-02
7.29e+00,2.14e+00
6.15e+00,3.02e+00
4.93e+00,2.48e+00
7.91e+00,2.16e+00
5.64e+00,2.67e+00
5.35e+00,-7.33e-02
7.60e+00,1.02e+00
4.63e+00,-2.31e-01
6.00e+00,1.55e+00
4.66e+00,6.09e-01
1.52e+00,9.30e-01
4.18e+00,1.59e+00
4.73e+00,2.58e+00
7.74e+00,1.79e+00
4.59e+00,9.84e-01
6.25e+00,1.29e+00
8.77e+00,-4.75e-01
3.73e+00,5.71e-01
5.83e+00,2.21e+00
4.71e+00,6.20e-01
5.71e+00,2.33e+00
3.43e+00,-5.72e-01
7.44e+00,-1.07e-01
4.96e+00,9.91e-01
4.60e+00,-1.91e-01
7.43e+00,1.14e+00
4.94e+00,-8.05e-01
6.61e+00,4.92e-01
4.40e+00,3.21e-01
5.70e+00,-5.35e-01
1.01e+01,2.95e-01
5.93e+00,7.39e-01
7.48e+00,7.32e-01
4.68e+00,1.96e-01
8.02e+00,-2.26e-01
5.18e+00,2.67e+00
7.16e+00,2.77e+00
7.84e+00,6.92e-01
6.24e+00,4.56e-01
6.45e+00,1.03e-01
8.09e+00,1.34e+00
5.06e+00,4.94e-01
6.15e+00,9.66e-01
2.19e+00,2.26e+00
4.21e+00,1.27e+00
4.95e+00,1.01e+00
5.24e+00,6.16e-01
9.14e+00,2.40e+00
5.89e+00,-1.51e+00
6.92e+00,1.72e+00
7.47e+00,2.18e+00
7.68e+00,1.40e+00
6.60e+00,1.27e+00
7.41e+00,3.92e-01
6.86e+00,3.50e+00
5.21e+00,1.41e-01
7.19e+00,1.14e+00
6.20e+00,-3.35e-01
7.09e+00,-5.70e-01
7.84e+00,1.86e+00
5.47e+00,1.03e+00
6.14e+00,1.07e+00
5.71e+00,2.15e+00
6.02e+00,2.01e+00
2.67e+00,2.00e+00
7.38e+00,1.71e+00
6.88e+00,8.76e-01
7.50e+00,2.36e+00
3.87e+00,2.31e+00
3.70e+00,-1.31e+00
6.57e+00,-2.34e-01
2.56e+00,1.53e+00
7.39e+00,5.87e-02
5.53e+00,8.18e-01
5.54e+00,8.60e-01
7.21e+00,8.52e-01
6.31e+00,2.70e+00
4.66e+00,1.43e+00
3.74e+00,2.30e+00
3.25e+00,5.62e-01
4.11e+00,-1.33e+00
5.60e+00,1.09e+00
5.46e+00,1.32e+00
5.65e+00,2.93e+00
7.96e+00,9.72e-01
4.00e+00,1.02e+00
5.14e+00,-1.84e+00
6.36e+00,1.43e-01
8.16e+00,1.99e+00
5.07e+00,7.07e-01
6.87e+00,2.08e+00
4.95e+00,1.52e+00
5.70e+00,3.89e-01
3.60e+00,-9.78e-01
2.91e+00,7.33e-01
4.69e+00,4.79e-02
7.27e+00,-5.09e-01
6.30e+00,1.31e+00
3.99e+00,1.81e+00
6.52e+00,1.68e+00
4.15e+00,-2.20e-01
6.14e+00,-3.41e-01
4.14e+00,4.23e-01
7.38e+00,2.11e-01
4.82e+00,2.97e-01
2.72e+00,-5.20e-02
7.52e+00,1.48e+00
6.00e+00,-5.38e-01
