5.088716e+00,1.216617e+00
9.300636e-01,1.135898e+00
1.767685e+00,2.868346e+00
-2.098270e+00,2.754688e+00
2.071964e+00,3.145361e+00
2.138187e+00,1.959136e+00
2.313900e+00,1.270847e+00
7.962496e+00,-4.787380e-01
-4.360715e-01,2.672441e+00
4.433734e+00,2.268521e+00
1.501985e+00,1.300448e+00
3.660751e+00,2.475458e+00
1.629682e+00,2.725312e+00
-4.330219e-01,1.292613e+00
8.875863e-02,2.101587e+00
3.635795e+00,2.573800e+00
2.832031e+00,2.540140e+00
5.881855e+00,1.267193e+00
3.841422e+00,3.299068e+00
-9.222484e-02,3.335929e-01
-9.631466e-02,2.569137e-01
2.825018e+00,1.763622e+00
3.268654e+00,1.963192e-01
3.221362e+00,1.159268e+00
2.652193e+00,6.882022e-01
3.645042e+00,-2.119422e+00
4.427966e+00,1.982848e+00
4.940144e+00,2.314429e+00
3.853510e+00,6.236716e-01
4.157070e+00,2.664456e+00
1.057041e+00,-7.083749e-01
1.186233e+00,2.331282e+00
3.051882e+00,2.238394e+00
4.396791e+00,1.074169e+00
1.632413e+00,2.924858e+00
1.731748e+00,1.912610e+00
2.517727e+00,4.200687e-01
5.600588e+00,7.734211e-01
5.048128e+00,8.645350e-01
9.913835e-01,5.062241e-01
7.831812e-01,1.849656e+00
2.617918e+00,6.805445e-01
3.107642e+00,9.002642e-01
5.629997e+00,2.218959e+00
1.866650e+00,1.158310e+00
1.741726e+00,-8.482114e-01
4.968216e+00,1.125822e+00
1.081264e+00,-1.322847e+00
2.823581e+00,1.681317e+00
2.231803e+00,3.131749e+00
3.200042e+00,1.176835e+00
1.663552e+00,6.319004e-02
3.043261e+00,2.774470e+00
5.378491e+00,1.819672e+00
2.568729e+00,1.866689e+00
5.329663e+00,-2.849007e-01
3.393872e+00,9.055105e-01
2.192659e+00,1.620132e+00
7.771372e+00,4.214293e+00
3.197202e+00,1.561364e+00
9.399839e-01,2.430724e+00
1.422019e+00,-5.158918e-02
2.967904e+00,6.730505e-01
1.434732e+00,1.058845e+00
2.408639e+00,-2.876292e-01
-1.391360e+00,4.649851e-01
3.578087e+00,4.929149e-01
1.847180e+00,-5.468673e-01
3.276321e+00,7.669431e-01
6.480104e+00,1.692646e+00
4.376761e+00,3.007795e+00
4.521895e+00,7.476671e-01
4.913989e+00,-9.276637e-01
1.443241e+00,2.004515e+00
4.456013e-01,6.297163e-01
6.023292e+00,2.426950e+00
1.493520e+00,3.029380e+00
4.910065e+00,-2.753582e-01
2.181995e+00,3.156689e+00
1.755316e+00,1.369979e+00
3.748567e+00,8.936236e-01
2.297186e+00,2.170494e+00
4.290638e+00,1.557332e+00
1.485265e+00,3.197008e+00
3.786062e+00,4.358670e-01
4.929017e+00,6.139149e-01
3.246279e+00,2.012494e+00
6.315588e+00,-5.221038e-01
4.146351e+00,1.372853e+00
5.197055e+00,8.700885e-01
3.408205e+00,2.796590e+00
1.757136e+00,1.725800e-01
3.501966e+00,2.661219e-01
2.712827e+00,2.044100e+00
5.730759e-01,-2.657327e-01
5.626733e+00,2.632844e+00
2.845440e+00,-7.315686e-01
3.575693e+00,-3.800978e-01
1.820801e+00,6.027248e-01
2.556800e+00,1.770404e+00
6.894573e+00,1.391090e+00
9.955119e-01,-6.578483e-01
4.194732e+00,2.353896e+00
3.506943e-01,5.355916e-01
6.825626e+00,2.318657e+00
-1.412955e+00,1.253074e+00
4.552368e-01,1.706563e+00
3.213711e+00,3.676311e+00
-5.313631e-01,1.884388e+00
1.717069e+00,-1.480899e+00
5.318634e-01,5.402938e-01
4.691694e-01,1.136332e+00
4.443686e+00,2.358926e+00
3.890976e-01,1.578013e+00
4.262169e-01,1.947223e+00
-2.463875e-01,1.938453e+00
4.106112e+00,7.687463e-01
1.989973e+00,1.581764e+00
3.538405e+00,1.527068e+00
4.975078e+00,-8.003918e-01
1.066288e+00,2.518151e-01
5.573319e+00,1.101906e+00
1.407305e-01,1.870354e+00
3.830640e+00,-4.494165e-02
3.633733e+00,4.029153e-01
