2.17e+00,5.17e+00,2.97e+00
6.50e-01,4.65e+00,-2.12e-01
1.45e+00,5.45e+00,2.29e+00
6.31e-01,3.63e+00,1.73e+00
-4.36e-01,5.64e-01,-5.22e-02
2.89e+00,7.89e+00,1.04e+00
4.52e+00,1.05e+01,6.06e+00
4.53e+00,7.53e+00,2.39e+00
3.25e+00,8.25e+00,-1.29e-01
-6.15e-01,5.39e+00,4.45e+00
2.60e+00,7.60e+00,6.59e+00
1.91e+00,5.91e+00,2.87e+00
-2.69e+00,1.31e+00,-2.05e-01
3.04e+00,4.04e+00,-1.66e-01
-8.59e-01,1.41e-01,-4.50e-01
6.14e-01,2.61e+00,1.94e+00
1.56e+00,3.56e+00,1.28e+00
1.69e+00,4.69e+00,2.97e+00
3.36e+00,7.36e+00,3.59e+00
-4.62e+00,-1.62e+00,2.15e+00
2.27e+00,5.27e+00,-2.58e-01
-1.49e+00,5.06e-01,2.31e-01
-2.12e+00,8.75e-01,-8.85e-01
2.33e+00,3.33e+00,-2.82e+00
-1.66e+00,2.34e+00,1.50e+00
1.08e+00,5.08e+00,4.21e+00
6.74e-01,1.67e+00,1.35e+00
3.14e+00,9.14e+00,6.03e+00
-2.36e+00,-1.36e+00,4.01e+00
4.95e+00,5.95e+00,3.43e+00
1.60e+00,6.60e+00,6.63e+00
3.76e+00,9.76e+00,3.15e+00
4.21e-01,3.42e+00,3.69e+00
2.95e+00,5.95e+00,-2.52e+00
6.14e+00,8.14e+00,2.67e+00
-2.57e+00,-5.67e-01,1.19e+00
6.10e+00,1.21e+01,5.49e+00
8.54e-01,1.85e+00,8.35e-01
-1.49e+00,3.51e+00,3.31e+00
1.64e+00,3.64e+00,3.29e+00
1.59e+00,2.59e+00,-3.84e+00
4.00e+00,7.00e+00,-7.16e-01
-3.19e+00,8.08e-01,-1.34e+00
3.92e+00,9.92e+00,4.49e+00
-1.13e+00,2.87e+00,-2.14e+00
4.05e+00,7.05e+00,2.48e+00
-6.48e-01,1.35e+00,3.32e-01
3.30e+00,5.30e+00,3.18e+00
9.89e-01,5.99e+00,1.75e+00
1.80e+00,6.80e+00,4.75e+00
4.47e+00,8.47e+00,9.47e-01
1.77e+00,6.77e+00,-1.23e+00
-7.62e-01,1.24e+00,1.09e+00
2.80e+00,6.80e+00,2.94e+00
1.04e+00,7.04e+00,-1.68e+00
1.43e+00,3.43e+00,1.68e+00
-4.28e-01,3.57e+00,2.38e+00
4.38e+00,1.04e+01,4.78e+00
2.44e+00,5.44e+00,2.15e+00
2.59e+00,7.59e+00,7.07e-01
1.22e-01,3.12e+00,2.43e+00
2.37e+00,8.37e+00,2.63e+00
1.41e+00,6.41e+00,1.88e+00
2.11e-01,3.21e+00,2.04e+00
5.70e-02,1.06e+00,3.64e+00
2.16e+00,3.16e+00,-4.14e-01
-3.15e+00,8.48e-01,4.90e+00
5.03e+00,7.03e+00,4.40e+00
-4.29e-01,3.57e+00,3.64e+00
2.21e+00,3.21e+00,1.30e+00
-1.03e+00,9.67e-01,1.70e+00
6.35e+00,1.03e+01,4.70e+00
-1.94e+00,2.06e+00,2.03e+00
-9.71e-01,4.03e+00,4.01e+00
2.30e+00,4.30e+00,2.47e+00
-2.19e-02,4.98e+00,1.25e+00
1.24e+00,7.24e+00,6.94e+00
3.18e+00,7.18e+00,5.83e+00
2.13e+00,4.13e+00,2.81e+00
-1.40e+00,-4.05e-01,4.87e+00
-1.41e+00,5.93e-01,7.02e+00
6.57e-01,4.66e+00,8.69e+00
4.45e+00,8.45e+00,2.67e+00
3.79e+00,9.79e+00,5.68e+00
1.26e+00,5.26e+00,4.88e+00
2.24e+00,7.24e+00,3.72e+00
4.79e-01,1.48e+00,-1.03e-01
1.19e+00,6.19e+00,3.18e+00
9.20e-01,2.92e+00,-4.55e-01
9.54e-02,6.10e+00,4.86e+00
-3.44e-01,4.66e+00,8.84e+00
-1.38e+00,4.62e+00,4.90e+00
-1.76e+00,2.38e-01,3.36e+00
-2.70e+00,1.30e+00,2.89e+00
6.81e-01,1.68e+00,3.58e+00
-1.25e-01,2.88e+00,1.51e+00
2.31e+00,5.31e+00,1.85e+00
-5.36e-01,1.46e+00,6.46e+00
-5.32e+00,-3.32e+00,5.09e+00
2.05e+00,5.05e+00,2.75e+00
3.49e+00,8.49e+00,4.32e+00
2.73e+00,8.73e+00,4.45e+00
-7.88e-01,3.21e+00,2.01e+00
1.54e+00,5.54e+00,1.87e+00
-2.49e+00,-1.49e+00,5.47e+00
-2.97e+00,2.03e+00,5.73e+00
2.32e+00,4.32e+00,-7.15e-01
-1.42e+00,2.58e+00,3.01e+00
4.66e+00,8.66e+00,4.30e+00
7.00e+00,1.00e+01,1.60e+00
-6.50e-01,4.35e+00,6.74e-01
3.10e+00,6.10e+00,-9.93e-01
3.71e+00,8.71e+00,2.54e+00
1.21e+00,2.21e+00,7.07e-01
1.37e-01,2.14e+00,6.58e+00
3.05e+00,4.05e+00,6.03e+00
6.92e-01,2.69e+00,3.60e+00
2.99e+00,6.99e+00,7.62e-01
9.33e-04,1.00e+00,7.47e-01
2.65e+00,7.65e+00,1.15e+00
7.16e-01,3.72e+00,3.97e+00
7.80e-01,5.78e+00,-1.47e-01
-2.64e-01,7.36e-01,4.80e+00
-2.04e+00,3.96e+00,5.44e+00
2.20e+00,4.20e+00,3.37e+00
