3.389248e+00,8.154158e-01
8.339048e+00,1.113431e+00
9.416021e+00,6.643388e-01
2.027116e+00,7.054075e+00
4.239984e+00,4.918950e+00
2.133183e+00,4.567271e+00
4.670963e+00,1.479085e+00
5.868130e+00,5.499173e+00
2.810886e+00,-1.071553e-01
4.023771e+00,2.805325e+00
6.089525e+00,6.416308e-01
1.062292e+00,1.098814e+00
8.907058e+00,7.988213e-01
3.731844e+00,1.145611e+00
6.488998e+00,8.899563e-01
4.223996e+00,4.441147e-01
6.230369e+00,4.536054e+00
4.574637e+00,6.267696e-01
8.298503e+00,7.482678e-01
4.523132e+00,3.041493e+00
8.651662e+00,3.052419e+00
1.409146e+00,-5.225677e-01
1.542229e+00,3.748199e+00
3.787646e-01,2.846448e+00
4.008108e+00,-6.189136e-01
2.230415e+00,5.217956e+00
3.802345e+00,-7.216598e-01
2.492647e+00,5.467611e-01
5.940974e+00,2.105261e+00
7.031328e+00,1.754264e+00
3.187872e+00,-4.803421e-01
-3.616051e-01,3.646461e+00
5.005838e+00,3.063070e+00
1.877865e+00,4.876343e+00
8.992031e+00,7.668196e-01
3.338531e+00,4.693988e+00
3.053199e+00,1.826195e+00
2.243765e+00,2.656010e+00
4.974311e+00,-3.057128e-01
3.357822e+00,2.872881e+00
6.919778e+00,2.253120e+00
2.299187e+00,1.337104e+00
5.900871e+00,2.943812e+00
3.106380e+00,2.097840e+00
4.760348e+00,1.572474e+00
9.627589e-01,2.586954e+00
6.688554e+00,8.728065e-01
2.149428e+00,-3.119114e-02
8.871804e+00,1.866198e+00
3.542290e+00,7.633337e-01
1.274748e+00,-1.327219e+00
5.441193e+00,4.323386e+00
5.312834e+00,2.853232e+00
4.200212e+00,3.417888e+00
2.651310e+00,-9.166478e-03
4.320204e+00,1.969635e+00
5.177830e+00,1.842060e+00
7.262190e+00,2.374282e+00
5.816544e+00,-1.046475e+00
4.989729e+00,2.969795e+00
7.235136e+00,4.266879e+00
3.607317e+00,3.577252e-01
7.188191e+00,2.559524e+00
6.663179e+00,3.543473e+00
1.922361e+00,1.781702e+00
9.208171e+00,-9.668129e-01
3.777702e+00,1.585238e+00
4.742247e+00,1.646780e+00
3.868390e-01,3.316964e+00
2.442162e+00,6.056021e-01
3.465484e+00,2.290905e+00
5.192685e+00,7.284782e-01
3.782709e+00,8.248141e-01
3.218027e+00,1.046896e+00
2.649012e+00,6.901781e-01
4.281617e+00,1.922573e+00
3.170832e+00,7.979899e-01
2.963139e+00,1.686312e+00
1.561649e+00,1.782829e-01
1.508210e+00,6.354288e-01
2.642703e+00,2.464220e+00
3.753299e+00,1.170967e+00
3.524346e+00,4.354251e+00
2.054394e+00,3.831029e+00
3.111285e+00,2.051657e+00
3.669198e+00,4.015296e+00
9.053124e+00,1.126992e+00
2.341771e+00,1.671644e+00
4.114342e+00,-1.064145e+00
6.187241e+00,4.139295e+00
6.453364e+00,1.912170e+00
5.312264e+00,2.171423e+00
6.251684e+00,-6.171128e-01
2.389104e+00,3.314743e+00
4.892847e+00,-6.629146e-01
5.555115e+00,9.595117e-01
5.327751e+00,4.240353e-01
1.566364e+00,1.373530e+00
7.673495e+00,6.101931e+00
8.315787e+00,3.834852e+00
7.074125e+00,4.009048e+00
3.444255e+00,-6.132547e-03
6.342878e+00,-2.750069e-01
7.949799e+00,4.958749e+00
2.957707e+00,-9.733034e-01
4.319776e+00,2.858270e+00
3.925189e+00,-2.529773e+00
8.822407e+00,4.806328e-01
3.582795e+00,2.303804e+00
3.004411e+00,3.094179e-01
8.972904e+00,2.551791e+00
3.942146e+00,1.942114e+00
3.283325e+00,1.594354e+00
4.075911e+00,-7.191152e-01
2.926242e+00,-7.953254e-01
5.277956e+00,2.423266e+00
3.695334e+00,1.197213e+00
6.126622e+00,8.469049e-01
6.598489e+00,3.502237e+00
4.426338e+00,1.409501e+00
3.803800e+00,-1.128361e+00
7.731223e-01,3.667617e+00
4.329422e+00,3.330112e+00
3.732481e+00,3.418258e+00
4.110491e+00,1.984850e+00
6.797883e+00,3.415905e+00
3.252977e+00,2.308596e+00
5.667816e+00,3.166329e+00
5.289639e+00,2.289565e+00
5.763248e+00,3.307687e-03
3.504410e+00,-1.451210e-01
5.781768e+00,2.978826e+00
6.163511e+00,-1.667429e+00
2.647241e+00,1.069453e+00
8.290985e+00,1.381180e+00
4.247104e+00,9.911275e-02
2.630494e+00,2.614302e+00
3.002092e+00,9.325353e-01
5.086732e+00,-7.290657e-01
3.149017e+00,7.484155e-01
1.350395e+00,1.862881e-01
2.655833e+00,2.547363e+00
3.654263e+00,5.981662e-01
6.315845e+00,2.453098e+00
4.025838e+00,-2.563902e+00
4.703138e+00,6.194710e+00
8.074734e+00,-9.293032e-01
7.239681e+00,3.914622e+00
3.670378e+00,-1.068300e-02
7.416773e+00,-2.508276e-01
4.461377e+00,1.940096e+00
3.324661e+00,-1.285791e-01
7.782341e+00,4.236816e+00
6.462357e+00,5.063742e+00
5.875941e+00,1.561509e+00
3.592974e+00,-1.124368e+00
5.477405e+00,8.298899e+00
5.895002e+00,3.157090e+00
3.326395e+00,4.316987e+00
6.331560e+00,6.968395e+00
3.636797e+00,5.444134e-01
6.698676e+00,2.602411e+00
4.345512e+00,1.805044e+00
8.450604e+00,2.667731e+00
4.919120e+00,-7.235176e-01
4.383568e+00,4.430687e+00
3.302136e+00,-2.006541e-01
6.311374e+00,2.071255e+00
3.936570e+00,-2.279150e-01
2.737339e+00,5.573044e+00
3.752309e+00,1.292633e+00
4.393229e+00,2.354307e+00
1.673070e+00,-1.016794e+00
3.318709e+00,1.920066e+00
3.596728e+00,4.655341e+00
1.124256e+01,2.224823e+00
4.916060e+00,-1.377032e+00
1.995094e+00,4.762866e+00
5.546129e+00,8.290375e-01
5.225813e+00,1.257129e+00
5.180053e+00,3.559500e+00
4.256016e+00,2.216849e+00
2.627920e+00,1.903313e+00
3.888393e+00,3.248410e+00
2.770138e+00,5.623584e-01
5.387162e-01,1.363568e+00
4.710710e+00,4.495635e+00
2.781386e+00,-6.227955e-03
4.994347e+00,3.560242e+00
6.745027e+00,2.310806e+00
1.928995e+00,2.525869e+00
5.696490e+00,4.405689e+00
6.233622e+00,1.874224e+00
4.474807e+00,6.250625e-01
6.018906e+00,2.336037e+00
6.608407e+00,8.128344e-01
4.955524e+00,3.848411e+00
8.083833e+00,7.971734e+00
6.019255e+00,-3.447003e-01
7.735058e+00,6.019516e+00
4.534047e+00,-1.108041e+00
4.218358e+00,3.438033e+00
7.360221e+00,2.206055e+00
5.069669e+00,2.732947e+00
4.181979e-01,4.947081e+00
3.014341e+00,1.928140e+00
3.305144e+00,1.616578e+00
3.643289e+00,2.496891e+00
2.641910e+00,3.318832e-01
4.441207e+00,3.364593e+00
2.791008e+00,1.730683e+00
6.661266e+00,3.303444e+00
2.400200e+00,4.758864e+00
1.638989e+00,-3.983189e-01
5.234309e+00,3.944060e+00
8.565926e+00,3.513778e+00
1.079668e+01,1.816531e+00
8.483315e+00,-1.731688e+00
6.163371e+00,7.858199e+00
3.717199e+00,-1.104702e+00
4.023385e+00,7.594422e-01
5.254769e+00,6.058688e+00
5.650787e+00,4.485761e+00
7.678571e+00,7.525451e-01
6.224435e+00,4.550525e+00
1.570789e+00,3.427075e+00
8.057865e+00,3.559329e+00
6.941037e+00,3.343037e+00
6.202516e+00,3.168308e+00
3.407496e+00,4.670258e+00
6.345153e+00,6.090567e-01
1.214134e+00,1.578129e+00
3.148566e+00,1.801515e+00
5.944549e+00,-9.041064e-02
1.843187e+00,-1.129491e-01
4.306524e+00,-2.944276e-01
5.943252e+00,4.384202e-01
4.130714e+00,5.343114e+00
6.877590e+00,2.322692e+00
3.757956e+00,1.602946e+00
5.856009e+00,2.809735e+00
1.285251e+00,1.208421e+00
5.924945e+00,1.944671e+00
6.165774e+00,2.753778e+00
2.120220e+00,8.678668e-01
5.588067e+00,1.965239e+00
8.423414e+00,2.168567e+00
4.233425e+00,6.658182e-01
4.923926e+00,4.071443e+00
1.639777e+00,3.484488e+00
4.092019e+00,1.026231e+00
8.723320e+00,5.726491e+00
6.595539e+00,6.738095e+00
2.159122e+00,1.490722e+00
7.034442e+00,-2.300298e+00
2.895527e+00,9.924661e-01
5.462760e+00,2.131468e-01
5.928372e+00,2.484881e+00
3.749342e+00,1.905497e+00
1.060205e+00,5.330650e+00
9.558777e-01,3.577415e+00
5.774582e+00,1.903275e+00
3.986488e+00,2.918205e+00
2.063216e+00,6.804965e-01
3.261424e+00,4.155819e+00
1.992280e+00,2.131412e+00
2.657578e+00,3.286689e+00
2.828248e+00,1.680479e+00
3.409892e+00,-3.319444e-01
2.792166e+00,-1.440417e-01
3.534435e+00,-3.628408e-01
8.889884e+00,-7.715664e-01
5.455494e+00,2.738413e+00
1.932817e+00,1.350914e+00
6.003633e+00,-1.639515e+00
5.715749e+00,2.661998e+00
7.707771e+00,8.261556e-01
3.106692e+00,9.518140e-01
4.920554e+00,4.557451e-01
5.855125e+00,2.533679e+00
6.263199e+00,-1.672248e-01
9.497991e+00,3.820324e+00
8.389511e+00,2.723904e+00
6.071338e+00,1.515470e+00
5.735918e+00,1.545613e+00
2.905157e+00,-6.492675e-01
5.969964e+00,4.305137e+00
2.121706e+00,3.535927e+00
4.060269e+00,1.048465e+00
4.892835e+00,2.225611e+00
7.094948e+00,3.223612e+00
6.773879e+00,5.038270e+00
4.955441e+00,1.011587e+00
4.363798e+00,1.226560e+00
4.866083e+00,4.311691e+00
2.435068e+00,2.466721e+00
5.686024e+00,3.409430e+00
4.301765e+00,5.658312e-01
3.142564e+00,9.511069e-01
3.467416e+00,1.527844e+00
3.988495e+00,-1.160977e-02
6.530242e+00,2.580242e+00
5.382165e+00,3.206921e+00
5.829989e+00,2.248795e+00
7.468736e+00,3.702023e+00
7.089661e+00,3.449073e+00
5.313924e+00,3.054288e+00
1.419258e+00,4.577295e+00
6.168714e+00,4.832207e+00
4.357687e+00,1.821893e+00
1.972185e+00,1.021152e+00
6.729563e+00,3.122945e-01
2.966762e+00,3.287368e-01
6.473381e+00,1.539638e-01
5.140392e+00,3.981756e+00
4.773124e+00,2.152179e+00
1.080604e+00,4.428217e+00
7.292187e+00,2.746398e+00
4.912084e+00,-2.082963e+00
2.636450e+00,3.340672e+00
2.065234e+00,3.668882e-02
3.161410e+00,1.302742e+00
4.769258e+00,1.553570e+00
4.292991e+00,2.176905e+00
3.576780e+00,1.825668e+00
1.556486e+00,2.196938e+00
3.169853e+00,-5.933216e-02
6.938957e+00,5.409501e+00
5.494740e+00,9.043694e-01
4.486154e+00,3.161758e+00
7.460289e+00,5.156756e+00
4.180778e+00,3.998540e+00
6.779959e+00,7.114066e+00
3.471995e+00,2.772902e-02
4.347931e+00,3.205786e+00
2.876103e+00,3.563058e+00
2.212085e+00,-9.473858e-01
2.191142e+00,1.968049e+00
6.793917e+00,5.599487e-01
2.131724e+00,7.768709e-01
6.460745e+00,2.762951e+00
4.737659e+00,1.639699e+00
3.445661e+00,4.023119e+00
4.877836e+00,-2.247958e+00
4.421670e+00,2.989640e+00
6.201321e+00,1.342319e+00
4.966853e+00,1.587249e+00
4.629617e+00,3.400901e+00
4.007525e+00,1.129157e+00
3.869010e+00,2.068353e+00
7.594613e+00,4.178666e-01
4.132966e+00,1.781397e+00
3.927926e+00,1.304687e+00
1.731169e-01,1.831174e+00
2.410445e+00,3.998287e-01
6.825968e+00,2.656858e+00
2.054017e+00,-3.099137e+00
5.321046e+00,3.214930e+00
6.656994e+00,3.924924e+00
5.748126e+00,2.144982e+00
5.530482e+00,3.341403e+00
1.065484e+00,-1.145839e+00
1.799142e+00,2.188008e+00
4.003485e+00,-1.534332e+00
4.613117e+00,3.804846e-01
9.115337e+00,1.064912e+00
6.744056e+00,2.171793e+00
4.406076e+00,8.403446e-03
5.468507e+00,2.352121e+00
1.828752e+00,1.550569e+00
3.338596e+00,2.374003e+00
3.905748e+00,2.998889e+00
1.682080e+00,2.189755e+00
4.486403e+00,-7.342042e-01
5.678545e+00,2.373762e+00
4.542375e+00,2.724230e+00
4.335561e+00,3.992554e+00
4.167248e+00,1.103898e+00
4.284094e+00,-1.896822e+00
5.308438e+00,-1.442037e+00
6.167679e+00,1.644393e+00
6.331216e+00,7.821787e+00
5.636134e+00,2.834100e+00
2.928451e+00,2.711436e+00
8.252202e+00,3.912929e+00
5.149370e+00,3.744763e+00
3.104720e+00,-2.120081e-01
1.390708e+00,9.822400e-01
2.087974e+00,2.346318e+00
7.291051e+00,3.008892e+00
4.309769e-01,2.412227e+00
6.348035e+00,1.449641e+00
7.762651e+00,2.653606e+00
4.550364e+00,9.897875e-02
2.918822e+00,-8.398988e-01
3.733046e+00,-5.140633e-01
7.715277e+00,2.577410e+00
1.861704e+00,4.917616e+00
5.410561e+00,3.415798e+00
4.081251e+00,2.232770e+00
