-2.63e+00,-6.28e-01,4.63e+00
5.03e+00,7.03e+00,2.22e+00
2.54e+00,5.54e+00,3.76e+00
-1.64e+00,3.60e-01,4.25e+00
3.88e-02,2.04e+00,2.07e+00
-4.14e+00,-1.35e-01,9.06e+00
3.19e+00,4.19e+00,9.92e-01
1.13e+00,2.13e+00,-8.46e+00
1.08e+00,4.08e+00,5.62e-01
2.58e+00,4.58e+00,-1.50e-01
-1.03e+00,2.97e+00,3.35e+00
-1.24e+00,7.65e-01,3.76e+00
7.37e+00,1.04e+01,5.42e-01
5.70e+00,9.70e+00,4.26e+00
4.46e+00,6.46e+00,2.86e+00
-2.18e+00,8.20e-01,3.57e+00
2.38e+00,4.38e+00,5.53e+00
6.46e-01,1.65e+00,2.73e+00
6.23e+00,7.23e+00,1.18e+00
-1.75e+00,1.25e+00,7.95e+00
-6.77e-01,1.32e+00,-2.27e+00
3.17e-01,3.32e+00,4.52e+00
-3.80e-01,3.62e+00,6.87e+00
-1.05e+00,-4.88e-02,-3.01e+00
-1.34e+00,-3.38e-01,1.64e+00
5.56e+00,8.56e+00,1.18e+01
5.28e+00,6.28e+00,-1.67e+00
7.93e+00,9.93e+00,-1.37e+00
3.98e+00,7.98e+00,5.86e+00
3.00e+00,5.00e+00,3.31e+00
-3.18e+00,8.20e-01,9.21e+00
-1.14e+00,1.86e+00,-1.69e+00
-3.53e+00,4.75e-01,1.99e+00
5.48e+00,6.48e+00,-5.70e+00
1.15e+00,5.15e+00,4.18e+00
-5.48e+00,-1.48e+00,7.31e+00
2.97e+00,3.97e+00,-7.31e-01
5.42e+00,8.42e+00,-3.01e-01
-2.32e+00,1.68e+00,6.39e+00
-1.76e+00,2.37e-01,6.42e+00
-4.77e+00,-2.77e+00,3.01e+00
2.26e+00,4.26e+00,3.50e+00
3.92e-01,2.39e+00,8.46e+00
8.70e-01,2.87e+00,3.82e+00
2.97e+00,6.97e+00,9.56e+00
-1.68e+00,3.20e-01,-6.12e-01
2.91e+00,5.91e+00,4.86e-01
7.11e+00,1.01e+01,3.59e+00
1.75e+00,3.75e+00,9.83e+00
4.19e+00,8.19e+00,3.19e+00
2.63e+00,3.63e+00,-1.36e+00
-4.33e+00,-2.33e+00,4.00e+00
-3.38e+00,6.24e-01,5.72e+00
3.47e+00,5.47e+00,1.04e+00
3.72e+00,7.72e+00,6.42e+00
-6.87e+00,-4.87e+00,1.47e+00
-5.94e+00,-3.94e+00,9.39e+00
6.25e-01,4.62e+00,7.04e+00
3.44e-01,4.34e+00,6.44e+00
-1.02e+00,-1.85e-02,8.02e+00
2.08e+00,5.08e+00,4.14e+00
-4.29e+00,-2.29e+00,1.48e+00
-2.49e+00,-4.89e-01,1.12e+00
5.24e+00,7.24e+00,2.19e+00
-5.83e+00,-4.83e+00,4.35e+00
-3.40e+00,-3.97e-01,-9.77e-01
-2.00e-01,8.00e-01,-6.70e+00
8.75e-01,3.87e+00,4.42e+00
5.58e+00,9.58e+00,4.52e+00
4.10e+00,7.10e+00,5.71e+00
6.93e+00,1.09e+01,9.89e-01
-6.58e-01,2.34e+00,1.37e+00
1.03e+01,1.13e+01,2.42e+00
2.21e+00,6.21e+00,3.78e+00
9.10e-01,4.91e+00,1.46e+01
3.79e+00,7.79e+00,6.66e+00
8.03e+00,1.20e+01,1.10e+01
7.54e-01,2.75e+00,-2.83e+00
1.65e+00,2.65e+00,-4.50e+00
3.74e+00,4.74e+00,3.25e+00
3.38e-01,4.34e+00,1.29e+01
8.25e+00,1.12e+01,4.36e+00
1.86e+00,3.86e+00,2.49e+00
6.25e-01,2.62e+00,5.53e+00
-7.13e+00,-4.13e+00,1.07e+01
-1.00e+00,3.00e+00,9.04e+00
6.26e-01,3.63e+00,5.00e+00
-4.38e+00,-3.83e-01,7.31e+00
-4.10e-01,5.90e-01,4.76e+00
-2.89e+00,1.13e-01,-5.26e-01
-1.19e+00,8.10e-01,3.69e+00
-2.41e+00,5.88e-01,2.12e+00
8.09e-01,3.81e+00,7.84e+00
1.49e+00,4.49e+00,9.71e+00
-6.42e+00,-4.42e+00,8.01e+00
2.08e+00,6.08e+00,3.87e+00
4.62e+00,5.62e+00,4.76e+00
2.95e+00,3.95e+00,-8.15e-01
4.04e+00,8.04e+00,1.06e+01
8.25e-01,3.82e+00,1.43e+00
2.37e+00,5.37e+00,6.50e+00
2.93e-01,1.29e+00,3.60e+00
-9.64e-01,1.04e+00,1.07e+01
1.74e+00,3.74e+00,1.57e-01
-2.81e+00,1.89e-01,2.02e+00
-2.18e+00,-1.18e+00,-3.03e+00
-1.85e+00,-8.46e-01,-1.34e+00
-5.93e+00,-3.93e+00,2.86e+00
-7.09e-01,2.29e+00,1.20e+00
1.10e+00,5.10e+00,2.60e+00
5.48e+00,7.48e+00,5.64e+00
-3.00e+00,2.24e-03,2.90e+00
-6.56e+00,-5.56e+00,9.49e+00
3.49e+00,7.49e+00,4.04e+00
5.34e-02,3.05e+00,3.91e+00
-1.56e+00,4.42e-01,7.35e+00
-2.39e+00,-3.94e-01,3.88e+00
-1.07e+00,1.93e+00,1.01e+01
3.35e-01,2.33e+00,5.48e+00
4.23e+00,6.23e+00,2.31e+00
1.19e+01,1.49e+01,7.38e+00
-2.64e+00,-1.64e+00,2.62e+00
-1.39e-01,3.86e+00,3.97e+00
-2.54e+00,1.46e+00,6.01e+00
-1.88e+00,-8.85e-01,3.39e+00
-3.44e+00,5.58e-01,5.48e+00
-2.82e+00,-1.82e+00,-2.41e+00
-1.28e+00,-2.79e-01,-5.35e-01
6.74e+00,9.74e+00,2.16e+00
5.45e+00,8.45e+00,6.53e+00
6.87e+00,7.87e+00,6.22e+00
-3.21e+00,-2.11e-01,-2.42e+00
6.07e+00,8.07e+00,1.02e+01
-5.19e+00,-3.19e+00,2.70e+00
9.43e-01,2.94e+00,2.01e+00
-5.61e+00,-1.61e+00,-3.16e+00
-9.86e-01,3.01e+00,1.07e+01
-4.63e+00,-2.63e+00,5.98e+00
2.53e+00,6.53e+00,7.88e+00
1.11e+00,3.11e+00,4.93e+00
2.38e+00,4.38e+00,2.27e+00
6.74e+00,8.74e+00,1.01e+00
2.98e+00,3.98e+00,1.72e+00
-4.27e+00,-2.27e+00,9.33e+00
-1.19e-01,3.88e+00,-4.51e-01
5.47e+00,6.47e+00,1.05e+00
-6.81e+00,-4.81e+00,8.61e+00
-6.32e-01,3.37e+00,1.07e+01
7.57e-01,1.76e+00,8.72e+00
4.01e+00,7.01e+00,-3.84e+00
3.02e+00,5.02e+00,2.15e+00
6.66e+00,9.66e+00,5.01e+00
1.54e+00,2.54e+00,-1.78e-01
5.61e-01,1.56e+00,9.37e-01
-2.49e+00,5.05e-01,4.59e+00
-1.69e+00,-6.89e-01,3.57e+00
-7.19e+00,-3.19e+00,5.81e-01
-1.90e+00,1.03e-01,3.99e+00
2.64e+00,4.64e+00,7.58e-01
-4.92e+00,-1.92e+00,8.23e+00
6.05e+00,7.05e+00,1.18e-01
5.60e+00,9.60e+00,-2.25e+00
4.71e-01,4.47e+00,-4.79e+00
7.56e+00,1.06e+01,-4.15e+00
1.49e+00,3.49e+00,1.81e+00
1.01e+00,4.01e+00,3.81e+00
-2.52e-02,3.97e+00,2.27e+00
-5.97e-01,3.40e+00,8.41e+00
1.06e+00,2.06e+00,2.15e+00
6.83e+00,1.08e+01,6.15e+00
5.45e+00,8.45e+00,9.71e-01
2.11e+00,4.11e+00,9.15e-01
1.52e+00,5.52e+00,6.83e+00
2.29e+00,4.29e+00,-1.27e+00
2.12e+00,5.12e+00,1.28e+00
1.07e+00,2.07e+00,-5.83e+00
6.29e+00,1.03e+01,4.35e+00
4.25e+00,7.25e+00,8.37e+00
-1.57e+00,4.27e-01,5.95e+00
2.82e+00,4.82e+00,1.08e+00
3.10e+00,4.10e+00,2.01e+00
1.87e+00,5.87e+00,3.66e+00
-2.12e+00,8.79e-01,6.15e-02
9.35e+00,1.13e+01,3.17e+00
3.31e+00,7.31e+00,5.58e+00
1.08e+00,5.08e+00,8.30e+00
4.20e+00,5.20e+00,1.82e+00
1.13e+00,5.13e+00,1.03e+01
1.40e+01,1.60e+01,3.29e+00
3.73e-01,2.37e+00,-6.10e-01
-1.21e+00,1.79e+00,5.37e+00
-3.28e+00,-2.81e-01,5.74e+00
6.50e+00,1.05e+01,6.94e+00
-4.00e+00,-3.34e-04,5.70e+00
6.56e+00,9.56e+00,-8.54e-01
6.99e+00,1.10e+01,6.70e+00
-5.83e-01,3.42e+00,6.56e+00
9.76e-01,3.98e+00,1.31e+00
5.56e+00,8.56e+00,6.80e+00
7.95e-01,2.80e+00,1.13e+01
4.34e-01,1.43e+00,5.73e+00
-7.72e+00,-4.72e+00,7.40e+00
-2.96e-01,1.70e+00,8.84e+00
4.54e+00,8.54e+00,1.28e+01
-4.25e-01,3.57e+00,1.01e+01
-1.16e+00,1.84e+00,1.01e+00
2.16e+00,5.16e+00,5.33e+00
-3.08e-01,3.69e+00,2.80e+00
3.29e+00,4.29e+00,6.36e+00
2.18e+00,3.18e+00,5.62e+00
-2.60e+00,4.00e-01,5.72e+00
3.47e+00,7.47e+00,4.55e+00
4.54e+00,8.54e+00,9.00e+00
5.93e+00,9.93e+00,1.58e+01
4.57e+00,7.57e+00,1.01e+00
3.89e+00,6.89e+00,1.22e+01
4.59e+00,8.59e+00,3.55e+00
-1.00e+01,-7.01e+00,-4.03e-01
9.53e+00,1.15e+01,8.41e+00
1.55e+00,2.55e+00,9.25e+00
5.55e+00,9.55e+00,4.36e+00
2.35e+00,3.35e+00,8.62e-01
8.64e+00,1.06e+01,-3.38e+00
-3.31e-01,1.67e+00,5.31e+00
2.56e+00,4.56e+00,7.19e+00
-1.78e+00,-7.84e-01,3.17e+00
2.12e-01,1.21e+00,8.88e+00
1.96e+00,4.96e+00,6.41e+00
5.02e+00,6.02e+00,3.91e+00
4.78e+00,5.78e+00,-7.21e-01
4.72e+00,8.72e+00,1.09e+01
1.18e+01,1.58e+01,6.77e+00
4.57e-01,1.46e+00,2.49e+00
-1.17e+00,2.83e+00,1.69e+00
2.66e+00,5.66e+00,-9.50e-01
5.28e+00,6.28e+00,-5.87e+00
3.81e+00,7.81e+00,3.92e+00
8.86e+00,9.86e+00,5.08e+00
5.08e+00,7.08e+00,3.14e+00
-8.59e+00,-5.59e+00,5.37e+00
4.55e+00,8.55e+00,1.66e+00
3.05e-01,2.31e+00,3.29e+00
1.95e+00,5.95e+00,1.16e+01
3.14e+00,5.14e+00,3.58e+00
3.48e+00,6.48e+00,5.76e+00
3.69e+00,4.69e+00,-2.21e+00
-7.62e+00,-5.62e+00,1.81e+00
2.09e+00,3.09e+00,4.79e+00
4.95e-01,2.49e+00,9.22e+00
1.19e-01,1.12e+00,-3.81e+00
-1.34e+00,1.66e+00,7.56e+00
1.78e+00,3.78e+00,5.77e+00
1.94e+00,2.94e+00,-2.66e+00
6.33e+00,9.33e+00,3.28e+00
2.36e+00,3.36e+00,1.09e+00
-2.59e+00,1.41e+00,5.27e+00
-5.32e-01,4.68e-01,-3.90e+00
1.17e+00,5.17e+00,2.02e+00
2.67e+00,3.67e+00,1.31e+00
2.98e+00,3.98e+00,1.53e+00
8.28e-01,1.83e+00,9.28e+00
1.14e+00,4.14e+00,-9.22e-01
3.46e+00,4.46e+00,5.78e-01
2.62e+00,6.62e+00,3.42e+00
-6.39e-01,2.36e+00,5.44e+00
-9.12e-01,2.09e+00,7.12e+00
6.10e-01,4.61e+00,1.28e+01
-3.10e+00,9.05e-01,1.16e+01
-1.78e+00,2.22e+00,5.65e+00
3.97e-01,2.40e+00,7.65e+00
1.28e+00,3.28e+00,5.17e+00
5.29e+00,9.29e+00,8.61e+00
9.74e+00,1.37e+01,2.87e+00
7.60e+00,9.60e+00,3.60e+00
1.06e+01,1.16e+01,6.04e+00
