3.45e+00,4.45e+00,8.10e+00
-2.53e+00,-5.29e-01,-3.82e+00
-9.84e-01,1.58e-02,1.90e+00
-1.05e+00,9.53e-01,2.07e+00
1.18e+00,4.18e+00,1.85e+00
2.58e+00,4.58e+00,1.44e+00
2.93e-01,3.29e+00,5.06e+00
3.07e+00,7.07e+00,5.66e+00
2.46e+00,7.46e+00,9.14e-01
1.03e+01,1.33e+01,7.69e+00
2.22e+00,4.22e+00,3.28e+00
1.43e+00,3.43e+00,1.21e+00
-2.85e+00,-1.85e+00,5.49e+00
1.87e+00,5.87e+00,2.99e+00
-3.43e+00,5.73e-01,6.04e+00
1.84e-01,4.18e+00,7.72e+00
-1.28e+00,-2.77e-01,1.80e+00
7.42e+00,1.04e+01,7.66e+00
-1.36e+00,2.64e+00,3.38e+00
1.94e-01,5.19e+00,3.87e+00
-2.27e+00,1.73e+00,-6.61e-01
-2.20e+00,2.80e+00,-1.81e-01
5.01e+00,7.01e+00,3.79e+00
1.03e+00,2.03e+00,-4.23e+00
4.00e+00,5.00e+00,4.12e+00
2.08e+00,3.08e+00,5.65e+00
4.05e+00,8.05e+00,1.17e+00
6.01e+00,8.01e+00,1.60e+00
-2.68e+00,1.32e+00,7.92e+00
-1.76e+00,-7.60e-01,7.85e+00
1.66e+00,4.66e+00,3.83e+00
8.98e+00,1.30e+01,1.22e+01
7.29e+00,1.23e+01,-1.36e+00
-2.18e+00,8.17e-01,6.75e+00
3.61e+00,7.61e+00,8.68e+00
-1.70e+00,3.30e+00,-2.08e+00
-7.26e-01,1.27e+00,-8.36e-01
-6.98e+00,-5.98e+00,1.83e+00
-3.25e-01,6.75e-01,1.46e+01
-7.73e-01,2.23e+00,1.13e+01
1.01e+01,1.31e+01,3.16e+00
-6.16e+00,-4.16e+00,5.47e+00
2.11e+00,5.11e+00,4.94e+00
-3.48e+00,-4.76e-01,4.78e+00
2.14e+00,6.14e+00,-3.50e+00
-1.51e-01,1.85e+00,6.22e+00
1.02e+00,3.02e+00,4.50e+00
8.39e+00,1.24e+01,1.34e+01
-6.82e+00,-4.82e+00,2.21e+00
5.44e+00,9.44e+00,-3.15e+00
-6.34e+00,-5.34e+00,-6.25e-01
3.13e+00,4.13e+00,5.75e+00
-2.92e+00,1.08e+00,-1.13e-01
1.09e+01,1.59e+01,1.21e+01
-1.04e+00,-4.22e-02,4.39e+00
8.96e-02,4.09e+00,7.45e+00
-2.37e+00,1.63e+00,2.28e-01
3.94e+00,6.94e+00,4.51e+00
-4.58e+00,-3.58e+00,4.97e+00
-3.95e+00,-1.95e+00,-3.23e+00
9.36e+00,1.14e+01,1.23e-01
1.00e+01,1.50e+01,5.62e+00
1.77e+00,3.77e+00,5.05e+00
2.00e+00,7.00e+00,1.16e+01
2.93e+00,7.93e+00,2.97e+00
1.10e+00,4.10e+00,4.32e+00
1.89e+00,2.89e+00,-4.01e-01
-3.32e+00,1.68e+00,9.64e+00
3.50e+00,8.50e+00,4.58e+00
-6.53e+00,-4.53e+00,-5.22e+00
4.44e+00,8.44e+00,4.94e+00
3.17e+00,8.17e+00,2.12e-01
1.67e+00,4.67e+00,6.99e+00
-1.51e+00,4.91e-01,9.15e+00
-3.95e+00,-1.95e+00,2.44e-01
1.97e+00,2.97e+00,7.17e+00
3.07e+00,6.07e+00,4.54e+00
1.31e+00,5.31e+00,4.66e+00
3.91e-01,4.39e+00,5.41e+00
1.45e+00,3.45e+00,5.21e+00
-3.67e+00,-6.71e-01,-4.67e+00
1.97e+00,4.97e+00,8.87e+00
-6.12e+00,-3.12e+00,-6.01e+00
4.49e+00,7.49e+00,7.66e+00
-1.08e+00,2.92e+00,3.36e+00
-4.82e+00,-1.82e+00,-3.63e+00
1.62e+00,2.62e+00,-2.43e+00
4.61e+00,9.61e+00,8.48e+00
-5.16e+00,-1.16e+00,1.13e+01
2.13e+00,7.13e+00,2.44e+00
1.39e+00,4.39e+00,4.09e+00
5.56e+00,9.56e+00,2.00e+00
1.07e+01,1.57e+01,1.94e+00
4.00e+00,5.00e+00,-1.03e+00
1.22e+01,1.42e+01,1.75e-01
8.32e+00,1.03e+01,8.52e-01
6.36e+00,1.04e+01,7.63e+00
3.81e+00,5.81e+00,9.12e-01
1.37e-02,4.01e+00,3.93e+00
-6.25e+00,-2.25e+00,3.61e+00
1.12e+00,6.12e+00,5.40e+00
-2.57e+00,2.43e+00,9.80e+00
1.38e+00,5.38e+00,5.75e+00
-2.88e+00,1.22e-01,3.39e+00
1.44e+00,4.44e+00,-6.80e-01
6.40e-01,4.64e+00,4.15e+00
3.73e+00,7.73e+00,4.78e+00
2.43e-01,5.24e+00,2.98e+00
-3.05e+00,-1.05e+00,3.63e+00
-3.97e+00,-2.97e+00,4.37e+00
-1.04e+00,9.59e-01,6.19e+00
-5.51e-01,3.45e+00,7.19e+00
2.54e-01,3.25e+00,1.05e+00
-4.93e+00,7.17e-02,7.91e+00
-1.07e+00,1.93e+00,5.69e+00
1.01e+00,6.01e+00,-3.19e+00
9.46e+00,1.05e+01,-1.49e+00
3.44e-01,3.34e+00,4.10e+00
1.01e+01,1.31e+01,6.72e+00
-2.67e+00,-1.67e+00,-1.39e+00
-1.93e+00,2.07e+00,4.14e+00
1.75e+00,5.75e+00,4.76e+00
2.72e+00,3.72e+00,1.69e-01
1.76e+00,4.76e+00,-1.38e+00
1.90e+00,4.90e+00,1.50e+01
