2.44e+00,3.44e+00,4.15e+00
-4.23e-01,2.58e+00,6.17e+00
4.13e+00,1.11e+01,5.68e+00
-3.47e+00,-4.67e-01,1.85e+00
1.32e+00,3.32e+00,8.79e-01
-1.22e-01,5.88e+00,6.16e+00
-1.29e-01,8.71e-01,-3.86e-01
3.89e+00,2.89e+00,-1.32e+00
6.34e+00,1.03e+01,3.52e+00
9.03e-01,1.90e+00,5.41e+00
2.14e+00,8.14e+00,4.90e+00
-1.11e+00,-2.11e+00,-8.50e-01
2.07e+00,3.07e+00,2.62e+00
2.50e+00,9.50e+00,2.92e+00
-2.46e+00,-1.46e+00,2.97e+00
6.22e+00,1.32e+01,2.24e-01
2.74e-01,4.27e+00,5.67e+00
9.99e-01,6.00e+00,5.34e+00
5.56e-01,4.56e+00,-2.46e+00
-1.30e+00,-2.30e+00,-2.65e+00
-3.18e+00,-1.18e+00,6.35e+00
1.14e+00,3.14e+00,1.54e+00
7.91e+00,8.91e+00,1.29e+00
8.34e-01,7.83e+00,3.11e+00
-1.55e+00,4.45e+00,8.92e+00
5.23e+00,8.23e+00,-4.58e+00
1.74e+00,6.74e+00,1.18e+00
9.12e-01,4.91e+00,-8.82e-01
-5.04e-01,1.50e+00,6.22e+00
2.31e+00,7.31e+00,3.35e+00
3.11e+00,4.11e+00,-2.40e-01
-5.54e+00,-4.54e+00,1.80e+00
3.04e+00,4.04e+00,-1.70e+00
1.98e+00,1.98e+00,2.37e-01
4.76e+00,9.76e+00,-1.14e-01
2.04e+00,6.04e+00,-4.51e-01
2.52e+00,3.52e+00,-5.47e+00
6.38e+00,1.14e+01,1.41e+01
-1.60e+00,3.40e+00,4.64e+00
-2.80e-02,3.97e+00,6.25e+00
7.29e-01,3.73e+00,2.23e+00
2.58e+00,8.58e+00,-9.64e-01
8.19e-01,-1.81e-01,2.07e+00
3.52e+00,7.52e+00,2.01e+00
4.23e+00,8.23e+00,4.84e+00
4.79e+00,1.08e+01,3.69e+00
-2.03e+00,-2.03e+00,4.08e+00
1.61e+00,4.61e+00,8.23e+00
4.25e-01,5.42e+00,7.52e+00
-6.55e-01,1.35e+00,5.69e+00
2.44e+00,5.44e+00,3.50e+00
1.39e+00,1.39e+00,2.52e+00
-9.59e-01,5.04e+00,5.48e-01
1.29e+00,2.91e-01,-3.75e+00
-5.12e+00,-1.12e+00,4.72e+00
1.67e+00,7.67e+00,5.01e+00
2.69e+00,7.69e+00,1.11e+01
-9.02e-01,6.10e+00,8.63e+00
4.34e+00,5.34e+00,6.39e-01
-1.53e+00,3.47e+00,4.18e+00
5.16e+00,1.12e+01,5.61e+00
-1.64e+00,3.56e-01,9.75e+00
-2.20e+00,3.80e+00,4.77e+00
-1.01e+00,3.99e+00,7.63e+00
1.70e-01,2.17e+00,1.39e+00
-2.08e-01,3.79e+00,3.12e+00
1.79e+00,8.79e+00,8.61e+00
4.83e+00,1.18e+01,5.63e+00
-1.57e+00,-5.71e-01,4.49e-01
-5.20e+00,-4.20e+00,2.28e+00
-3.34e+00,-3.34e+00,4.21e-01
-1.79e+00,2.21e+00,3.25e+00
-1.43e+00,4.57e+00,6.99e+00
1.20e+00,5.20e+00,5.19e+00
6.69e-01,5.67e+00,3.41e+00
9.91e-01,9.91e-01,9.36e-01
1.69e+00,6.69e+00,2.36e+00
-2.53e+00,-5.26e-01,3.91e+00
1.84e+00,8.84e+00,5.08e+00
-1.25e+00,3.75e+00,7.93e+00
1.04e+01,1.14e+01,6.40e-01
2.55e+00,6.55e+00,5.66e+00
-1.20e+00,3.80e+00,6.53e+00
2.31e+00,7.31e+00,6.86e+00
-6.94e+00,-1.94e+00,2.53e+00
-2.38e+00,6.17e-01,1.47e+00
-2.32e+00,6.77e-01,8.83e+00
-2.01e+00,-3.01e+00,2.14e+00
2.38e+00,2.38e+00,2.02e+00
2.59e+00,1.59e+00,5.66e+00
-1.10e+00,2.90e+00,9.18e+00
-2.00e+00,-3.00e+00,1.19e+00
-2.88e+00,-2.88e+00,-1.22e+00
1.87e+00,6.87e+00,8.42e+00
4.90e+00,6.90e+00,1.15e+00
4.84e-01,2.48e+00,-3.99e+00
2.35e+00,2.35e+00,-5.44e-01
-3.92e+00,-3.92e+00,3.02e+00
6.70e+00,7.70e+00,9.18e+00
3.17e-01,-6.83e-01,-1.92e+00
1.14e+00,3.14e+00,1.09e+00
-8.67e-01,6.13e+00,4.43e+00
1.32e+00,4.32e+00,2.61e+00
7.04e-01,-2.96e-01,-2.18e-01
-4.17e+00,-1.69e-01,2.81e+00
1.99e-01,1.20e+00,3.19e+00
-4.47e+00,-5.47e+00,-7.36e+00
-6.31e-01,3.69e-01,2.12e+00
3.64e+00,4.64e+00,5.72e+00
3.76e-01,1.38e+00,5.18e+00
6.93e+00,7.93e+00,1.25e+00
2.43e+00,8.43e+00,8.96e+00
1.24e+00,1.24e+00,4.47e+00
4.94e+00,5.94e+00,8.45e-01
4.67e+00,5.67e+00,2.10e+00
-9.67e-01,5.03e+00,3.71e+00
-1.50e+00,-2.50e+00,1.81e-01
7.09e+00,6.09e+00,3.36e+00
5.89e-01,4.59e+00,4.60e+00
5.15e+00,1.21e+01,4.51e+00
1.71e+00,8.71e+00,4.79e+00
7.38e+00,1.44e+01,8.85e-01
9.71e+00,1.17e+01,-2.72e+00
1.26e+00,7.26e+00,6.65e+00
-3.40e+00,3.60e+00,6.18e+00
