1.12e+01,1.20e+00
2.42e+00,7.12e+00
4.33e+00,5.52e+00
5.96e+00,-5.16e+00
1.03e+01,1.33e+01
-2.40e+00,1.68e+01
-9.83e-01,1.49e+01
6.42e+00,-3.20e+00
-1.04e+00,8.38e+00
6.08e+00,1.72e+00
-9.79e+00,5.95e+00
9.03e+00,1.45e+01
3.79e+00,5.78e+00
1.05e+00,8.69e-01
-4.31e+00,8.75e+00
1.41e+01,6.17e+00
7.11e+00,4.88e+00
-2.69e+00,9.53e+00
2.65e+00,-5.94e-01
-3.53e+00,4.37e+00
1.80e+01,1.01e+01
4.42e+00,1.89e+00
3.39e+00,8.83e+00
7.38e+00,2.78e+00
6.87e+00,6.96e+00
1.92e+01,4.90e+00
1.16e+01,7.84e+00
5.41e-01,-2.26e+00
-4.36e+00,5.25e+00
7.45e+00,3.18e-01
1.17e+01,4.91e+00
1.49e+00,3.65e+00
7.86e+00,1.09e+01
8.15e+00,1.05e+01
4.57e+00,6.92e+00
6.48e+00,1.07e+01
-2.95e+00,-1.95e-01
3.06e-01,1.59e+01
4.55e+00,1.03e+01
5.18e+00,1.06e+01
5.70e+00,1.63e+01
9.17e+00,1.80e+01
1.10e+01,9.15e+00
7.98e+00,1.72e-01
2.27e+00,5.92e+00
-1.97e+00,1.03e+01
5.61e+00,-8.12e+00
5.35e+00,6.35e+00
2.48e+00,1.28e+01
1.20e+01,-7.34e+00
2.12e+00,3.78e+00
-1.29e+00,3.78e+00
7.19e+00,7.23e+00
9.16e+00,5.14e+00
9.44e+00,6.21e+00
7.77e+00,-5.42e+00
8.53e+00,1.75e+01
1.24e+01,6.11e-01
-6.03e-02,9.06e+00
-4.72e+00,9.69e+00
1.20e+01,-4.38e+00
1.11e+01,1.76e+01
-5.04e+00,5.80e+00
1.12e+01,5.53e+00
-3.87e+00,6.65e+00
2.06e+00,9.22e-01
1.71e+00,7.46e-01
2.80e+00,-1.12e+00
9.49e-02,6.00e+00
1.18e+01,1.44e+01
1.89e-01,1.01e-01
6.09e+00,-1.64e+00
-1.16e-02,6.64e+00
1.47e+00,9.56e+00
1.26e+01,2.63e+00
6.61e+00,6.02e+00
5.27e+00,4.69e+00
3.37e+00,1.46e+01
9.82e+00,6.08e+00
7.73e+00,6.42e+00
8.48e+00,7.65e+00
-1.09e+00,1.32e+01
5.37e+00,9.67e-02
-1.80e+00,2.13e+00
1.73e+00,5.80e+00
1.15e+00,3.59e+00
1.08e+01,-4.34e+00
7.51e+00,4.35e+00
-6.71e+00,2.67e-01
2.77e+00,9.12e+00
-1.02e+00,5.72e+00
-4.02e+00,1.48e+00
4.39e+00,4.39e+00
4.76e+00,5.09e+00
1.00e+01,4.17e+00
4.05e+00,1.07e+01
1.32e+01,1.04e+01
2.32e+00,1.37e+01
-6.73e+00,3.72e+00
3.57e+00,1.62e+00
8.09e+00,-4.02e-02
5.37e+00,9.82e+00
5.99e+00,6.08e+00
6.33e+00,5.65e+00
1.17e+01,3.76e+00
7.82e+00,1.21e+01
7.52e+00,8.15e+00
8.73e+00,1.01e+01
5.74e+00,1.15e+01
4.94e+00,4.75e+00
3.33e+00,9.47e-01
1.15e+01,8.34e+00
6.21e+00,1.86e+01
8.71e+00,-1.05e-01
2.28e+00,6.53e+00
6.91e+00,1.23e+01
3.11e+00,1.21e+01
6.28e-01,7.99e+00
-4.81e-01,1.03e+01
8.40e+00,1.15e-01
3.95e+00,7.08e+00
1.15e+01,2.22e+00
4.44e+00,-2.81e+00
2.42e+00,9.36e+00
1.04e+01,-9.78e-01
1.29e+01,7.10e+00
4.75e+00,1.23e+00
1.07e+01,5.20e+00
2.02e+01,5.83e+00
9.22e-01,1.09e+01
1.06e+00,5.96e+00
6.21e+00,3.41e+00
1.00e+01,-4.63e+00
-4.58e+00,5.98e+00
4.42e+00,3.23e+00
-1.83e+00,5.17e+00
4.48e+00,4.24e-01
-2.81e+00,1.12e+00
6.11e+00,3.20e+00
8.03e+00,4.49e+00
-4.86e+00,2.74e+00
3.55e+00,3.92e+00
1.69e+01,-2.19e-02
-4.61e-01,6.39e+00
3.95e+00,7.05e+00
3.25e+00,7.90e+00
1.89e+01,-1.05e+00
1.10e+01,6.69e+00
-6.55e+00,-6.73e+00
7.93e+00,5.93e+00
1.22e+01,-3.77e+00
2.85e+00,-4.11e+00
2.62e+00,9.54e+00
1.03e+01,1.19e+01
4.47e+00,2.39e+00
7.05e+00,2.78e+00
6.79e+00,-9.40e-01
1.30e+01,5.61e+00
-3.00e+00,4.78e+00
5.44e+00,8.05e-01
4.47e+00,4.02e+00
1.15e+01,8.24e+00
-5.58e-01,1.40e+01
5.28e+00,8.48e+00
4.57e+00,7.99e+00
-1.42e+00,7.14e+00
-7.08e-01,-1.47e+00
1.08e+00,1.15e+01
-1.14e+00,-2.31e+00
2.42e+00,-6.31e-01
8.54e+00,1.96e+01
2.01e+00,-1.99e-01
1.00e+01,5.72e-01
6.64e+00,8.24e+00
2.06e-01,4.09e+00
1.24e+01,6.47e+00
2.05e+00,2.02e+00
2.77e+00,1.45e+00
7.26e+00,6.95e+00
9.52e+00,5.15e+00
1.93e+01,2.51e+00
7.69e+00,7.25e+00
1.78e+01,1.00e+01
-1.76e+00,1.70e+01
8.37e+00,1.08e+01
2.44e+00,3.61e+00
1.14e+01,5.50e+00
4.89e-01,4.74e+00
1.39e+01,6.92e+00
-5.10e+00,1.78e+01
6.04e+00,5.76e+00
2.69e+00,5.90e+00
9.73e+00,5.25e-01
9.31e+00,1.83e+00
1.27e+00,1.09e+01
6.07e+00,9.88e+00
8.45e+00,6.65e+00
2.70e+00,7.69e+00
2.75e+00,9.40e+00
6.68e+00,5.26e+00
-3.69e+00,3.42e+00
5.47e+00,-5.57e-01
3.84e-02,-1.84e+00
3.75e+00,1.40e+01
3.70e+00,-5.00e+00
-1.16e+00,8.82e+00
-2.00e-02,7.51e+00
1.08e+01,1.43e+01
-5.72e-01,1.17e+01
2.48e+00,2.31e+00
4.15e+00,1.07e+01
1.41e+00,6.18e+00
-4.98e+00,8.49e+00
9.16e-01,8.38e-01
3.95e+00,2.48e+00
9.23e+00,1.03e+01
9.29e+00,-7.90e-01
-5.46e+00,5.06e+00
6.89e+00,1.78e+00
4.92e+00,1.00e+01
4.45e+00,3.65e+00
5.37e+00,4.80e+00
5.58e+00,9.09e+00
1.14e+01,3.81e-01
1.59e+01,9.11e+00
1.19e+01,1.25e+01
4.90e+00,-1.60e+00
5.58e-01,5.01e+00
4.35e+00,1.06e+01
7.60e+00,1.56e+01
-9.34e-01,9.52e+00
1.10e+01,1.01e+01
5.97e+00,1.24e+01
-2.93e+00,2.93e+00
2.93e+00,-4.98e+00
5.91e+00,2.64e+00
7.26e+00,2.30e+00
8.73e+00,6.56e+00
4.99e+00,5.06e-01
7.75e+00,7.93e+00
2.49e+00,4.19e+00
1.30e+01,1.19e+01
-1.19e+00,9.48e+00
5.13e-01,1.91e+00
2.70e+00,-6.99e-01
4.48e+00,1.31e+00
7.99e+00,5.35e+00
-2.51e+00,-1.67e-01
6.86e+00,-3.73e+00
7.57e+00,1.05e+01
1.98e+00,8.62e-02
3.49e+00,-4.83e+00
5.04e+00,5.21e+00
-3.32e+00,2.71e+00
3.06e+00,7.60e-01
-1.83e+00,3.15e+00
1.40e-01,1.35e+01
6.61e-02,2.31e+00
7.85e+00,4.66e+00
4.82e+00,3.78e-01
1.23e+01,7.47e+00
1.08e+01,6.15e+00
1.51e+01,8.51e+00
5.67e+00,2.28e+00
1.27e+01,5.93e+00
-1.92e+00,-9.40e-01
6.83e+00,-1.43e+00
4.28e+00,-4.54e+00
9.80e+00,2.38e+00
1.75e+01,-3.88e+00
4.57e+00,-2.33e+00
6.97e+00,-6.06e-01
6.16e+00,4.26e+00
4.01e+00,9.84e+00
-5.08e+00,-2.72e+00
1.03e+01,2.02e+01
1.91e+00,-7.07e+00
1.60e+00,6.40e+00
1.55e+01,4.57e+00
8.29e+00,1.39e+01
7.39e+00,4.21e+00
1.01e+01,2.11e+00
-1.53e+00,-1.07e+01
8.07e+00,4.34e+00
-3.91e+00,1.77e+00
-4.43e+00,-5.78e-02
1.46e+01,-1.16e+00
-1.56e+00,6.39e+00
1.02e+01,3.31e+00
5.01e+00,-3.14e+00
1.34e+00,2.60e+00
6.94e+00,6.58e-01
-1.04e-01,1.23e+01
-1.42e+00,5.75e+00
9.50e+00,5.12e+00
-2.41e+00,7.48e+00
-1.45e+00,7.39e+00
1.65e+01,8.25e+00
-8.76e-02,2.30e+00
1.93e-02,-4.20e+00
8.74e+00,-1.72e+00
-3.32e+00,8.98e+00
4.03e+00,1.04e+01
4.37e+00,5.24e+00
3.45e+00,7.27e+00
-1.38e+00,1.26e+01
1.07e+01,6.92e+00
-1.00e-01,1.75e+00
-2.72e+00,1.06e+01
1.13e+01,-4.16e+00
4.13e+00,1.91e+01
6.82e+00,4.05e+00
1.26e+00,2.47e+00
3.17e+00,3.50e+00
-7.37e+00,7.89e+00
-2.45e+00,1.26e+01
2.07e+00,2.72e+00
4.07e+00,6.79e+00
2.74e+00,1.22e+01
2.60e+00,1.23e+01
9.01e+00,1.31e+01
9.88e+00,4.31e+00
6.40e+00,4.87e+00
2.58e+00,-1.23e+00
3.29e+00,6.33e+00
