-4.65e-01,3.99e-01
4.25e+00,3.62e+00
3.55e+00,1.78e+00
9.50e-01,4.01e-01
3.14e+00,2.19e+00
6.06e-01,6.62e-01
4.26e-01,1.51e+00
-2.86e+00,3.30e+00
-1.71e+00,-7.03e-01
3.70e+00,3.22e+00
-1.54e+00,-1.14e+00
-5.18e-02,1.84e+00
-1.07e-01,1.06e+00
1.16e+00,1.27e+00
3.84e+00,1.46e+00
1.67e+00,1.80e+00
3.06e+00,3.52e+00
4.51e-01,6.80e-01
-9.54e-01,-1.24e-03
4.30e+00,4.83e+00
6.90e-01,2.56e+00
-2.32e+00,8.29e-01
-3.97e-01,4.45e+00
8.94e-01,1.66e+00
4.56e+00,2.34e+00
2.85e-01,1.54e-01
2.95e+00,1.74e+00
4.32e+00,3.29e+00
-1.22e+00,1.00e+00
-2.58e+00,3.91e-01
4.34e+00,2.76e+00
1.77e+00,2.46e+00
4.95e-01,2.35e+00
-8.00e-01,1.13e+00
-2.38e+00,-1.58e+00
1.05e+00,2.28e+00
4.27e-01,1.92e+00
6.38e+00,3.19e-01
-9.91e-01,-8.71e-01
-3.88e+00,-3.31e-02
5.88e+00,4.29e+00
1.70e+00,1.36e-01
4.07e-01,3.85e+00
5.68e+00,3.15e+00
1.56e+00,3.15e+00
-4.55e-01,1.39e+00
-3.20e+00,-5.72e-01
1.69e+00,4.25e+00
3.80e+00,3.17e+00
3.18e+00,3.31e+00
2.63e+00,1.08e+00
2.55e+00,1.60e-01
3.74e+00,5.07e+00
8.42e-01,2.88e+00
4.95e+00,3.50e+00
1.68e+00,-1.22e+00
7.69e-01,-8.18e-02
3.18e+00,2.51e+00
2.51e-01,2.44e+00
1.23e+00,-8.66e-01
2.02e+00,2.60e+00
2.70e+00,2.04e+00
2.05e-01,4.24e+00
5.00e+00,5.48e+00
-3.67e-01,1.32e+00
8.32e-01,2.94e+00
4.01e+00,1.81e-01
-1.55e+00,1.33e+00
4.75e+00,3.38e+00
9.61e-01,6.69e-01
5.91e+00,7.68e+00
7.25e-01,3.07e+00
4.38e+00,7.44e-01
2.23e+00,4.98e+00
3.02e+00,3.46e+00
5.24e+00,1.88e+00
3.29e-02,-8.17e-01
3.81e+00,9.62e-01
6.64e+00,4.82e+00
4.66e+00,3.85e+00
1.25e+00,-3.41e-01
1.70e+00,2.40e+00
2.98e+00,1.01e+00
1.70e+00,-8.55e-01
-1.35e+00,3.57e+00
3.87e+00,-5.13e-03
-5.84e-01,1.78e+00
6.06e-01,-4.92e-04
1.03e+00,2.53e+00
8.66e-01,-2.05e+00
-8.42e-01,-1.86e-01
4.27e+00,1.94e-01
4.37e+00,2.58e+00
3.75e+00,-7.70e-01
1.49e+00,4.13e-01
2.12e+00,4.76e+00
4.76e+00,4.25e+00
-6.56e-02,1.56e-01
4.02e+00,7.73e-01
5.05e-01,2.73e+00
4.57e+00,2.74e+00
5.47e-01,-1.42e+00
6.67e+00,2.62e+00
9.93e-02,1.31e+00
1.51e+00,4.33e+00
2.65e+00,2.78e+00
4.42e+00,1.95e+00
2.66e+00,-2.51e+00
3.88e+00,5.68e+00
3.74e+00,4.49e+00
1.67e+00,-8.76e-01
3.20e+00,6.60e+00
3.82e+00,3.72e+00
-4.31e+00,1.62e+00
3.28e+00,2.10e+00
1.60e+00,2.44e+00
2.99e+00,-6.39e-01
1.55e-01,-1.49e+00
1.21e+00,2.13e+00
5.76e+00,-1.94e+00
3.09e+00,3.54e+00
-3.39e+00,1.44e+00
1.93e-01,3.68e+00
5.31e+00,3.59e+00
2.62e+00,1.93e+00
3.10e+00,2.06e+00
3.04e-01,1.87e+00
5.97e+00,2.28e+00
4.56e+00,5.58e+00
-6.77e-01,8.99e-01
1.34e+00,3.35e+00
1.12e+00,3.72e+00
3.54e+00,4.37e+00
4.26e+00,3.24e+00
1.05e-01,-1.50e+00
1.67e+00,-3.49e+00
6.97e-02,3.34e+00
2.38e+00,5.18e+00
-4.32e-01,5.63e-01
3.42e-01,-2.85e+00
1.85e+00,4.45e+00
-3.71e+00,1.69e+00
4.41e+00,1.21e+00
2.53e-01,3.03e+00
3.04e+00,3.78e+00
5.30e+00,-1.26e-02
-4.46e-01,-1.03e+00
4.08e-01,-1.58e+00
3.08e+00,3.85e+00
-9.84e-01,2.10e-01
5.32e+00,2.62e+00
-2.03e+00,3.38e+00
-2.67e+00,-1.23e+00
1.28e+00,2.95e+00
1.70e+00,2.55e+00
-2.96e-01,-4.28e+00
2.52e+00,2.63e+00
2.03e+00,-5.14e-01
2.53e+00,1.29e+00
2.36e+00,5.20e-01
6.00e-01,-4.03e-01
2.24e+00,2.85e+00
1.79e+00,1.90e+00
4.36e+00,1.45e+00
-1.17e+00,-2.77e+00
2.15e+00,1.28e+00
3.14e-01,-1.23e-01
4.58e+00,2.02e+00
-1.48e+00,2.00e+00
4.55e-01,3.15e-01
7.15e-01,2.31e+00
-5.71e-01,-6.83e-01
7.95e-01,-2.55e-01
8.32e-02,9.31e-01
1.74e+00,-1.10e+00
7.26e-01,1.92e+00
1.76e+00,2.49e+00
-1.75e+00,3.20e-01
4.57e+00,7.00e-01
3.14e+00,3.76e+00
3.99e+00,2.18e+00
5.06e+00,2.60e+00
2.19e+00,1.14e+00
1.53e+00,5.03e+00
6.61e-01,5.45e+00
1.88e+00,1.84e+00
2.53e+00,4.07e+00
2.41e-01,7.79e-01
2.27e+00,2.04e+00
3.04e+00,2.37e+00
4.33e+00,9.63e-01
7.51e-01,3.23e+00
1.06e-01,3.55e+00
1.19e+00,3.45e-01
2.27e+00,1.22e-01
-7.80e-02,2.98e+00
3.54e+00,1.12e+00
4.21e+00,1.31e+00
2.84e+00,8.48e-01
4.64e+00,4.55e+00
4.69e+00,5.93e+00
1.43e+00,8.22e-01
5.94e-01,8.74e-01
-6.14e-02,-1.82e+00
2.48e+00,-5.22e-01
5.80e+00,2.82e+00
1.59e+00,3.09e+00
4.66e+00,2.33e+00
-1.05e+00,-7.15e-01
4.88e-01,-2.14e+00
-6.94e-02,5.34e-01
2.65e+00,-1.52e-01
3.28e+00,2.19e+00
2.40e+00,2.87e+00
3.25e-01,-3.98e-01
2.48e-01,3.44e+00
3.94e+00,6.86e+00
3.23e+00,-1.37e+00
9.30e-04,-1.50e+00
5.84e+00,2.92e+00
-9.79e-01,-1.38e+00
3.63e+00,1.16e+00
1.60e+00,-3.53e-01
6.65e+00,2.94e+00
-1.27e+00,1.22e+00
