5.56e+00,8.07e-01
5.65e-01,6.90e+00
6.07e+00,-3.03e+00
4.72e+00,9.72e+00
-3.65e-01,9.25e-01
8.09e+00,8.94e+00
-5.20e-01,8.07e+00
3.91e+00,2.79e+00
1.87e+00,1.32e+01
-2.17e+00,8.75e+00
1.10e+00,4.04e+00
5.84e+00,7.96e+00
4.95e+00,4.08e+00
7.55e+00,8.36e+00
1.35e+00,4.25e+00
1.20e+01,4.21e+00
8.64e+00,-1.05e+00
9.02e+00,7.52e+00
6.71e+00,1.29e-03
8.92e+00,5.13e+00
6.14e+00,8.88e+00
-6.93e+00,4.65e+00
4.60e+00,-8.44e-01
-4.53e+00,2.98e+00
5.44e+00,1.03e+01
-7.00e+00,-4.44e+00
-8.05e-01,-2.33e+00
-7.21e+00,7.18e+00
3.18e+00,1.13e+01
9.07e+00,9.66e+00
4.64e+00,-2.46e+00
2.38e+00,6.42e+00
4.03e+00,5.56e+00
1.23e+01,2.34e+00
-1.27e+00,-2.52e+00
8.64e-01,5.15e+00
-7.14e+00,-2.97e+00
5.94e+00,5.25e+00
6.24e+00,9.36e+00
5.65e+00,6.45e+00
9.51e+00,5.25e-01
2.65e+00,1.02e+01
-4.19e+00,3.71e+00
5.77e+00,7.74e+00
4.72e+00,1.31e+00
7.43e+00,3.55e+00
5.88e+00,9.00e+00
-5.74e-01,6.91e+00
-7.08e-01,9.32e+00
1.17e+01,9.64e-01
4.42e+00,2.18e+00
3.89e+00,4.51e+00
5.70e-01,1.55e+00
7.94e+00,7.13e+00
1.33e+01,1.25e+01
6.66e+00,5.86e+00
-1.42e+00,2.46e-01
2.11e+00,8.23e+00
5.54e+00,-1.92e+00
4.97e+00,7.32e+00
-7.06e-01,4.45e+00
8.89e+00,3.55e+00
2.38e+00,4.24e+00
5.66e+00,3.55e+00
3.89e+00,9.48e+00
-3.72e+00,9.63e-02
9.64e+00,1.16e+01
8.31e+00,1.52e+01
1.11e+01,1.16e+01
-2.68e+00,1.59e+00
1.37e+00,9.21e+00
-1.26e+00,3.97e-02
3.40e+00,3.09e+00
5.10e+00,9.81e+00
6.42e+00,1.10e+01
6.25e+00,-2.50e+00
-4.40e+00,1.82e+01
5.48e+00,2.15e+00
2.65e+00,1.87e+00
3.20e+00,6.89e+00
4.92e+00,1.05e+01
-4.48e+00,1.14e+01
-2.45e-01,-1.40e+01
5.79e+00,1.03e+00
3.65e+00,1.09e+01
1.39e+00,7.49e+00
7.86e+00,8.35e-01
1.09e+00,1.23e+01
1.20e+01,3.83e+00
-3.19e-01,-4.09e+00
3.72e+00,1.05e+00
8.27e+00,1.61e+01
6.86e+00,9.63e+00
-1.65e+00,7.14e+00
5.66e+00,8.47e+00
4.85e+00,1.29e+01
-3.86e+00,7.54e+00
2.00e+00,8.91e+00
-2.81e+00,1.08e+01
2.46e+00,6.23e-01
7.94e+00,4.02e+00
-2.89e+00,8.55e+00
1.06e+01,7.64e+00
1.40e+01,1.38e+01
5.95e-01,3.61e+00
1.32e+01,6.50e+00
6.63e+00,1.13e+01
9.76e+00,-2.37e+00
5.16e+00,-1.21e+00
1.01e+01,9.40e+00
5.50e+00,1.61e+00
9.99e+00,-3.22e+00
3.57e+00,6.74e+00
-1.79e+00,7.44e+00
1.03e+01,1.07e+01
8.12e+00,9.29e+00
5.10e+00,8.42e+00
9.43e+00,8.77e+00
5.74e+00,-5.58e-01
-2.16e+00,1.21e+01
7.14e+00,-5.60e-01
2.67e+00,6.36e+00
4.79e+00,9.07e+00
-6.09e-01,1.34e+01
3.57e+00,4.34e+00
