-1.65e+00,1.64e+00
6.23e+00,-3.01e-01
6.45e+00,3.44e+00
3.45e+00,6.09e+00
7.60e+00,6.90e+00
1.35e+01,9.26e+00
6.60e-01,1.59e+00
4.24e+00,9.40e-01
-2.19e-01,2.93e+00
-7.01e-01,6.10e+00
2.73e+00,3.41e+00
8.35e+00,6.79e+00
5.35e+00,6.12e+00
8.62e+00,5.08e+00
2.50e+00,7.24e+00
3.88e+00,2.30e+00
9.42e+00,4.62e+00
7.89e+00,5.66e+00
1.04e+01,-1.21e-01
3.97e+00,2.82e+00
2.66e+00,8.77e+00
7.77e+00,6.79e+00
2.01e+00,8.10e+00
1.28e+00,2.33e+00
7.27e+00,1.74e+00
4.82e+00,8.38e+00
4.86e+00,4.77e+00
1.76e+00,4.46e+00
7.21e+00,7.14e+00
4.82e+00,1.53e+01
1.07e+01,7.07e+00
1.13e+01,1.29e+00
3.03e+00,-9.18e+00
2.79e+00,-6.30e-01
5.38e+00,-1.59e+00
1.99e+00,5.88e+00
4.64e+00,-3.89e+00
1.17e+00,6.49e+00
8.77e-01,3.24e+00
4.00e+00,6.82e+00
5.69e+00,1.27e-01
3.12e+00,1.48e+00
2.45e+00,9.60e+00
8.08e+00,8.20e+00
-1.31e+00,-4.84e-01
2.86e+00,1.49e+00
4.96e+00,4.95e+00
7.48e+00,8.99e+00
5.92e-01,2.54e+00
1.83e+00,7.84e+00
1.19e+00,-1.87e+00
3.32e+00,3.33e+00
1.24e+01,7.48e+00
1.63e+00,4.34e+00
-1.70e-01,7.82e+00
6.07e+00,8.79e-01
3.09e+00,5.54e+00
8.89e+00,6.01e+00
8.19e+00,7.51e+00
2.03e+00,2.43e+00
5.69e+00,4.84e+00
3.04e+00,-5.28e-02
8.59e+00,1.26e+01
-3.34e+00,1.93e+00
8.69e+00,4.04e+00
-4.71e-01,1.44e+00
4.45e-01,4.81e+00
-9.98e-01,-4.69e-01
3.86e+00,5.52e+00
1.31e+01,-8.16e-01
7.74e+00,5.42e+00
5.63e+00,4.31e+00
3.62e+00,5.02e+00
4.08e+00,4.09e+00
1.92e+00,5.99e+00
-1.67e+00,9.65e-01
-9.76e-01,8.81e+00
3.04e+00,6.80e+00
6.85e+00,8.74e+00
3.77e+00,-3.60e+00
5.46e+00,-1.87e+00
2.20e-01,1.17e+01
3.42e+00,7.50e+00
3.60e+00,-2.65e+00
8.60e+00,4.32e+00
-7.38e-01,6.89e+00
-7.02e-01,6.62e+00
1.19e+01,1.04e+01
8.20e+00,1.73e-01
9.91e+00,1.30e+01
2.40e+00,6.46e-02
3.63e+00,2.63e+00
2.79e+00,1.01e-02
6.68e+00,1.18e+01
2.52e+00,2.94e+00
1.41e+01,9.34e+00
2.47e+00,7.80e+00
4.24e+00,4.92e+00
2.48e+00,6.88e+00
1.51e+00,-2.24e+00
5.47e+00,2.19e-01
2.19e+00,6.13e+00
5.86e+00,1.22e+00
5.90e+00,7.27e+00
1.24e+00,1.22e+00
4.94e+00,1.27e+00
1.41e+01,3.40e+00
7.89e+00,7.08e+00
4.56e+00,7.50e+00
3.92e+00,5.18e+00
6.32e+00,5.48e+00
7.55e-01,8.85e+00
6.82e+00,7.58e+00
7.58e-01,5.55e+00
6.27e+00,2.98e+00
5.84e+00,6.76e+00
9.23e+00,2.52e+00
1.49e+01,4.88e+00
-4.39e-01,-9.50e-01
1.87e+00,2.28e+00
8.05e+00,6.46e+00
4.88e+00,7.92e+00
2.20e+00,2.85e+00
3.94e+00,2.65e+00
8.40e+00,-4.68e+00
-3.49e+00,2.15e+00
-1.08e+00,5.56e+00
1.68e+00,5.52e+00
6.66e+00,8.45e+00
1.06e+01,6.19e+00
2.43e+00,-2.41e+00
-6.62e+00,2.61e+00
-3.37e+00,1.09e+01
5.20e+00,-3.51e-01
8.77e+00,-3.03e-01
1.24e+00,6.07e+00
1.38e+01,4.55e+00
1.10e+01,-1.51e+00
6.85e+00,2.26e+00
5.96e+00,6.74e+00
4.20e+00,-1.53e-01
7.45e+00,6.24e+00
-3.07e+00,6.90e+00
2.47e+00,3.94e+00
7.31e+00,-4.47e+00
-1.86e+00,9.60e+00
1.38e+01,7.54e-01
4.93e+00,1.02e+01
5.85e+00,8.43e+00
3.67e+00,8.23e+00
8.13e+00,5.11e+00
7.78e+00,2.95e+00
3.18e+00,-8.62e-01
1.31e+00,1.07e+01
-2.47e+00,-1.90e+00
5.03e+00,7.46e+00
8.80e+00,9.68e+00
5.89e+00,-9.58e-01
1.03e+01,6.62e+00
5.66e+00,1.06e+01
1.10e+01,9.98e+00
3.47e+00,1.38e+00
7.27e+00,2.57e+00
-4.50e+00,5.15e+00
4.08e+00,2.47e+00
7.95e-01,-6.46e+00
1.60e+00,8.33e+00
6.81e+00,5.20e+00
2.15e-01,-2.44e-01
8.38e+00,7.36e+00
-9.03e-01,1.95e+00
6.43e+00,5.44e+00
3.28e+00,-2.61e+00
1.33e+01,1.04e+01
4.97e+00,-4.45e+00
7.95e+00,7.84e+00
2.61e+00,-1.60e+00
1.00e+01,2.80e+00
2.59e+00,3.65e+00
8.93e+00,7.93e+00
2.59e-01,5.16e+00
-4.64e+00,7.33e+00
1.01e+00,9.75e-01
-4.09e-01,4.24e+00
3.82e+00,-1.37e+00
1.51e+00,1.16e+00
3.63e+00,2.38e+00
9.51e+00,-8.44e-01
1.02e+01,1.40e+00
1.39e+01,5.38e+00
8.91e+00,1.92e+00
8.06e+00,6.45e+00
1.13e+01,1.12e+00
2.07e-01,4.35e+00
1.20e+01,8.69e+00
2.44e+00,2.35e+00
7.86e+00,-6.84e-01
6.95e+00,2.72e+00
7.67e+00,6.38e+00
2.24e+00,1.66e+00
7.90e+00,1.15e+01
-5.51e+00,8.76e+00
3.69e+00,1.27e+00
4.65e-01,8.55e+00
7.38e+00,9.08e+00
1.16e+01,-7.38e-01
-3.07e-01,-4.77e+00
-2.49e+00,-4.34e+00
7.39e+00,1.16e+01
1.09e+01,-1.48e+00
2.49e+00,-2.40e-01
2.84e+00,5.68e-01
3.48e+00,2.20e+00
4.15e+00,3.83e+00
7.07e+00,3.05e+00
-4.15e-01,2.57e+00
2.74e+00,-3.69e+00
3.91e+00,-2.13e+00
8.63e+00,8.63e+00
-5.14e-01,-4.26e+00
5.56e+00,8.88e+00
4.81e+00,8.84e+00
1.09e+00,1.37e-01
3.84e+00,5.06e+00
5.83e+00,2.23e+00
-1.01e+00,-1.13e+00
4.19e+00,-2.76e+00
3.13e+00,8.58e+00
-2.46e+00,4.34e+00
-9.27e-01,-9.29e-01
2.53e+00,-3.35e+00
2.90e+00,9.85e+00
9.77e+00,6.25e+00
1.04e+00,-1.33e+00
-1.04e+00,1.08e+01
9.88e+00,1.75e+00
4.19e+00,3.31e+00
1.25e+00,-9.45e+00
6.05e+00,-3.49e+00
-1.10e+00,8.92e+00
4.02e+00,-3.19e+00
1.08e+01,7.63e+00
7.52e+00,2.28e+00
6.77e+00,5.59e+00
1.12e+01,2.57e+00
6.37e+00,8.77e+00
1.06e+00,1.30e+01
9.03e-01,9.87e+00
9.79e+00,4.91e+00
1.50e+00,1.87e+00
7.38e+00,4.88e+00
4.54e+00,2.06e+00
-8.50e-01,4.88e+00
5.86e+00,2.40e+00
2.55e+00,4.31e+00
2.89e+00,5.80e+00
7.60e+00,-1.92e+00
2.22e+00,4.64e+00
1.65e+00,6.28e+00
1.36e+01,-3.07e+00
3.14e-02,5.36e+00
7.32e+00,8.41e+00
1.42e-01,-6.97e+00
7.50e+00,9.93e-01
1.57e+00,7.03e+00
3.32e+00,2.20e-01
3.55e+00,9.66e+00
2.95e+00,6.25e-01
1.04e+01,3.34e+00
4.92e+00,2.03e+00
4.92e-01,7.92e+00
1.14e+01,3.82e+00
-2.34e-02,2.19e+00
3.20e+00,1.08e+01
3.00e+00,3.63e+00
8.66e+00,3.48e-01
2.39e+00,8.24e+00
-1.31e+00,9.48e+00
-2.39e+00,7.53e+00
-3.17e+00,8.27e+00
1.08e+01,1.21e+01
4.10e+00,8.07e+00
3.03e+00,2.43e+00
2.35e+00,7.01e+00
1.91e+00,2.83e+00
6.65e+00,1.10e+01
9.82e+00,-5.53e+00
5.63e+00,1.71e+00
5.72e+00,-2.48e+00
-2.13e+00,5.64e+00
4.38e+00,5.16e+00
4.58e-01,7.33e+00
5.44e-01,2.92e-01
2.88e+00,9.69e+00
5.33e+00,2.51e+00
4.67e+00,1.60e+00
3.19e+00,4.92e+00
1.27e+00,1.10e+01
6.61e+00,4.24e+00
6.34e+00,3.18e+00
