6.717659e+00,2.119504e+00
7.110901e+00,1.818890e-01
6.648480e+00,1.987739e+00
4.708777e+00,6.587786e-01
6.323581e+00,3.360975e+00
7.346113e+00,1.811679e+00
7.890436e+00,1.369260e+00
5.555776e+00,-1.589161e+00
2.731456e+00,-4.765291e-01
7.533826e+00,1.474042e+00
4.049627e+00,-2.205694e-02
8.162839e+00,9.082351e-01
4.675868e+00,9.592931e-02
6.194771e+00,1.772516e+00
5.369381e+00,1.150802e+00
1.867130e+00,2.658663e+00
6.769933e+00,3.266674e+00
3.817234e+00,1.163454e+00
4.212156e+00,1.526707e+00
4.144755e+00,1.676666e-01
7.278710e+00,2.577394e+00
7.337894e+00,-5.310371e-01
4.705569e+00,1.862643e+00
4.359367e+00,1.637327e+00
9.398704e+00,1.185326e+00
6.007203e+00,2.590937e-01
6.734189e+00,1.947074e+00
5.988626e+00,-1.293952e-01
6.276353e+00,1.325855e+00
2.304646e+00,-8.901204e-02
6.114752e+00,1.965267e+00
4.561989e+00,-2.113419e-01
4.620658e+00,-1.905623e+00
4.000822e+00,1.183909e+00
6.575633e+00,5.638985e-01
3.011402e+00,1.033663e+00
2.218958e+00,2.314808e+00
6.938805e+00,5.549514e-01
7.460773e+00,-5.897330e-01
8.861113e+00,1.116896e-01
5.174952e+00,1.878247e+00
5.414762e+00,3.213113e+00
9.675375e+00,1.546624e+00
2.598088e+00,-1.374734e-01
7.069163e+00,3.329496e-01
5.295765e+00,-1.111907e+00
8.611405e+00,2.684192e+00
6.542501e+00,-3.439483e-01
5.590920e+00,1.246121e+00
3.177466e+00,2.522292e+00
2.291041e+00,6.155192e-01
7.545109e+00,1.793049e+00
6.855186e+00,1.627123e+00
2.073971e+00,1.629364e+00
5.365223e+00,-2.037921e+00
4.734239e+00,1.816497e+00
5.752071e+00,1.631376e+00
2.702944e+00,7.428741e-01
3.187261e+00,1.622372e+00
7.639642e+00,4.034850e-01
8.660996e+00,2.342117e+00
8.059700e+00,8.516410e-01
2.925918e+00,1.816751e+00
3.520440e+00,7.705578e-01
1.988892e+00,1.556790e+00
1.823157e+00,5.733849e-01
7.008962e+00,1.946294e+00
8.130425e+00,3.110621e+00
6.616437e+00,2.182105e+00
4.511992e+00,2.809995e+00
6.597609e+00,1.237648e+00
3.755811e+00,2.865355e+00
2.061787e+00,9.103523e-01
7.034354e+00,1.385172e-01
3.942855e+00,3.151794e-01
1.655418e+00,-1.285293e-01
4.848986e+00,-1.613694e+00
9.213982e+00,2.342810e+00
7.446769e+00,1.606857e+00
5.860726e-01,1.215194e+00
3.197206e+00,6.650921e-01
6.476718e+00,5.777729e-01
5.102100e+00,1.376770e-01
7.179678e+00,-1.751361e-02
6.505403e+00,-5.156195e-01
2.602036e+00,6.438941e-02
8.071290e+00,3.452859e-01
5.254138e+00,1.067907e+00
6.196763e+00,1.131404e+00
6.836288e+00,1.607220e+00
5.972812e+00,7.419894e-01
4.417444e+00,1.241165e-01
8.518623e+00,2.294734e+00
3.326373e+00,-1.394607e+00
5.654474e+00,3.703337e+00
7.547027e+00,2.271232e+00
8.625326e+00,9.049316e-01
4.763090e+00,1.141858e+00
3.101726e+00,9.424517e-01
8.903423e+00,2.606878e+00
3.863939e+00,1.454033e+00
9.482236e+00,2.087172e+00
7.571234e+00,1.087775e+00
8.590468e+00,5.897447e-01
4.242212e+00,2.673553e-01
5.960887e+00,2.149389e+00
4.775798e+00,4.486590e+00
7.735872e+00,2.807998e+00
8.343623e+00,-1.276652e+00
8.695210e+00,6.938527e-01
5.364395e+00,6.816224e-02
7.185039e+00,3.599375e+00
4.413423e+00,-4.685479e-03
4.856243e+00,-1.442155e+00
4.623786e+00,1.107402e+00
5.223379e+00,1.129206e+00
7.200432e+00,-9.462941e-01
2.883976e+00,1.617534e+00
6.134931e+00,1.610686e+00
4.303060e+00,1.986116e+00
7.322954e+00,3.019488e+00
2.080065e+00,8.408347e-01
6.600507e+00,-8.217365e-01
4.148889e+00,-6.011695e-02
5.900777e+00,1.960382e-01
6.748444e+00,3.055686e-02
4.051207e+00,7.560694e-01
7.899247e+00,1.322698e-01
4.774837e+00,-2.271854e+00
4.084583e+00,1.806284e+00
8.232482e+00,1.675631e+00
7.985561e+00,-4.968360e-01
6.460891e+00,2.447843e-01
4.612326e+00,2.431334e+00
4.224663e+00,1.871718e-01
4.650277e+00,-1.909515e+00
1.080377e+01,1.649129e+00
5.268920e+00,1.505757e+00
6.065410e+00,1.265505e+00
1.027629e+01,-2.813582e-02
4.392027e+00,-7.767753e-01
4.961226e+00,1.091819e+00
3.269663e+00,1.509072e+00
1.860135e+00,1.273610e+00
1.484869e+00,1.079340e+00
8.261891e+00,4.582366e-01
2.914052e+00,1.399329e+00
7.632204e+00,2.053532e+00
6.541260e+00,5.207786e-01
4.893067e+00,3.090186e+00
5.094961e+00,4.271712e-01
5.908628e+00,1.363853e+00
5.909589e+00,2.875338e+00
3.365364e+00,1.494362e+00
8.624767e+00,1.079192e+00
4.802497e+00,1.466404e+00
7.589071e+00,-3.346934e-02
5.489454e+00,2.153342e+00
6.640423e+00,3.037389e+00
2.588224e-01,1.376050e+00
6.861641e+00,1.806566e+00
3.879080e+00,8.069510e-01
1.972238e+00,6.276024e-01
7.064126e+00,1.018137e+00
4.752566e+00,1.953239e+00
5.466906e+00,3.839163e+00
1.071782e+01,6.383946e-02
7.318403e+00,5.700322e-01
5.890208e+00,1.786768e+00
9.479707e+00,5.403185e-01
3.343764e+00,2.225976e+00
6.349077e+00,9.148978e-01
3.433176e+00,2.372849e+00
5.234905e+00,1.427406e+00
3.246514e+00,2.128226e+00
2.603945e+00,-8.447706e-02
3.400670e+00,-4.817206e-01
9.498460e+00,1.158933e+00
2.647136e+00,4.239088e-01
6.772284e+00,2.210022e+00
5.905498e+00,1.443289e+00
6.445967e+00,2.097463e+00
3.021137e+00,1.722772e+00
7.832004e+00,3.454398e+00
5.762544e+00,3.868203e-01
4.479602e+00,1.608976e+00
7.496972e+00,3.182748e+00
3.997434e+00,2.436561e+00
6.947699e+00,1.622965e+00
1.988732e+00,3.051375e-01
5.479698e+00,-1.714691e+00
6.724442e+00,1.246585e+00
8.740427e+00,4.217561e+00
7.716293e+00,2.957244e+00
6.942335e+00,1.887890e+00
7.013796e+00,2.865047e+00
8.598197e-01,2.602397e+00
6.214308e+00,1.740554e+00
2.545879e+00,2.784201e+00
4.666237e+00,1.288928e+00
8.787828e+00,1.763170e+00
6.201972e+00,-7.344237e-01
5.030130e+00,2.898894e+00
7.934240e+00,3.060353e+00
3.268572e+00,8.112100e-01
5.519837e+00,-2.756495e-01
6.539781e+00,1.172276e-01
6.091424e+00,3.363767e-01
5.285456e+00,2.153918e+00
1.055935e+01,2.228898e+00
3.112084e+00,9.684893e-01
6.284710e+00,3.270840e+00
7.339691e+00,2.302714e+00
2.890231e+00,1.428118e+00
3.184401e+00,5.392846e-01
8.855596e+00,1.115783e+00
9.025423e+00,2.043169e+00
5.469185e+00,1.270436e+00
8.982164e-01,1.062706e-01
2.510090e+00,2.323503e+00
8.157592e+00,3.199832e+00
2.469179e+00,-1.195387e-01
7.930493e+00,-6.329598e-01
4.532614e+00,1.022381e+00
1.358474e+00,1.262946e+00
5.529641e+00,1.247320e+00
5.722660e+00,-3.582367e-01
4.762376e+00,1.564287e+00
3.956878e+00,9.293285e-01
4.377290e+00,1.672040e+00
6.429820e+00,2.010318e+00
4.943011e+00,3.557527e+00
6.195700e+00,2.711442e+00
3.700628e+00,1.841177e+00
3.881979e+00,9.967435e-01
3.452963e+00,8.901656e-02
5.037271e+00,3.873645e-01
4.628083e+00,-7.806416e-01
6.195335e+00,3.399903e+00
6.091261e+00,1.686945e+00
6.865080e+00,9.875520e-01
1.323755e+00,1.183166e-01
4.620254e+00,9.897403e-01
3.824119e+00,2.827432e+00
3.146765e+00,-1.658284e-01
2.752414e+00,9.583031e-01
7.607901e+00,1.940671e+00
3.921813e+00,2.675173e-01
5.945787e+00,1.610629e+00
3.905706e+00,4.541421e-01
9.738427e+00,2.642837e-01
5.325863e+00,1.088807e+00
5.123886e+00,1.549029e+00
4.997695e+00,1.215973e+00
4.456507e+00,1.105954e+00
3.849316e+00,9.782875e-01
7.935099e+00,1.244225e+00
4.778534e+00,4.893198e-01
3.026309e+00,1.081547e+00
4.301720e+00,2.429086e+00
8.001194e+00,2.688200e+00
5.424672e+00,2.074364e+00
6.142760e+00,2.291341e+00
6.890780e+00,1.562320e+00
6.268822e+00,6.336409e-01
4.822963e+00,-1.732733e-01
7.040950e+00,-1.205304e+00
3.659207e+00,1.802700e+00
4.815576e+00,2.311163e+00
3.701824e+00,-1.504203e+00
5.946468e+00,6.484405e-01
3.270956e+00,8.280119e-01
7.789744e+00,1.621197e+00
5.773413e+00,2.184407e+00
7.007362e+00,1.173017e-01
7.726325e+00,3.184238e+00
2.415332e+00,-1.371696e+00
7.152187e+00,2.378497e+00
5.417777e+00,1.510617e+00
5.089196e+00,4.501286e-01
3.579544e+00,8.104834e-01
8.320019e+00,5.469389e-01
2.776796e+00,-1.157141e+00
3.117325e+00,3.715353e+00
4.354927e+00,-1.991146e-01
4.308387e+00,-9.134251e-01
3.427599e+00,1.912527e+00
3.814677e+00,9.165608e-01
4.482191e+00,1.217631e+00
6.772385e+00,2.251638e+00
2.927243e+00,1.549417e+00
5.609073e+00,-1.235397e+00
5.563938e+00,1.573152e-01
2.134671e+00,2.743998e+00
5.904582e+00,8.792828e-01
5.250181e+00,1.822053e+00
6.378539e+00,2.157708e+00
8.412293e+00,2.361958e+00
4.007318e+00,2.547160e+00
5.882870e+00,8.162745e-01
5.774425e+00,1.404318e+00
7.683746e+00,2.388634e+00
3.584582e+00,2.757238e+00
7.164102e+00,3.970471e-01
2.756545e+00,6.031497e-02
8.740421e+00,1.956785e+00
6.760736e+00,-3.296793e-01
6.851050e+00,4.145495e+00
6.375921e+00,1.979391e+00
8.827064e+00,2.046622e+00
6.125091e+00,1.153560e+00
5.763892e+00,1.486925e+00
5.334929e+00,9.704527e-01
7.940080e+00,3.702525e-01
6.441526e+00,2.549447e+00
5.839851e+00,2.894725e+00
8.070306e+00,2.374401e+00
6.550151e+00,1.165659e+00
6.779801e+00,6.783878e-01
3.187664e+00,1.242283e+00
8.830689e+00,1.986501e+00
5.871315e+00,3.341949e+00
8.137417e+00,1.246861e+00
8.755616e+00,7.226902e-01
8.034991e+00,5.808516e-01
5.489861e+00,2.363871e-01
8.408512e+00,5.899674e-01
7.447710e+00,1.739445e+00
8.906431e+00,2.865127e+00
2.075354e+00,1.482681e+00
2.493138e+00,-9.946464e-02
6.419022e+00,2.272815e+00
5.147650e+00,1.104410e+00
6.510271e+00,2.393688e+00
5.697135e+00,-4.184818e-01
1.892071e+00,1.150874e+00
6.203922e+00,2.984324e+00
5.164849e+00,2.160655e+00
6.639073e+00,1.398341e+00
4.790528e+00,1.426985e+00
4.908019e+00,4.217004e+00
4.012546e+00,1.088550e+00
5.328721e+00,2.660680e+00
4.082910e+00,1.533817e+00
3.246279e+00,-1.298054e+00
4.356408e+00,-3.281415e-01
8.002418e+00,3.750622e+00
7.610611e+00,1.233283e+00
1.283876e+00,-9.962461e-02
2.504989e+00,8.756539e-01
3.914183e+00,4.100663e-01
6.702277e+00,8.276410e-01
6.831514e+00,2.576458e+00
7.532216e-01,9.545826e-01
4.725728e+00,-1.828509e-01
5.040139e+00,1.407839e+00
4.385809e+00,-4.388019e-01
5.312500e+00,5.137872e-01
7.889410e+00,3.619861e+00
7.954773e+00,1.147550e+00
3.995615e+00,1.182667e+00
1.004906e+01,-8.699354e-03
7.629187e+00,1.731298e+00
3.372243e+00,1.131457e+00
3.568634e-01,1.658481e+00
7.281526e+00,1.381994e+00
6.278364e+00,1.460086e+00
9.508657e+00,3.447750e+00
3.704047e+00,1.064027e+00
5.019487e+00,6.150488e-01
1.245611e+00,1.578288e+00
5.044579e+00,-1.288794e+00
3.848965e+00,2.047541e+00
1.831131e+00,1.223589e+00
5.950054e+00,7.184576e-01
4.489504e+00,7.070994e-01
8.296498e+00,6.697923e-02
4.880961e+00,2.522747e+00
3.441840e+00,2.212826e+00
4.062863e+00,2.000370e+00
2.585153e+00,1.893026e-01
4.146311e+00,2.013448e-01
2.006082e+00,2.831511e+00
3.023573e+00,2.888475e+00
3.243872e+00,5.598947e-01
7.389478e+00,7.251476e-01
5.026138e+00,1.255994e-01
6.423952e+00,2.612826e+00
6.004155e+00,2.119241e+00
1.008112e+01,2.817686e+00
2.550295e+00,2.227288e+00
4.803869e+00,7.797891e-01
1.346779e+00,9.678200e-01
2.176565e+00,1.297119e+00
5.707353e+00,1.385045e+00
6.355962e+00,-1.481333e-01
3.752859e+00,1.491493e+00
4.846807e+00,1.249949e-01
7.864005e+00,4.642742e-01
5.119895e+00,1.898626e+00
6.409142e+00,1.719415e+00
7.014765e+00,1.380506e+00
4.128254e+00,2.031251e+00
1.329042e+00,1.459580e+00
7.718818e+00,2.316178e-01
7.132580e+00,1.705954e+00
8.543064e+00,-8.515590e-01
7.423426e+00,3.468851e-01
3.186981e+00,2.838063e+00
6.985385e+00,-5.619123e-02
7.533235e+00,1.386965e+00
5.518184e+00,1.215028e+00
3.983086e+00,-7.912736e-01
4.546426e+00,1.906081e+00
2.564907e+00,2.025108e+00
7.087791e+00,2.052609e+00
3.474730e+00,1.476157e+00
8.983431e+00,1.788689e+00
7.432689e+00,1.153916e+00
3.122129e+00,8.513010e-01
3.665984e+00,2.289945e+00
3.940008e+00,1.330525e+00
8.860647e+00,-2.678878e-01
3.543138e+00,2.048982e-01
6.942663e+00,3.346919e+00
9.115346e+00,3.534757e-01
3.745759e+00,1.187552e+00
3.033965e+00,1.557110e+00
5.973210e+00,1.458091e+00
1.358353e+00,3.567889e+00
3.857201e+00,4.499739e-01
7.700802e+00,5.769620e-01
7.138978e+00,3.666704e-01
4.314529e+00,9.178728e-01
7.603055e+00,1.374780e+00
1.683183e+00,-7.569953e-01
7.001526e+00,7.762678e-01
7.087634e+00,1.744697e+00
6.064072e+00,3.322647e+00
8.379726e+00,1.258769e+00
6.492043e+00,-9.841354e-02
7.287271e+00,1.745288e+00
5.934562e+00,1.394046e+00
7.065534e+00,1.964076e+00
5.633562e+00,8.719196e-01
6.161464e+00,-1.250183e-02
4.971587e+00,-4.968977e-01
8.966934e+00,1.995437e+00
7.698332e+00,9.709779e-01
4.695606e+00,7.060946e-01
7.925837e+00,9.538539e-01
6.619011e+00,3.126259e+00
6.019441e+00,2.302192e-01
6.622939e+00,1.962015e+00
7.156676e+00,9.421032e-01
2.599410e+00,1.906713e+00
4.321476e+00,3.289228e-01
4.002363e+00,7.071815e-01
8.737425e+00,-7.501400e-02
1.043215e+01,2.939723e-01
3.992820e+00,3.061932e+00
4.833913e+00,1.590182e+00
5.318818e+00,1.662496e+00
4.612683e+00,2.151056e+00
8.962529e+00,1.178673e+00
7.579146e+00,7.152422e-01
3.533767e+00,2.224041e+00
6.187718e+00,-1.365985e+00
4.074965e+00,1.188513e+00
4.395193e+00,4.120326e-01
6.864329e+00,2.135547e+00
7.098640e+00,-9.466538e-01
5.371056e+00,1.653821e+00
3.778531e+00,1.220222e+00
8.471490e-01,-1.709241e-01
