7.43e+00,8.66e-01
6.90e+00,1.19e+00
7.03e+00,5.78e-01
4.03e+00,-3.24e-01
6.86e+00,7.78e-01
4.65e+00,-2.88e-01
8.05e+00,-3.17e-01
9.11e+00,2.59e+00
4.58e+00,1.13e+00
7.34e+00,7.81e-01
4.37e+00,1.91e+00
6.47e+00,1.56e+00
4.46e+00,1.60e+00
6.10e+00,2.87e-01
3.49e+00,5.48e-01
6.22e+00,1.41e+00
8.47e+00,9.22e-01
7.84e+00,6.82e-01
4.02e+00,-4.41e-01
7.46e+00,1.37e+00
4.52e+00,6.05e-01
8.59e+00,1.73e+00
6.05e+00,-6.17e-02
5.18e+00,8.31e-02
4.49e+00,-4.71e-01
5.80e+00,9.65e-01
4.72e+00,-2.25e-01
5.32e+00,-1.22e-01
5.14e+00,8.74e-01
3.28e+00,1.88e+00
4.99e+00,5.26e-02
3.34e+00,9.93e-01
7.11e+00,6.04e-01
3.28e+00,1.96e-01
6.25e+00,3.36e-02
5.96e+00,-2.77e-01
7.10e+00,6.34e-01
9.30e+00,1.15e+00
5.85e+00,4.37e-01
6.78e+00,-1.12e+00
5.69e+00,4.52e-01
3.89e+00,1.08e+00
4.94e+00,6.14e-02
4.08e+00,1.62e+00
2.64e+00,2.20e-01
8.28e+00,6.80e-01
5.77e+00,1.35e-01
6.17e+00,1.06e+00
3.95e+00,9.54e-01
6.52e+00,3.18e-01
4.45e+00,1.34e+00
4.22e+00,1.09e+00
5.88e+00,6.38e-01
4.79e+00,-2.05e-01
3.93e+00,1.63e+00
5.47e+00,4.40e-01
4.41e+00,5.76e-01
5.00e+00,2.78e-01
5.58e+00,1.21e+00
5.49e+00,5.97e-01
7.53e+00,6.77e-01
7.07e+00,8.11e-01
4.29e+00,-1.24e-01
9.11e+00,2.65e-01
4.01e+00,1.85e-02
7.49e+00,9.01e-01
4.02e+00,-1.11e-01
4.54e+00,1.89e+00
3.37e+00,-1.42e+00
7.86e+00,1.00e+00
4.33e+00,5.95e-01
4.20e+00,4.60e-01
3.21e+00,-1.11e-01
8.72e+00,1.29e+00
4.39e+00,4.61e-01
6.94e+00,7.25e-01
6.59e+00,1.04e+00
4.37e+00,5.73e-01
4.65e+00,-3.53e-01
3.48e+00,1.56e-01
7.80e+00,-5.32e-01
6.59e+00,6.27e-01
7.10e+00,1.90e+00
6.19e+00,7.33e-01
5.44e+00,5.29e-01
6.59e+00,5.22e-01
3.40e+00,-8.10e-01
8.34e+00,1.11e+00
6.17e+00,8.87e-01
4.23e+00,-8.38e-01
8.24e+00,3.88e-01
4.57e+00,1.77e+00
2.42e+00,2.74e-01
4.10e+00,-4.05e-01
5.79e+00,2.39e-01
7.31e+00,1.54e+00
9.20e+00,1.15e+00
3.83e+00,-4.29e-01
7.49e+00,1.11e+00
5.87e+00,2.23e+00
5.72e+00,1.98e+00
8.77e+00,5.73e-01
6.64e+00,4.12e-01
7.25e+00,1.06e+00
8.43e+00,4.63e-01
7.22e+00,2.62e-01
6.14e+00,1.54e+00
4.46e+00,1.11e+00
5.96e+00,7.04e-02
4.27e+00,-2.43e-01
5.57e+00,5.42e-01
5.26e+00,-5.22e-01
7.89e+00,1.26e+00
4.45e+00,5.52e-01
9.33e+00,1.16e+00
8.18e+00,-7.63e-01
7.22e+00,-2.60e-01
8.12e+00,3.60e-01
8.71e+00,-2.46e-01
6.38e+00,1.05e+00
7.71e+00,6.20e-01
8.02e+00,8.99e-01
7.75e+00,1.18e+00
3.37e+00,1.47e+00
6.17e+00,8.34e-01
6.40e+00,9.50e-01
3.30e+00,1.12e+00
4.40e+00,1.17e-01
3.94e+00,1.64e+00
6.54e+00,1.76e+00
5.52e+00,1.26e+00
5.57e+00,4.14e-01
5.72e+00,2.90e-01
5.47e+00,-5.50e-01
9.77e+00,4.99e-01
4.50e+00,-7.88e-01
3.76e+00,6.46e-01
6.83e+00,-8.77e-02
4.82e+00,-1.32e-01
6.13e+00,9.23e-01
3.74e+00,-6.52e-02
4.46e+00,1.85e+00
5.64e+00,1.71e+00
4.45e+00,-3.00e-01
5.59e+00,1.90e-01
6.64e+00,7.57e-02
7.70e+00,9.46e-02
3.52e+00,2.79e-02
3.52e+00,9.26e-01
7.14e+00,6.38e-01
5.91e+00,4.43e-01
7.01e+00,3.66e-01
6.12e+00,1.62e+00
4.69e+00,2.51e-01
3.71e+00,8.92e-01
6.47e+00,1.64e+00
7.55e+00,2.14e-01
5.58e+00,1.36e+00
3.19e+00,8.87e-01
7.66e+00,7.44e-01
4.68e+00,2.26e+00
4.03e+00,-3.77e-01
4.30e+00,-6.69e-01
3.12e+00,1.06e+00
4.77e+00,1.37e+00
6.59e+00,8.59e-01
5.61e+00,-2.76e-01
7.36e+00,9.17e-01
8.39e+00,1.33e+00
6.50e+00,-6.80e-01
8.44e+00,1.39e+00
3.71e+00,-7.10e-03
5.18e+00,-1.05e-01
6.50e+00,6.71e-01
4.07e+00,5.19e-01
5.05e+00,5.22e-01
5.05e+00,-2.08e-01
6.68e+00,3.24e-01
4.66e+00,5.95e-01
7.61e+00,7.62e-01
8.25e+00,1.48e+00
5.57e+00,1.88e+00
5.10e+00,5.39e-01
7.98e+00,7.12e-01
6.95e+00,1.10e+00
5.27e+00,3.88e-01
3.98e+00,8.37e-01
5.83e+00,9.06e-01
8.21e+00,1.11e+00
4.16e+00,1.10e+00
7.49e+00,7.58e-01
6.58e+00,7.06e-01
3.96e+00,1.70e+00
8.79e+00,-1.84e-01
5.03e+00,-3.41e-01
4.74e+00,1.26e+00
5.59e+00,9.85e-01
3.83e+00,1.65e+00
8.06e+00,6.13e-02
7.56e+00,5.33e-01
4.06e+00,1.23e-01
4.51e+00,-2.24e-01
4.90e+00,8.37e-01
5.71e+00,1.93e+00
5.26e+00,1.57e+00
5.76e+00,1.18e+00
7.53e+00,3.41e-01
3.12e+00,2.14e+00
2.82e+00,-8.80e-01
6.33e+00,1.91e+00
6.41e+00,1.54e+00
8.92e+00,2.63e-01
4.45e+00,-3.18e-01
6.04e+00,1.40e+00
6.65e+00,5.28e-01
4.54e+00,4.41e-01
4.10e+00,6.13e-01
7.72e+00,1.03e+00
6.33e+00,1.30e+00
4.52e+00,-1.71e-02
4.34e+00,-5.33e-01
4.50e+00,7.03e-01
6.15e+00,1.91e+00
4.43e+00,5.71e-01
8.47e+00,2.37e-01
5.48e+00,8.85e-01
6.43e+00,2.86e-02
9.06e+00,1.08e+00
5.29e+00,7.80e-01
7.46e+00,1.37e+00
2.73e+00,-2.41e-01
7.16e+00,1.84e+00
4.28e+00,6.64e-01
4.01e+00,6.99e-02
5.26e+00,9.07e-01
3.93e+00,6.33e-01
7.78e+00,8.53e-01
5.16e+00,1.75e+00
7.55e+00,-4.41e-01
7.43e+00,3.53e-01
6.22e+00,6.27e-01
8.85e+00,1.14e+00
4.19e+00,3.46e-01
2.32e+00,4.37e-03
6.85e+00,3.80e-01
4.44e+00,1.50e+00
3.62e+00,1.90e-01
5.50e+00,6.63e-01
6.39e+00,1.24e+00
8.64e+00,1.37e+00
6.19e+00,4.57e-01
7.52e+00,1.15e+00
3.84e+00,9.52e-01
7.68e+00,2.24e+00
8.90e+00,3.33e-01
5.37e+00,1.81e-01
5.47e+00,4.60e-01
7.91e+00,-2.50e-01
4.99e+00,1.17e+00
4.04e+00,1.58e-01
5.01e+00,1.51e-01
5.46e+00,1.32e+00
8.78e+00,1.85e-01
5.54e+00,2.20e-01
4.77e+00,-3.02e-01
6.37e+00,3.10e-01
4.86e+00,6.26e-01
6.62e+00,8.05e-01
4.27e+00,7.96e-01
4.65e+00,1.09e+00
7.29e+00,8.41e-01
6.10e+00,4.52e-01
6.40e+00,1.84e+00
4.59e+00,1.09e+00
4.93e+00,-3.78e-01
4.58e+00,3.80e-01
8.29e+00,8.18e-01
5.57e+00,1.00e+00
7.98e+00,1.02e+00
4.99e+00,1.58e+00
6.61e+00,2.05e-01
5.00e+00,9.24e-02
7.28e+00,-3.56e-01
6.61e+00,-5.26e-01
5.73e+00,-1.52e-02
4.05e+00,1.08e+00
4.79e+00,4.22e-01
6.73e+00,2.98e-01
9.28e+00,1.36e+00
5.01e+00,1.34e+00
5.72e+00,7.68e-01
5.43e+00,7.02e-01
4.71e+00,2.39e+00
4.80e+00,1.16e+00
6.55e+00,1.10e+00
4.82e+00,1.37e+00
4.57e+00,1.86e+00
5.59e+00,7.82e-01
4.66e+00,1.07e+00
4.88e+00,1.46e+00
7.32e+00,1.05e+00
4.34e+00,9.32e-01
6.56e+00,5.22e-01
6.68e+00,6.59e-01
4.83e+00,-9.64e-01
5.94e+00,5.31e-01
4.18e+00,1.71e+00
5.50e+00,2.26e+00
5.76e+00,6.14e-01
4.27e+00,1.30e-01
6.60e+00,2.86e-01
4.60e+00,5.34e-01
5.54e+00,-1.97e-01
6.90e+00,7.85e-01
6.93e+00,8.87e-01
7.09e+00,-2.75e-01
6.03e+00,8.03e-01
8.46e+00,5.69e-01
6.20e+00,3.35e-01
3.77e+00,1.09e-01
8.17e+00,1.54e+00
6.47e+00,1.10e+00
7.50e+00,1.79e+00
7.86e+00,1.63e+00
3.71e+00,8.31e-01
9.23e+00,4.97e-02
6.79e+00,9.19e-01
6.45e+00,-4.92e-01
7.80e+00,1.75e+00
8.82e+00,1.38e+00
5.86e+00,9.24e-01
8.29e+00,8.13e-01
3.97e+00,-8.31e-02
7.76e+00,-5.54e-01
4.16e+00,1.14e+00
6.33e+00,3.12e-01
5.85e+00,7.85e-01
5.51e+00,1.14e+00
6.71e+00,8.18e-01
5.03e+00,8.35e-01
7.50e+00,1.07e+00
4.18e+00,1.49e-01
3.48e+00,3.02e-01
7.50e+00,1.30e+00
8.68e+00,1.84e+00
8.09e+00,1.03e+00
8.33e+00,-3.87e-01
8.47e+00,1.85e+00
7.96e+00,1.11e+00
4.22e+00,4.09e-01
3.85e+00,-8.33e-01
6.57e+00,9.99e-01
5.45e+00,-1.92e-01
6.98e+00,6.47e-01
4.69e+00,3.45e-01
4.00e+00,-1.99e-01
4.78e+00,5.43e-01
8.07e+00,6.64e-01
4.32e+00,6.03e-01
2.40e+00,1.83e+00
5.03e+00,1.25e+00
8.25e+00,-2.78e-01
6.81e+00,2.30e+00
8.00e+00,7.94e-02
5.16e+00,6.23e-01
4.57e+00,-3.99e-01
7.72e+00,6.72e-01
4.49e+00,5.15e-01
6.45e+00,7.20e-01
3.14e+00,1.25e+00
4.27e+00,1.10e+00
4.19e+00,4.99e-01
7.62e+00,6.61e-01
6.13e+00,-3.71e-01
6.54e+00,1.90e+00
5.07e+00,-3.34e-01
4.94e+00,1.50e-01
5.75e+00,7.30e-01
5.32e+00,1.85e+00
8.49e+00,2.49e+00
5.85e+00,1.40e+00
6.37e+00,5.63e-01
8.87e+00,-7.12e-02
6.37e+00,2.18e+00
4.36e+00,8.00e-01
4.24e+00,-4.06e-01
7.96e+00,1.21e+00
6.18e+00,9.37e-02
4.52e+00,1.96e-01
5.49e+00,6.85e-01
8.69e+00,-7.69e-01
6.31e+00,9.69e-01
4.60e+00,8.27e-01
8.94e+00,1.58e+00
3.81e+00,1.04e-01
5.07e+00,3.71e-01
7.93e+00,9.37e-01
4.28e+00,1.03e+00
5.17e+00,9.77e-01
5.55e+00,-4.04e-01
8.24e+00,2.47e+00
8.40e+00,4.05e-01
8.81e+00,1.06e+00
6.22e+00,5.46e-01
6.75e+00,2.79e-01
5.52e+00,1.71e+00
6.55e+00,9.57e-01
5.49e+00,7.72e-01
7.53e+00,1.07e+00
5.77e+00,-4.06e-01
4.09e+00,7.95e-03
7.94e+00,1.69e+00
5.23e+00,1.85e+00
5.67e+00,-5.34e-02
6.02e+00,7.01e-01
3.15e+00,6.78e-01
7.75e+00,-8.67e-01
8.52e+00,2.75e+00
5.59e+00,8.60e-01
7.56e+00,5.89e-01
6.97e+00,6.62e-01
6.89e+00,6.41e-01
6.17e+00,1.02e+00
3.69e+00,6.04e-01
5.91e+00,1.30e+00
