-8.18e+00,5.45e+00
4.11e+00,1.26e+00
5.00e+00,7.65e+00
1.29e+01,-6.67e-01
6.11e+00,6.62e-01
1.01e+00,2.63e+00
1.03e+01,-1.84e+00
7.63e+00,3.82e+00
6.91e+00,-5.87e+00
5.45e+00,3.26e+00
-4.37e+00,7.67e+00
-2.07e+00,-3.34e-01
-2.24e+00,-3.33e+00
1.32e+01,7.85e-01
1.17e+01,2.09e+00
1.10e+01,5.10e+00
8.85e+00,8.81e+00
1.10e+01,7.88e+00
-3.01e+00,1.75e+00
9.09e+00,4.57e+00
8.20e+00,2.39e-01
1.73e+01,2.80e+00
-3.17e+00,-3.47e+00
8.39e+00,1.09e+01
7.33e+00,1.05e+00
4.30e+00,3.86e+00
7.65e+00,6.30e+00
7.71e+00,5.56e+00
1.39e+01,1.04e+01
6.93e+00,7.10e+00
7.50e+00,1.61e+00
1.33e+01,-1.93e+00
7.69e+00,8.07e+00
-4.94e+00,6.77e-01
1.52e+00,2.11e+00
3.39e+00,5.51e+00
6.68e+00,2.32e+00
1.35e-01,2.23e+00
9.56e+00,2.59e+00
8.77e+00,4.21e+00
8.89e+00,4.88e+00
3.67e+00,2.15e+00
1.00e+01,1.05e+01
7.61e-01,4.08e+00
7.56e+00,1.36e+00
6.19e+00,8.41e+00
-3.11e+00,9.87e+00
5.32e+00,1.02e+01
7.48e+00,-1.52e+00
3.16e+00,4.36e+00
7.74e+00,1.03e+01
9.09e+00,1.37e+01
4.01e+00,5.43e+00
-3.37e-01,-1.49e-01
4.51e+00,1.12e+01
5.91e+00,5.50e+00
1.08e+01,6.65e+00
-9.59e-01,1.40e+01
-3.06e+00,6.87e+00
-4.03e+00,1.21e+01
-5.43e+00,-1.32e-01
9.72e+00,9.70e+00
2.76e+00,7.71e+00
2.76e+00,8.04e+00
3.63e+00,2.37e+00
2.70e+00,2.70e+00
6.32e+00,1.16e+00
8.91e+00,1.25e+01
7.32e+00,1.70e+00
6.53e+00,-8.56e+00
1.37e+01,2.88e+00
2.38e+00,4.15e+00
5.43e+00,-2.46e+00
5.34e+00,1.37e+01
8.00e-01,4.08e-01
8.59e+00,-1.41e+00
6.89e-01,6.97e+00
1.51e+01,4.41e-01
3.17e+00,-2.08e+00
-2.72e-01,-8.05e-01
1.06e+01,3.54e+00
3.04e+00,6.26e-01
-2.92e+00,5.57e+00
6.81e+00,5.49e+00
-3.37e+00,5.24e+00
3.18e+00,2.35e+00
-4.00e-01,-7.14e-01
8.04e+00,3.40e+00
-2.76e+00,9.78e+00
5.71e+00,-3.75e+00
2.79e+00,4.66e+00
-7.79e-01,6.19e+00
5.30e+00,6.48e+00
-3.05e-01,-6.68e+00
1.49e+00,-3.78e+00
1.23e+01,1.24e+01
-2.87e+00,-3.06e-01
-1.12e-02,2.60e+00
9.26e+00,9.06e+00
6.94e+00,2.25e+00
1.08e+01,4.63e+00
-2.26e-01,8.45e+00
8.80e+00,7.91e+00
2.25e+00,9.51e-02
1.13e+01,4.05e+00
8.65e+00,2.15e+00
5.37e+00,1.20e+00
3.99e+00,4.08e+00
5.83e+00,6.38e+00
1.00e+01,-4.11e+00
-3.15e+00,3.92e+00
1.54e+01,5.15e+00
-1.02e+00,-7.14e-01
5.56e+00,1.09e+01
8.78e+00,-4.11e-01
1.30e+01,3.65e+00
1.86e+00,-1.65e+00
-7.20e+00,3.37e+00
1.40e+01,1.54e+01
5.55e+00,1.09e+01
1.55e+01,5.04e+00
6.29e+00,4.19e+00
7.28e+00,6.02e+00
4.86e+00,1.09e+01
1.19e+01,5.29e+00
-4.48e+00,4.00e+00
1.51e+01,6.58e+00
1.38e+01,7.25e+00
8.95e+00,9.86e+00
6.19e+00,3.16e+00
1.26e+00,4.96e+00
7.45e+00,5.63e+00
7.80e+00,3.61e+00
1.12e+01,3.91e+00
9.08e+00,-2.60e+00
1.04e+01,4.48e-01
-1.28e+00,6.73e+00
4.27e+00,5.31e+00
5.90e+00,1.15e+01
7.90e+00,-1.60e+00
1.44e+01,1.71e+00
1.46e+01,-2.79e+00
1.02e+01,2.83e+00
2.24e+00,6.78e+00
2.23e-01,-3.06e+00
3.42e+00,4.71e+00
-8.88e+00,7.54e+00
7.57e-01,-3.31e+00
-3.03e-01,1.32e+01
5.83e+00,-2.64e+00
1.21e+00,9.98e-01
7.74e+00,1.35e+00
-1.50e+00,8.91e+00
3.28e+00,8.49e+00
2.02e+00,-2.61e+00
1.69e+00,1.09e+00
9.05e+00,-5.92e+00
1.24e+01,4.45e-01
-1.34e+00,-3.51e+00
5.64e+00,-4.76e+00
2.96e+00,2.72e+00
3.13e+00,9.75e+00
9.21e+00,2.57e+00
-3.89e+00,-1.96e+00
1.52e+00,7.77e+00
6.76e+00,1.12e+00
9.69e+00,1.38e+00
-3.49e+00,-5.68e+00
1.58e+00,4.01e+00
7.36e+00,9.88e+00
1.78e+00,5.12e+00
4.08e+00,4.82e+00
6.19e+00,1.01e+01
-2.15e+00,6.27e+00
9.48e-01,4.59e+00
4.78e+00,5.86e+00
5.52e+00,5.90e+00
-5.42e-01,1.17e+01
4.78e+00,3.12e+00
-3.36e+00,5.11e+00
6.77e+00,1.02e+01
1.43e+01,1.09e+01
1.38e+01,8.21e+00
6.15e+00,5.21e+00
5.77e+00,5.07e+00
7.45e+00,1.04e+01
2.67e+00,-6.35e+00
1.58e+01,3.99e+00
1.97e+00,1.08e+01
1.32e+01,1.16e+01
1.78e+00,3.42e-01
6.12e-02,8.65e+00
7.91e+00,3.93e+00
2.67e+00,1.20e+01
4.02e+00,4.54e+00
4.27e+00,1.00e+01
8.21e+00,8.75e+00
1.54e+01,2.39e+00
1.02e+01,3.91e+00
-1.72e+00,-3.18e+00
