6.19e+00,2.74e+00
4.00e+00,1.02e+00
4.00e+00,1.57e+00
2.48e+00,2.60e+00
-6.55e-01,1.91e+00
-1.68e+00,1.10e-01
2.51e+00,4.10e+00
6.78e+00,1.14e+00
4.34e+00,2.41e+00
3.80e+00,5.39e+00
-3.41e-01,1.47e+00
3.25e+00,2.80e+00
6.29e+00,2.36e+00
-1.61e+00,-3.92e+00
2.81e+00,8.98e-01
-3.76e+00,3.66e-01
3.60e+00,3.46e+00
5.59e+00,-9.23e-01
1.37e+00,4.84e-01
1.48e+00,4.36e+00
-1.91e-01,1.35e+00
9.25e-01,-1.13e+00
5.57e+00,8.01e+00
2.39e+00,5.92e+00
3.45e+00,1.34e+00
5.44e+00,2.35e+00
5.04e+00,1.73e+00
2.28e+00,-9.90e-01
4.38e+00,1.51e+00
4.49e+00,3.17e+00
-1.17e+00,1.30e+00
1.49e+00,5.40e+00
2.69e+00,3.53e+00
4.98e+00,-6.35e-01
4.00e+00,4.65e+00
-5.20e-02,-3.73e-01
1.79e-01,-5.49e+00
5.21e+00,3.85e+00
6.82e+00,1.76e+00
3.69e+00,4.64e+00
2.25e+00,3.27e+00
2.00e-01,-1.05e-01
1.09e+00,1.43e+00
1.99e+00,4.49e+00
-2.90e+00,2.22e+00
1.36e+00,2.19e+00
3.38e+00,-9.59e-02
3.24e+00,1.40e+00
-5.14e-01,-7.31e-01
6.61e+00,5.50e+00
1.80e+00,1.99e+00
3.80e+00,2.48e+00
3.33e+00,2.15e+00
2.54e+00,4.19e-01
8.46e+00,2.18e+00
5.00e+00,5.35e+00
-1.66e+00,3.21e+00
9.16e-01,2.07e+00
3.36e+00,3.62e+00
9.79e-01,2.44e+00
5.18e+00,1.66e-01
3.37e+00,3.14e+00
4.22e+00,5.66e+00
7.69e+00,2.49e+00
2.88e+00,-5.61e-01
-3.44e-01,4.35e-01
3.62e+00,2.85e+00
2.02e+00,1.81e+00
4.65e+00,2.58e+00
1.81e+00,-1.85e-01
2.47e+00,2.43e+00
1.90e+00,1.22e+00
5.18e+00,3.73e+00
-3.43e+00,9.10e-01
6.31e+00,3.17e+00
-4.45e-01,1.38e+00
5.07e+00,1.70e+00
-3.08e+00,4.07e-01
1.51e+00,5.23e+00
3.27e+00,-5.56e-01
-3.52e+00,-2.46e+00
4.00e+00,3.13e+00
6.13e+00,5.14e-01
-1.52e+00,1.26e+00
-1.39e+00,-1.89e+00
1.45e+00,3.65e+00
-1.97e+00,7.39e-01
3.56e+00,3.77e+00
5.74e+00,1.33e+00
-3.72e-01,1.31e+00
-1.22e+00,5.49e+00
3.11e-01,4.77e-01
6.30e+00,1.83e-03
4.25e+00,3.36e+00
6.44e-02,-3.73e+00
4.95e+00,4.24e+00
3.41e+00,7.53e-01
2.61e+00,4.10e+00
2.32e+00,5.41e+00
4.05e+00,3.56e+00
6.86e+00,9.69e-01
4.48e-01,3.72e-01
1.16e+00,4.29e+00
-1.59e+00,6.13e+00
2.23e+00,3.97e+00
3.42e+00,1.59e+00
-2.55e+00,2.49e+00
-8.64e-01,-1.48e+00
8.07e+00,5.63e+00
6.37e+00,1.54e+00
1.17e+00,4.80e+00
6.10e+00,1.04e+00
1.95e+00,1.56e+00
2.30e+00,6.73e-01
4.93e+00,3.94e+00
-7.84e-02,1.37e+00
7.01e+00,4.20e+00
6.78e+00,2.82e+00
9.55e+00,3.60e-01
9.70e+00,4.47e+00
5.09e+00,5.63e+00
7.19e-01,-2.92e+00
2.61e+00,2.62e-01
2.44e+00,1.59e+00
4.08e+00,4.50e-01
8.23e+00,3.99e+00
6.01e-01,2.98e+00
1.84e+00,-1.90e+00
2.09e+00,2.08e-01
4.53e+00,-4.59e+00
6.17e+00,2.92e+00
-1.15e+00,1.11e+00
3.37e+00,2.82e+00
3.55e+00,1.42e+00
5.84e+00,3.54e+00
1.04e+00,6.21e-01
3.63e+00,-1.68e-01
-2.32e-01,1.90e+00
2.67e+00,1.10e+00
-1.23e+00,1.79e+00
5.00e-01,-4.45e-02
9.27e-01,3.21e+00
3.26e+00,4.29e+00
3.81e+00,3.12e+00
4.09e+00,3.47e+00
2.70e+00,5.20e+00
4.12e+00,2.86e+00
1.45e+00,1.08e+00
4.67e+00,2.19e+00
1.38e+00,-1.44e+00
1.36e+00,2.85e+00
2.31e+00,2.83e+00
5.55e+00,1.73e+00
7.39e+00,1.07e+00
-3.06e+00,-2.23e+00
4.08e+00,1.80e+00
-9.25e-01,2.22e+00
2.32e-01,2.13e+00
4.06e+00,2.73e+00
5.28e+00,2.29e+00
-1.94e-01,3.68e+00
-1.31e-01,1.47e+00
3.24e+00,1.65e+00
3.44e+00,4.67e+00
3.14e+00,-4.32e-01
-2.91e+00,-1.38e+00
-1.79e-02,7.54e-01
6.15e+00,1.02e+00
1.02e+00,1.16e+00
1.52e+00,1.99e+00
3.69e-02,2.33e+00
5.16e+00,-1.17e+00
4.84e+00,4.47e+00
3.63e+00,5.71e+00
1.07e+00,2.34e+00
-1.59e-01,-1.52e+00
7.24e-01,5.21e+00
6.77e+00,1.12e+00
2.53e+00,3.06e+00
1.54e+00,4.80e+00
1.92e+00,-1.03e+00
2.29e+00,3.31e+00
1.25e+00,1.38e+00
1.47e+00,6.32e-01
3.75e+00,-3.79e-01
-2.28e+00,-2.10e+00
2.95e+00,5.23e+00
8.23e+00,2.77e+00
1.13e+00,2.79e+00
-2.85e+00,-2.24e+00
3.52e+00,3.18e+00
4.36e+00,3.24e+00
1.07e-01,2.39e+00
8.29e+00,9.95e-01
4.15e+00,5.79e+00
1.97e+00,1.08e+00
5.19e+00,1.64e+00
-1.19e+00,1.03e+00
2.54e+00,1.14e+00
3.11e+00,-1.96e+00
