2.636357e+00,1.993991e+00
6.132300e+00,1.867557e+00
4.570698e+00,-1.070082e+00
5.042954e+00,2.371193e+00
5.093824e+00,2.410999e+00
3.690345e+00,2.509954e+00
4.688337e+00,1.471757e+00
6.139866e+00,9.641429e-03
4.259758e+00,6.911417e-01
5.413689e+00,1.160982e+00
3.859131e+00,-3.445953e-01
4.855955e+00,1.775353e+00
5.816498e+00,1.413956e+00
5.184696e+00,1.214788e+00
4.467404e+00,8.081767e-01
3.414145e+00,3.146978e+00
7.302217e+00,1.579577e+00
2.862547e+00,4.484260e-01
5.195046e+00,6.480446e-01
2.588620e+00,-1.371826e-01
5.809532e+00,3.010871e+00
3.786188e+00,3.070632e+00
2.933847e+00,2.620263e+00
3.933600e+00,3.360743e+00
3.944307e+00,-6.235702e-01
3.163172e+00,2.161967e+00
5.407035e+00,7.393902e-01
4.446157e+00,1.006478e+00
4.339660e+00,1.412819e+00
5.322963e+00,1.454223e+00
2.560095e+00,3.660805e-01
4.720236e+00,1.782877e+00
5.415644e+00,1.368699e+00
6.435905e+00,1.066481e+00
7.275082e+00,1.658864e+00
5.084051e+00,3.422129e+00
5.264725e+00,-7.067492e-02
4.344007e+00,1.277516e-01
1.050042e+00,3.748967e+00
2.902239e+00,2.048503e+00
4.238626e+00,1.324892e+00
4.531004e+00,1.299869e+00
4.030108e+00,4.563830e-01
5.738173e+00,2.126435e+00
3.924190e+00,3.136910e-01
5.675118e+00,7.053952e-01
7.284663e+00,1.402725e+00
5.353644e+00,1.479831e+00
3.618461e+00,-3.306684e-01
4.576957e+00,1.975631e-01
6.867109e+00,7.490102e-01
2.372969e+00,1.886404e+00
6.732298e+00,-8.143136e-01
5.233091e+00,1.396485e+00
4.798999e+00,3.184568e+00
5.285058e+00,-1.053415e+00
4.598768e+00,1.307790e+00
5.318561e+00,3.851730e-01
5.329005e+00,1.879584e+00
3.423171e+00,1.704223e+00
4.776357e+00,9.090480e-01
5.980394e+00,9.420504e-01
5.611454e+00,2.378972e+00
4.696593e+00,8.657751e-01
2.472230e+00,-1.899069e-01
4.856898e+00,1.654969e+00
3.779151e+00,1.451582e+00
3.943833e+00,-3.542139e-01
4.311896e+00,7.218216e-01
3.024397e+00,5.259949e-01
5.207775e+00,1.870085e+00
4.178562e+00,1.118319e+00
3.193576e+00,2.556255e+00
3.601783e+00,2.187133e+00
4.347784e+00,-9.929206e-01
4.113398e+00,2.064506e+00
4.806555e+00,2.426519e+00
3.315254e+00,1.132901e+00
3.090206e+00,1.566261e+00
3.085887e+00,2.718959e-02
5.363944e+00,2.210436e+00
3.812979e+00,1.209550e+00
4.515659e+00,2.784086e+00
4.223420e+00,-1.343400e-01
4.263955e+00,1.841878e+00
3.978263e+00,9.721322e-01
2.913985e+00,1.012281e+00
1.919332e+00,-1.489696e+00
4.080628e+00,1.848019e+00
3.428883e+00,2.069690e+00
4.076283e+00,4.137363e+00
4.861750e+00,-1.114359e-01
3.318155e+00,1.219845e+00
4.378488e+00,2.006021e+00
5.605716e+00,1.144362e+00
3.362626e+00,1.972404e+00
4.647686e+00,1.199234e+00
5.001487e+00,-5.354709e-01
4.700661e+00,1.788582e+00
4.115909e+00,7.456585e-01
4.393417e+00,-8.382774e-01
3.967650e+00,-1.556933e-01
4.914046e+00,2.957493e+00
5.809642e+00,-6.162865e-01
4.001421e+00,5.226295e-01
5.407621e+00,1.472486e+00
6.315300e+00,-7.330720e-01
5.732311e+00,2.049660e+00
4.030755e+00,1.767448e+00
3.822797e+00,8.336019e-01
2.136352e+00,8.798005e-01
6.859793e+00,-7.781774e-01
4.518127e+00,8.450036e-02
3.791265e+00,3.418984e-01
4.788143e+00,3.473188e+00
5.088261e+00,2.462005e-01
5.767513e+00,5.355898e-01
5.704673e+00,2.935294e-01
5.210969e+00,6.732610e-01
4.254581e+00,-5.230278e-01
4.766442e+00,1.070870e+00
6.069259e+00,5.796514e-01
5.230111e+00,2.561979e+00
4.608342e+00,2.362537e+00
6.572731e+00,1.627542e+00
5.467901e+00,7.425957e-01
2.883878e+00,1.822253e+00
4.260836e+00,1.697750e+00
3.770686e+00,1.474948e+00
5.502424e+00,2.333687e+00
5.178535e+00,3.930853e-01
5.960942e+00,1.716086e+00
3.350758e+00,5.549046e-01
6.647337e+00,-3.775188e-02
1.732276e+00,6.435738e-01
3.932393e+00,1.489992e+00
3.559927e+00,1.281761e+00
4.040655e+00,1.803180e+00
3.891407e+00,3.254460e+00
2.265007e+00,1.535496e+00
4.423097e+00,1.069145e-01
6.634692e+00,1.187923e+00
3.996722e+00,1.796695e+00
4.944967e+00,1.559299e+00
3.964669e+00,8.302628e-01
4.631862e+00,2.098270e+00
5.002656e+00,-7.332589e-01
3.592424e+00,1.424380e+00
5.046009e+00,2.340528e+00
7.312005e+00,-2.638201e-01
6.508006e+00,1.113702e+00
7.839121e+00,2.037362e+00
4.290898e+00,1.152305e+00
4.992935e+00,1.049749e+00
3.495953e+00,2.082850e+00
4.548119e+00,1.042944e+00
4.148048e+00,1.376429e+00
4.870362e+00,1.473642e+00
5.749583e+00,2.717192e+00
4.565636e+00,1.363388e+00
3.133215e+00,3.346451e-01
4.071141e+00,7.615300e-01
2.653926e+00,1.171222e-01
3.207811e+00,5.911809e-01
6.574782e+00,5.832358e-01
5.191603e+00,1.839035e+00
3.453628e+00,1.320848e-02
4.199259e+00,3.746550e+00
6.205755e+00,1.535217e+00
2.682540e+00,1.903380e-01
5.017017e+00,2.562483e+00
5.835572e+00,1.402477e+00
4.247545e+00,1.245209e-02
5.456842e+00,-4.411047e-02
3.269840e+00,3.919484e+00
5.731604e+00,6.637595e-01
3.849614e+00,3.488843e-01
4.893539e+00,3.382556e-01
2.595186e+00,7.672693e-01
2.646523e+00,-1.425111e-01
4.983241e+00,-2.066308e-01
6.018650e+00,1.610497e+00
3.632189e+00,1.268643e+00
3.496414e+00,1.564363e+00
5.220046e+00,1.642782e+00
3.168228e+00,2.723824e+00
4.285432e+00,1.574392e+00
3.860563e+00,4.339836e-01
6.614160e+00,3.525982e+00
2.863902e+00,-4.910520e-01
7.623867e+00,-4.333560e-01
5.626856e+00,2.049227e-01
4.683965e+00,2.570176e+00
3.753412e+00,1.634636e+00
3.761585e+00,1.651564e+00
3.309313e+00,1.124669e+00
2.416647e+00,1.713533e-01
1.756997e+00,2.411635e+00
4.423644e+00,2.897027e+00
4.467421e+00,-2.686902e-01
3.320688e+00,2.534971e-01
4.449782e+00,4.759710e-01
3.008690e+00,1.716943e+00
5.689210e+00,1.580820e+00
2.689868e+00,1.282646e+00
3.106048e+00,1.122090e+00
4.081714e+00,1.840210e+00
5.897370e+00,3.688116e-01
6.046589e+00,3.092083e-01
4.391808e+00,1.912997e+00
4.445892e+00,1.808775e+00
3.084998e+00,1.611646e+00
3.714257e+00,2.381307e+00
3.487416e+00,1.554232e+00
6.004918e+00,7.755924e-01
5.110002e+00,2.962548e-01
5.603799e+00,3.206909e-01
5.563605e+00,-2.108455e-01
6.860562e+00,3.443742e+00
2.808172e+00,7.282893e-01
3.993590e+00,1.514017e+00
3.821408e+00,2.497832e+00
4.779255e+00,6.414598e-01
6.693107e+00,1.088196e+00
6.219846e+00,8.399782e-01
5.887266e+00,-4.385581e-01
2.869878e+00,2.040285e+00
6.273862e+00,1.674526e+00
3.788441e+00,-1.071917e-01
4.696511e+00,7.551403e-01
3.526146e+00,3.737845e-01
5.292872e+00,-7.910709e-02
3.897570e+00,-1.386071e-01
5.122767e+00,2.358249e+00
3.895073e+00,1.338718e+00
6.437871e+00,-3.520591e-01
2.901844e+00,-1.971316e+00
4.345990e+00,-6.009691e-01
3.204637e+00,6.935678e-01
-1.156506e-01,9.567735e-01
4.542707e+00,-1.120176e+00
5.592307e+00,5.800511e-01
3.540845e+00,6.840917e-01
6.254782e+00,-4.088873e-01
3.465089e+00,-1.252632e+00
4.960114e+00,1.419300e+00
4.142639e+00,-8.147669e-01
6.964971e+00,-4.986032e-01
5.422554e+00,1.566931e+00
4.974017e+00,1.810319e+00
4.819291e+00,1.971905e+00
5.653505e+00,1.571900e+00
4.942227e+00,3.419068e-01
3.912149e+00,9.458234e-02
7.150425e+00,1.344542e+00
4.377607e+00,4.657614e-01
4.197072e+00,8.250584e-01
3.816840e+00,1.283542e+00
4.677737e+00,1.141029e+00
1.774183e+00,1.171170e+00
4.179308e+00,-1.366394e+00
3.258349e+00,7.327930e-01
4.753516e+00,-7.031773e-02
4.146233e+00,5.489760e-01
3.920927e+00,1.083981e+00
4.149061e+00,1.702845e+00
6.005338e+00,1.338302e+00
3.281601e+00,7.404021e-01
4.785798e+00,2.946858e+00
3.763174e+00,1.506031e+00
6.355998e+00,5.985086e-01
2.740659e+00,1.185555e+00
3.697523e+00,9.782535e-01
6.469115e+00,7.707309e-01
6.565105e+00,-2.378054e-01
3.665832e+00,1.965514e+00
5.867945e+00,2.134352e+00
4.075706e+00,-4.106215e-01
3.418490e+00,7.556086e-01
4.374094e+00,1.010731e+00
4.682186e+00,2.129686e+00
5.050728e+00,1.895673e+00
3.862223e+00,1.635424e+00
5.059308e+00,2.177225e+00
4.420652e+00,5.790784e-01
6.177897e+00,9.162205e-02
4.255857e+00,1.891972e+00
4.247821e+00,-7.039359e-02
5.012468e+00,8.380102e-01
5.144866e+00,1.506656e+00
5.319085e+00,1.734561e+00
2.552507e+00,1.837472e+00
3.949362e+00,1.796415e+00
4.422654e+00,1.100936e+00
6.274877e+00,-2.900047e-01
5.011775e+00,-6.397958e-01
5.255263e+00,-2.583313e-01
4.463590e+00,2.447679e+00
3.759094e+00,1.922293e+00
4.337323e+00,1.858604e+00
4.168071e+00,1.943370e+00
3.616669e+00,5.606855e-01
5.621332e+00,7.673563e-01
4.428290e+00,1.349109e+00
3.888909e+00,8.400816e-01
4.207536e+00,7.649782e-01
4.211396e+00,1.099678e+00
4.269182e+00,-1.019422e-01
2.401054e+00,1.040285e+00
4.547271e+00,3.385735e+00
3.873152e+00,-1.566217e-01
5.789261e+00,3.793734e-01
6.839461e+00,2.002473e+00
5.409041e+00,1.937896e+00
3.338941e+00,1.021436e+00
4.308270e+00,1.100617e+00
3.230851e+00,1.663565e+00
4.647508e+00,1.098218e+00
3.555219e+00,4.266110e+00
3.930889e+00,1.182791e+00
4.437174e+00,2.215321e-01
5.448149e+00,3.498762e+00
4.196382e+00,5.992660e-01
3.273226e+00,1.585374e+00
4.113726e+00,1.509836e+00
3.101551e+00,1.214869e-01
4.290958e+00,1.557663e+00
5.661888e+00,-8.273769e-01
3.552069e+00,1.175210e+00
3.927532e+00,9.799889e-01
4.061804e+00,4.116750e-01
3.080265e+00,-3.886534e-01
5.391064e+00,5.936950e-01
3.768185e+00,-3.402504e-02
5.428926e+00,1.095467e+00
4.627013e+00,2.877214e+00
4.651406e+00,-6.115926e-01
4.705845e+00,2.833548e+00
3.817233e+00,7.242283e-01
3.002522e+00,1.152681e+00
4.266145e+00,7.109320e-02
4.640695e+00,1.322152e+00
4.615257e+00,1.620858e+00
4.883357e+00,2.753330e+00
7.151696e+00,6.266263e-01
3.058981e+00,6.376305e-01
3.587544e+00,1.761558e+00
4.395774e+00,2.462420e+00
4.611250e+00,2.177263e+00
4.180305e+00,1.749976e+00
4.531385e+00,1.905651e+00
4.384678e+00,1.871826e+00
5.164338e+00,1.415100e+00
4.569695e+00,1.370803e+00
4.917552e+00,6.365001e-01
5.132112e+00,2.350631e+00
5.312095e+00,1.991393e+00
3.944042e+00,6.539300e-01
4.811620e+00,1.780161e+00
4.314405e+00,2.282557e+00
5.910709e+00,-7.818445e-01
3.922406e+00,6.738017e-01
5.175360e+00,-1.130531e-01
2.641237e+00,2.333944e+00
3.083531e+00,-4.369057e-01
6.669855e+00,6.092207e-01
4.058853e+00,1.629696e+00
4.394998e+00,9.183673e-01
4.218437e+00,4.573636e-01
4.824186e+00,1.480889e+00
3.005281e+00,2.911339e-01
3.588774e+00,1.089401e+00
5.456847e+00,-9.004371e-01
2.391868e+00,1.703998e-01
5.462213e+00,1.742553e+00
