-5.99e+00,1.22e+01
5.91e+00,5.37e+00
8.21e+00,1.12e+01
1.12e+01,1.44e+01
1.42e+01,7.84e+00
4.91e+00,1.98e+00
6.66e+00,1.34e+00
8.82e+00,-3.24e+00
8.78e+00,1.24e+00
8.83e+00,2.00e+00
3.94e+00,3.47e+00
1.01e+01,-7.65e-01
2.73e+00,9.54e+00
-1.31e+00,-2.20e-01
1.01e+00,5.35e+00
8.74e+00,1.33e+01
-1.03e+00,-1.87e+00
1.01e+01,7.31e+00
3.26e+00,3.17e+00
-3.43e+00,1.25e+00
3.73e+00,-3.16e-01
4.98e+00,5.73e+00
6.76e+00,1.28e+00
1.11e+01,1.23e+01
7.94e-01,4.62e+00
1.17e+01,2.30e+00
-3.45e+00,5.61e+00
5.74e+00,1.57e+00
5.20e+00,5.72e+00
1.02e+01,4.55e+00
8.66e+00,7.63e+00
7.58e+00,8.43e-01
5.19e+00,3.58e+00
9.34e+00,1.04e+01
9.62e+00,-5.13e+00
4.60e+00,2.08e+00
-6.75e+00,1.05e+01
-5.69e+00,1.19e+00
1.07e+01,1.20e+01
2.34e+00,4.33e+00
-4.35e+00,-4.73e+00
6.87e+00,5.11e-01
2.16e-01,-1.44e+00
-2.42e-01,4.05e+00
4.83e+00,9.62e+00
5.50e+00,4.08e+00
8.93e+00,9.84e+00
4.53e+00,1.39e+01
6.54e+00,1.65e+00
1.18e+00,7.49e+00
3.29e+00,2.19e+00
-1.39e+00,1.92e+00
1.49e+01,1.00e+01
3.47e+00,3.42e+00
2.14e+00,-2.13e+00
6.53e+00,4.27e+00
3.06e-01,5.51e+00
6.52e+00,3.01e+00
3.34e+00,5.77e+00
3.88e+00,-3.28e+00
6.28e+00,6.93e+00
9.03e+00,6.39e+00
7.45e+00,7.69e+00
1.01e+00,2.76e+00
1.31e+01,8.59e+00
-8.23e-01,9.93e+00
8.77e+00,1.15e+01
6.64e+00,9.98e+00
4.98e+00,5.85e-01
1.19e+01,-7.75e-01
3.82e+00,1.20e+01
1.11e+01,1.35e+01
-2.82e+00,6.66e+00
1.12e+01,5.78e+00
7.29e+00,6.52e+00
3.93e+00,1.28e+00
-1.40e+00,1.18e+01
-1.38e+00,2.42e+00
3.60e+00,2.18e+00
1.07e+01,5.61e+00
2.63e+00,1.42e+01
7.29e+00,-4.19e-01
1.69e+00,7.39e+00
-1.91e+00,4.21e+00
-6.81e-01,1.53e+00
4.43e+00,7.58e+00
5.45e+00,6.11e+00
5.74e+00,4.71e+00
5.46e+00,7.88e+00
6.05e+00,6.49e+00
-1.43e+00,-4.39e-01
2.08e+00,7.84e+00
5.85e+00,2.20e+00
1.55e+01,3.29e+00
1.19e+01,-3.61e+00
4.78e+00,9.84e+00
1.49e+00,-9.06e+00
7.56e+00,7.30e+00
1.14e+01,1.42e+01
9.26e+00,2.76e+00
4.02e+00,4.10e+00
3.43e+00,4.30e-01
3.91e+00,-6.03e+00
1.07e-02,4.71e+00
-6.69e-02,-4.58e-01
3.03e+00,-4.28e+00
5.33e+00,5.27e+00
1.16e+01,-1.37e+00
9.44e+00,5.50e+00
7.39e+00,6.99e-01
1.15e+00,-5.56e+00
7.16e+00,4.80e+00
1.02e+01,5.94e+00
7.19e+00,5.03e+00
8.33e+00,1.62e+00
2.37e+00,-4.56e-01
3.00e+00,1.30e+01
7.09e+00,-8.88e+00
4.09e+00,8.20e+00
-5.43e-01,-1.00e+00
6.84e+00,8.39e+00
-4.38e-01,8.27e+00
8.28e+00,1.02e+01
-4.94e+00,2.55e+00
3.02e+00,4.37e+00
7.08e+00,6.07e+00
-3.10e+00,7.75e+00
4.70e+00,1.05e+01
3.35e+00,6.46e+00
1.09e+01,3.31e+00
-7.56e+00,8.29e+00
3.42e+00,8.35e+00
6.60e+00,1.31e+01
-4.53e+00,7.09e+00
-5.11e+00,5.39e+00
1.31e+01,3.41e+00
-9.41e-01,1.58e+01
5.84e+00,-2.67e+00
1.40e+01,2.55e+00
1.07e-01,-3.93e+00
8.30e+00,8.16e+00
3.63e+00,3.58e+00
3.62e+00,7.86e+00
9.06e+00,-3.32e+00
8.38e+00,7.32e+00
3.68e+00,-2.64e+00
5.74e+00,-4.67e+00
8.93e+00,2.11e+00
4.92e+00,6.09e+00
4.41e+00,6.54e-01
-4.93e+00,9.11e+00
4.16e+00,-2.74e+00
9.96e+00,5.94e+00
-3.02e-01,3.60e+00
5.71e+00,7.59e+00
8.89e+00,-3.14e+00
9.34e+00,5.10e+00
1.41e+01,9.20e+00
1.07e+01,6.28e+00
6.31e+00,9.15e+00
8.75e+00,2.92e+00
1.60e+00,-7.44e+00
5.29e-02,9.40e+00
-2.76e-01,-1.42e+00
7.98e+00,7.70e-01
9.75e+00,1.06e+01
-2.84e+00,-8.63e-01
2.07e+01,1.06e+01
2.29e+00,-4.92e+00
1.37e+01,5.45e+00
-3.58e+00,7.12e-01
2.24e+00,-3.11e-01
7.45e+00,6.48e+00
9.24e+00,-5.84e+00
4.32e+00,4.15e+00
