3.886687e+00,1.045663e+00
4.453548e+00,2.342076e+00
3.598956e+00,1.930377e+00
7.640337e+00,1.369384e+00
5.737222e+00,3.605524e+00
3.339519e+00,2.331537e+00
6.137879e+00,1.198395e+00
2.584086e+00,-9.805204e-03
4.454293e+00,1.658898e+00
4.889007e+00,1.445799e+00
3.824842e+00,-1.791424e-01
-6.142402e-01,2.208408e-01
4.102845e+00,1.441964e+00
7.197500e+00,9.306537e-01
6.119548e+00,1.025136e+00
2.869943e+00,3.015205e+00
2.494381e+00,1.984396e+00
4.638610e+00,2.614063e+00
1.630570e+00,2.037686e+00
4.043772e+00,3.711810e+00
9.133486e-01,3.921617e+00
3.400935e+00,2.290068e+00
3.539102e+00,1.735503e+00
3.788851e+00,8.060418e-01
1.617334e+00,1.395329e+00
4.136734e+00,3.173153e-01
2.220710e+00,1.524593e+00
5.233343e+00,3.440689e+00
2.302101e+00,1.769765e+00
5.088028e+00,4.230818e-01
2.508086e+00,1.082620e+00
7.019375e+00,8.132010e-01
3.938036e+00,4.889206e-02
3.173290e+00,1.054279e+00
3.514031e+00,2.946312e+00
2.872901e+00,3.323082e-02
4.072083e+00,3.494483e+00
1.411964e+00,1.687521e+00
3.053501e+00,1.806773e+00
2.233297e+00,3.714892e-01
4.621174e+00,2.905265e+00
5.801940e+00,-5.838622e-01
3.429629e+00,-2.806511e-01
6.128996e+00,2.758721e+00
3.599728e+00,1.428816e+00
7.107050e+00,4.320281e+00
-4.335077e-01,-1.092029e+00
3.769258e+00,1.750284e-01
3.547271e+00,6.485579e+00
3.846537e+00,1.615737e+00
2.729267e-01,3.070380e+00
4.067113e+00,3.771066e-01
4.548301e+00,-9.027115e-02
5.509625e+00,4.321511e-01
7.961601e-01,1.430551e+00
3.979300e+00,2.092699e+00
-1.178920e+00,1.054499e+00
3.711474e+00,1.123830e+00
4.873123e+00,-1.998382e-01
4.606995e+00,5.099360e+00
2.938372e+00,2.871521e+00
2.341607e+00,1.252133e+00
3.099938e+00,1.425867e+00
2.469773e+00,3.563094e+00
5.662236e+00,6.914261e-01
4.599427e+00,-6.801966e-02
1.997745e+00,4.410783e+00
5.839774e+00,-1.270444e+00
3.460750e+00,3.179215e+00
2.866786e+00,2.867329e+00
4.624365e+00,3.218239e+00
-9.581037e-01,7.967857e-01
5.794962e+00,3.422136e+00
5.469889e+00,4.718999e-01
6.267076e+00,3.067065e+00
5.198426e+00,3.996465e-01
3.023729e+00,3.304953e+00
3.656413e+00,1.785707e+00
8.746553e+00,-3.782004e-01
6.847371e+00,1.938137e+00
2.071647e+00,3.183122e+00
4.063979e+00,2.155044e+00
7.978195e+00,1.137606e+00
7.506859e+00,2.571733e+00
2.077927e+00,1.957047e+00
5.693840e+00,1.294351e+00
5.736119e+00,2.364991e+00
3.676680e+00,2.781301e+00
7.852853e-01,1.499880e+00
5.368913e+00,-8.152528e-01
5.762478e+00,1.611841e+00
8.176991e+00,1.808664e+00
2.544237e+00,4.550865e-01
2.838451e+00,2.713091e+00
6.362902e+00,2.134856e+00
1.401749e+00,-1.696197e+00
4.627080e+00,3.973292e+00
1.933404e+00,5.192472e-01
3.842191e+00,-7.970520e-01
4.409109e+00,3.420455e-01
5.451956e+00,3.128504e+00
2.862129e+00,-1.833088e+00
2.960188e+00,2.463082e+00
-3.808622e-01,-5.232088e-01
5.948643e+00,1.201109e+00
2.729104e+00,2.074797e+00
1.366397e+00,1.758644e+00
4.233997e+00,2.285029e+00
6.727162e+00,8.628972e-01
2.897515e+00,-1.275948e+00
1.618297e+00,1.400509e-01
5.470988e+00,1.610557e+00
3.417974e+00,2.753589e+00
5.682663e+00,2.572480e+00
4.092385e+00,2.094364e+00
5.384825e+00,2.666197e+00
6.670670e+00,3.834278e+00
4.223860e+00,1.953692e+00
2.803405e+00,8.310005e-01
7.100590e+00,1.318028e+00
2.610736e+00,1.737787e+00
4.836276e+00,4.113551e+00
4.980367e+00,1.117219e+00
5.677463e+00,3.000062e+00
5.657599e+00,4.690614e+00
3.914857e+00,-8.091031e-01
1.194713e+00,1.426065e+00
2.537465e+00,5.615315e+00
5.013982e+00,3.632443e+00
4.755792e+00,-1.076840e+00
2.457953e+00,2.039570e+00
3.569305e+00,5.169892e-01
4.752029e+00,1.919933e+00
1.662541e+00,1.284320e+00
8.046596e+00,3.099684e+00
3.239626e+00,5.323995e-01
-1.239826e+00,1.995510e+00
5.378456e+00,1.768300e+00
8.383572e+00,3.976869e+00
1.435265e+00,2.198402e+00
2.459892e+00,1.493741e+00
2.934181e+00,1.349598e+00
4.896446e+00,6.141615e-01
4.055213e+00,-2.655858e-01
3.581032e+00,4.504399e+00
5.585624e+00,4.467901e-01
1.562546e+00,2.444531e+00
5.342402e+00,3.472540e+00
2.776623e+00,2.494372e-01
4.491220e+00,1.894076e+00
1.786095e+00,1.266671e+00
5.196590e+00,3.182734e+00
3.729841e+00,7.252758e-01
3.740829e+00,3.327450e+00
7.539411e+00,-1.183071e+00
4.735923e+00,3.939611e+00
5.569489e+00,8.360498e-01
1.444408e+00,2.011371e+00
2.644855e+00,9.982647e-01
1.249497e+00,-1.043116e+00
6.263792e+00,2.999522e+00
8.729266e-01,1.851974e+00
4.023492e-01,1.863342e+00
4.365473e+00,3.411694e+00
4.015867e+00,1.671900e+00
5.133958e+00,8.722863e-01
5.239682e+00,3.950728e+00
2.816597e+00,-4.526047e-01
3.319050e+00,-3.801171e-01
7.314859e+00,1.560272e+00
4.498280e+00,1.226956e+00
6.741226e+00,2.973099e+00
5.028850e+00,8.094132e-01
3.386132e+00,2.079486e+00
2.515296e+00,4.250241e+00
5.791480e+00,3.721094e+00
2.583031e+00,-4.667576e-01
5.169505e+00,2.439000e+00
2.885805e+00,5.448185e+00
4.881807e+00,6.745612e-01
-1.865129e-01,1.316601e+00
2.641218e+00,1.962066e+00
6.552445e+00,1.821891e+00
7.908590e+00,1.678014e+00
4.574499e+00,4.005915e+00
4.818840e+00,4.877675e-01
2.446761e+00,2.319420e+00
1.955131e+00,-1.779432e+00
2.953679e+00,4.227288e+00
5.950918e+00,2.071068e+00
3.159337e+00,3.276663e+00
4.970966e+00,1.433517e+00
3.445542e+00,2.527452e+00
5.440493e+00,-1.304598e+00
2.818511e+00,3.969267e+00
2.934208e+00,2.271069e+00
3.334543e+00,1.926950e+00
5.802927e+00,6.906897e-02
6.688387e+00,-6.317919e-01
3.794506e+00,-1.323602e+00
5.757346e+00,2.266516e+00
2.738164e+00,3.583794e+00
5.018313e+00,-1.256120e+00
2.985253e+00,7.897326e-01
4.205096e+00,2.504527e+00
-1.415494e+00,1.204907e+00
3.557481e+00,1.059358e-01
5.188799e+00,3.125011e+00
6.047830e+00,3.245056e+00
2.999497e+00,4.924708e+00
3.248182e+00,1.930479e+00
2.601927e+00,7.783056e-02
3.035659e+00,2.913278e+00
3.957113e+00,4.986766e-01
3.904224e+00,1.177869e+00
3.510224e+00,1.802732e+00
2.776031e-01,3.055555e+00
4.487185e+00,4.275279e+00
6.255046e+00,-1.988676e-01
5.753391e+00,4.554564e+00
2.168915e+00,-2.119032e-01
6.460840e+00,3.166070e+00
2.002036e+00,2.068387e+00
1.427035e+00,2.710688e+00
2.465722e+00,2.734377e+00
3.341626e+00,4.921303e-01
3.790537e+00,4.441971e-01
3.741268e+00,-2.122034e-02
6.350797e+00,6.052472e-01
6.590558e+00,3.347498e-01
2.566060e+00,1.252463e+00
3.857005e+00,4.842603e-02
2.429795e+00,9.027773e-01
3.528162e+00,1.818231e+00
6.562451e+00,4.930220e+00
4.438702e+00,-3.084556e-01
4.058479e+00,-7.210361e-02
4.408062e+00,2.950060e+00
3.412825e+00,-1.868177e+00
4.546508e+00,1.596131e+00
7.193841e+00,1.728280e+00
2.173570e+00,1.907067e+00
5.200613e+00,-5.313155e-01
5.542423e+00,4.962009e-03
2.185686e+00,2.525309e+00
2.023259e+00,1.160307e+00
4.096637e+00,9.112876e-01
4.015012e+00,1.764633e+00
5.973292e+00,1.695797e+00
1.775859e+00,2.023353e+00
2.056951e+00,-2.521120e-01
2.459344e+00,2.405085e+00
4.779975e+00,1.749717e-01
2.565641e+00,1.012957e+00
3.505544e+00,6.713992e-01
5.884041e+00,-1.015572e+00
-1.503442e+00,-4.644557e-01
1.042106e+00,-7.008341e-02
3.063630e+00,2.335392e+00
2.984188e+00,2.258910e+00
3.831393e+00,1.159526e+00
4.579875e+00,1.642903e+00
3.983418e+00,2.038310e-01
2.783977e+00,3.097987e+00
1.089734e-01,3.208320e+00
3.746960e+00,1.933837e+00
7.580923e+00,2.469709e+00
3.688746e+00,8.926576e-01
7.365531e+00,1.396679e+00
5.175257e+00,-8.495567e-01
1.365945e+00,3.259713e+00
3.974306e+00,1.267979e+00
8.243661e-01,8.574994e-01
3.980245e+00,2.581704e+00
5.217319e+00,5.552586e+00
5.297806e+00,-7.612296e-01
3.357807e+00,2.496867e+00
5.235360e+00,2.496519e+00
3.988019e+00,4.919240e-02
2.636776e+00,4.093355e+00
4.341700e+00,2.937170e+00
7.904432e+00,2.996578e+00
1.564476e+00,2.221886e+00
9.163936e+00,1.207866e+00
5.512995e+00,4.386777e+00
3.321042e+00,1.485858e+00
4.409648e+00,1.749235e+00
5.336302e+00,2.393116e+00
7.652966e+00,3.682805e+00
2.329497e+00,1.083157e+00
3.184341e+00,8.975914e-01
2.004821e+00,1.387585e-01
5.263329e+00,2.154984e+00
5.687494e+00,3.205116e+00
3.915251e+00,6.530904e-01
4.221109e+00,3.876778e+00
2.386123e+00,-2.168595e-02
4.722706e+00,2.618311e+00
1.833093e+00,-4.581783e-01
4.165442e+00,2.543270e+00
4.204901e+00,-2.513459e-01
4.215640e+00,6.082532e-01
3.405171e+00,-4.553473e-01
5.506171e+00,3.611099e-01
5.426060e+00,7.174116e-01
5.158451e+00,1.684179e+00
4.386895e+00,9.443630e-01
3.255374e+00,3.685808e+00
-6.192214e-01,7.850536e-01
2.976895e+00,1.993548e+00
3.224926e+00,2.278406e+00
5.680971e+00,5.206058e-01
6.420311e+00,5.169289e-01
6.485273e+00,-7.789644e-02
2.470459e+00,-1.125794e+00
5.009691e+00,6.861925e-02
7.514702e+00,-1.746388e-01
-1.130748e-01,4.154850e-02
5.821589e+00,2.365327e+00
2.504966e+00,1.686332e+00
3.933352e+00,9.249588e-01
3.523732e+00,1.263627e+00
1.206254e+00,1.798119e+00
2.158524e+00,3.203124e+00
5.822152e-02,7.452588e-01
