1.32e+00,-7.15e-01
3.91e+00,8.70e+00
-2.66e+00,-2.97e+00
5.31e+00,1.02e+00
1.98e+00,2.76e+00
8.20e+00,1.02e+01
-5.02e+00,6.30e-01
7.91e+00,4.28e+00
1.87e+00,5.07e-01
3.28e-02,3.07e+00
8.63e+00,6.95e-01
3.32e+00,-9.15e-01
6.43e-01,6.75e+00
3.57e-01,1.43e+00
1.04e+01,1.13e+01
7.59e+00,4.37e+00
5.40e-01,-4.50e+00
2.01e+00,5.68e+00
4.16e+00,3.86e+00
5.18e+00,1.02e+01
5.44e+00,4.33e+00
1.53e+00,1.76e-01
6.36e+00,1.65e+00
9.87e+00,4.13e+00
-1.59e+00,6.26e+00
-8.34e-01,6.39e+00
5.57e-01,1.16e+00
1.43e+00,2.17e-01
3.53e+00,2.98e+00
1.25e+00,8.51e+00
6.32e+00,1.49e+00
7.05e+00,4.04e+00
3.56e-01,-2.68e+00
2.79e-01,9.03e+00
1.16e+01,3.09e+00
5.90e+00,4.96e+00
8.54e+00,6.82e+00
5.97e+00,3.93e+00
-2.05e+00,3.83e-01
5.55e+00,7.11e+00
4.47e+00,3.04e+00
4.39e+00,-1.91e+00
1.10e+01,1.08e+01
1.02e+01,6.74e+00
6.56e+00,2.29e+00
6.55e+00,1.01e+01
5.29e+00,4.43e+00
3.38e+00,1.43e+00
5.33e+00,8.09e+00
9.49e+00,1.30e+00
3.06e+00,1.58e+00
4.39e+00,1.17e+00
7.84e+00,3.08e+00
3.94e+00,-4.95e-01
4.91e+00,-3.41e+00
-5.49e-02,3.04e+00
1.25e+01,5.82e+00
-2.95e+00,-1.66e+00
5.47e-01,4.98e+00
1.14e+01,5.27e+00
6.18e+00,1.02e+01
1.26e+01,5.91e+00
9.47e+00,3.03e-01
7.61e+00,8.76e+00
2.18e-01,2.54e+00
-5.21e-01,7.99e-01
2.94e+00,-6.03e+00
6.47e+00,6.09e+00
2.60e+00,-4.75e+00
3.20e+00,6.25e+00
1.66e+00,4.30e+00
7.25e+00,9.89e+00
8.91e-01,3.80e+00
9.83e+00,2.75e+00
9.79e-01,1.59e+00
1.93e+00,1.40e+00
6.17e+00,-1.39e+00
8.80e+00,1.60e+00
-4.39e+00,1.69e+00
1.19e-01,5.41e+00
-2.87e+00,3.38e+00
8.62e+00,6.38e+00
-3.46e+00,-1.71e+00
7.75e+00,3.68e+00
3.19e+00,4.44e+00
4.50e+00,2.75e+00
2.74e+00,2.78e-01
4.93e+00,6.26e+00
4.87e+00,-7.50e-01
4.79e+00,8.12e+00
1.29e+00,9.12e-01
5.91e+00,7.26e+00
3.14e+00,2.64e+00
5.80e+00,7.06e+00
5.67e+00,5.33e+00
4.75e+00,5.71e-01
2.71e+00,8.67e+00
2.03e-02,8.58e+00
-2.29e+00,-1.01e+00
5.51e+00,4.19e+00
3.15e+00,1.63e+00
-5.82e-01,6.19e+00
4.04e+00,1.03e+01
3.48e+00,-7.19e-03
-4.56e+00,-1.15e+00
1.93e+00,1.33e+01
-6.40e-01,1.38e+00
2.33e+00,3.13e+00
-7.85e-02,2.32e+00
9.91e+00,3.79e+00
6.86e+00,-2.09e+00
6.35e+00,6.34e+00
1.12e+01,7.09e-01
-5.07e+00,3.22e-01
2.93e+00,4.18e+00
4.67e+00,4.28e+00
4.29e+00,3.85e+00
5.49e+00,9.72e+00
7.37e+00,3.04e+00
2.05e+00,5.88e+00
7.69e-01,-3.38e-01
2.76e+00,3.87e+00
5.97e+00,2.18e+00
9.63e+00,3.96e-02
2.34e+00,7.39e-01
3.67e+00,-1.62e+00
2.27e+00,-8.31e-01
5.49e+00,7.75e+00
3.97e+00,3.03e+00
6.34e+00,2.45e+00
1.75e+00,-1.36e+00
1.26e+01,1.11e+00
6.68e+00,5.90e+00
-6.37e+00,-2.24e+00
4.12e+00,5.10e+00
6.75e+00,6.60e+00
6.49e+00,6.57e+00
1.12e+01,1.43e+00
-1.87e+00,1.39e-01
-6.62e-01,2.84e+00
5.28e+00,1.07e+01
7.39e+00,3.04e+00
5.15e+00,1.96e+00
8.36e+00,1.84e+00
1.98e+00,4.80e+00
4.44e+00,5.65e+00
-1.28e-01,7.19e+00
1.04e+01,1.72e+00
4.39e+00,6.62e+00
-1.14e+00,-1.47e+00
5.99e+00,4.07e+00
2.89e+00,2.79e+00
-6.08e-01,6.77e+00
8.04e+00,7.78e+00
3.41e+00,3.34e-01
5.84e+00,1.44e+00
5.67e+00,8.03e+00
-5.61e-01,2.81e+00
-1.25e+00,7.01e+00
3.46e+00,5.45e+00
5.23e+00,-1.38e+00
5.28e+00,4.50e+00
2.02e+00,-2.34e+00
5.25e+00,-2.72e+00
1.23e+01,3.91e+00
8.92e+00,2.80e+00
1.50e+00,-3.52e-01
-7.27e-02,4.92e+00
1.24e+00,3.48e+00
9.95e+00,2.55e+00
-1.52e+00,8.77e+00
2.39e-03,8.09e-01
2.82e+00,4.86e-01
-1.48e+00,5.76e+00
4.31e+00,1.20e+01
1.57e+00,9.25e+00
5.00e+00,5.48e+00
3.71e+00,2.32e-01
3.86e+00,5.02e+00
1.04e+00,-1.83e+00
1.01e+01,-1.38e+00
4.05e+00,3.83e+00
8.50e+00,6.79e+00
7.49e+00,1.07e+01
2.46e+00,-6.31e-01
5.68e+00,-2.13e+00
-4.47e+00,3.50e+00
5.78e+00,3.37e+00
2.85e+00,-4.21e-02
2.32e+00,9.57e+00
3.42e+00,-2.74e+00
7.50e+00,1.01e+01
6.99e+00,3.65e+00
7.80e-01,3.78e-01
-1.49e+00,4.40e+00
7.30e+00,9.60e+00
1.25e+00,3.68e+00
1.32e+01,4.51e+00
-4.80e+00,-3.57e-01
-4.58e+00,2.22e+00
9.21e+00,6.92e+00
6.81e+00,-3.07e+00
7.17e+00,8.67e-01
5.26e+00,6.10e+00
4.79e+00,-1.49e+00
-1.08e+00,-3.61e-01
4.64e+00,7.09e+00
7.20e+00,2.20e+00
1.05e+00,3.41e+00
3.75e+00,2.63e+00
3.19e+00,2.49e-01
7.03e+00,1.59e+00
-1.69e-01,2.56e+00
7.35e+00,5.86e-01
-1.18e+00,6.49e-01
3.18e+00,-8.20e-01
7.08e+00,6.62e-01
2.18e+00,6.35e+00
1.80e-01,-4.03e+00
1.08e-01,7.10e+00
9.68e-01,-3.08e+00
6.37e+00,3.89e+00
-6.65e-01,1.92e+00
3.10e+00,2.91e+00
1.71e+00,2.68e+00
2.46e+00,-1.04e-01
5.72e+00,3.02e+00
8.35e-01,2.04e+00
-2.94e-01,5.33e+00
6.63e+00,6.83e+00
9.50e-01,6.17e-01
7.61e+00,8.00e+00
3.54e+00,7.30e+00
9.19e+00,2.01e+00
6.62e+00,7.41e-01
-3.51e-03,-2.88e+00
7.64e+00,4.14e+00
1.84e+00,9.52e-01
7.63e+00,1.81e+00
4.17e+00,6.07e+00
5.20e+00,7.02e+00
3.58e+00,2.61e+00
4.75e+00,4.13e+00
9.82e+00,4.48e+00
1.15e+01,-3.37e+00
7.82e-01,2.06e+00
8.46e+00,8.20e+00
4.44e+00,4.34e+00
2.42e+00,-1.58e+00
3.00e+00,3.52e+00
-6.73e+00,-6.41e-01
5.62e+00,4.59e+00
4.14e+00,3.13e+00
6.89e+00,4.04e+00
6.85e+00,6.60e+00
1.39e+00,3.00e+00
3.21e+00,6.55e+00
1.50e+01,5.37e+00
5.35e+00,5.06e+00
3.89e+00,1.96e+00
1.26e+00,-1.17e+00
-1.56e+00,3.13e-03
4.99e+00,-2.39e+00
3.41e+00,6.40e+00
5.32e+00,6.96e+00
7.57e+00,8.24e+00
3.68e-01,-2.58e+00
2.64e+00,9.51e-01
4.73e+00,9.00e+00
8.77e+00,8.79e+00
4.86e+00,6.13e+00
6.39e+00,-1.08e+00
1.03e+01,2.59e+00
1.16e+00,1.85e-02
-3.18e+00,4.02e-01
7.38e+00,9.87e-01
8.60e+00,4.15e+00
8.24e+00,2.48e+00
-9.93e-01,2.21e+00
4.35e+00,7.35e+00
-1.67e-01,4.51e-01
3.78e+00,2.77e+00
1.85e+00,2.66e+00
2.83e+00,3.03e+00
1.40e+00,3.88e-01
-8.82e-02,-1.13e+00
1.69e+00,-2.05e+00
1.63e+00,4.32e-01
5.51e+00,5.89e+00
-7.40e-03,-4.42e-01
9.04e+00,-2.63e-01
7.71e+00,2.89e+00
-2.85e+00,1.72e+00
5.21e+00,-3.88e+00
2.78e+00,1.08e+00
-4.46e+00,-7.83e-02
-2.34e-01,-8.08e-01
1.40e+00,-3.51e-02
1.18e+01,5.16e+00
-1.02e+00,-4.16e+00
3.87e+00,3.29e+00
9.62e+00,5.87e+00
7.78e-01,4.10e+00
2.39e+00,1.41e+00
9.50e+00,7.81e+00
3.92e+00,4.71e+00
4.44e+00,6.50e+00
4.40e+00,1.09e+01
4.95e+00,7.08e+00
1.07e+01,3.09e+00
7.23e+00,-2.87e+00
2.43e-01,2.25e+00
4.95e+00,1.95e+00
-1.08e-02,-3.19e+00
6.08e+00,-3.50e+00
4.04e+00,2.28e+00
1.82e+00,7.83e+00
6.46e+00,5.24e+00
-6.18e-01,4.95e+00
5.97e+00,4.31e+00
8.35e+00,-8.64e-02
4.84e+00,6.76e+00
3.08e+00,-7.08e+00
4.19e-01,3.63e+00
2.53e+00,-3.15e+00
9.73e-01,1.84e-02
-5.10e-01,-1.34e+00
4.50e+00,3.91e-01
2.35e+00,3.57e+00
2.70e+00,6.90e+00
4.60e+00,3.96e+00
4.63e+00,3.69e+00
7.66e+00,5.84e-02
-1.33e+00,-2.65e+00
6.89e+00,2.42e+00
-3.25e+00,-2.23e+00
5.38e+00,1.50e+00
4.70e+00,1.80e+00
-2.89e+00,4.90e+00
6.66e+00,8.28e+00
7.10e-01,-2.49e-01
1.26e+00,1.84e+00
2.36e+00,3.50e+00
6.39e+00,1.08e+00
2.59e+00,-5.13e-01
-2.12e-01,5.76e-01
1.00e+01,3.66e+00
7.23e+00,-1.84e-02
2.98e+00,4.61e+00
7.81e+00,-4.66e-01
4.95e-01,5.89e+00
2.97e+00,4.36e+00
-1.51e+00,3.97e+00
1.83e+00,5.15e+00
-1.67e+00,-2.23e+00
7.23e+00,1.89e+00
8.45e+00,1.32e+00
4.70e+00,5.80e+00
9.07e+00,6.83e+00
1.02e+01,8.53e+00
-6.05e+00,1.42e+00
8.41e+00,5.97e+00
-9.14e-01,8.54e+00
6.92e-01,3.09e+00
5.39e+00,4.92e-01
2.52e+00,1.96e-01
-1.45e+00,7.27e+00
1.02e+01,8.87e+00
-4.42e+00,-2.95e+00
4.81e+00,-4.04e+00
8.44e+00,6.05e+00
1.64e+00,-2.40e+00
-3.98e-01,1.08e+00
4.76e+00,-1.77e-01
1.00e+01,2.03e+00
7.75e-01,5.28e+00
5.17e-01,3.07e-02
1.09e+00,5.25e-01
6.64e+00,-3.59e+00
7.45e+00,1.12e+01
2.89e+00,-1.28e+00
5.61e+00,1.41e+00
-2.51e+00,-4.06e+00
-3.08e+00,2.68e+00
1.22e+00,3.39e-01
1.09e+01,-3.55e+00
6.32e+00,-2.87e+00
2.62e-02,6.87e+00
-3.22e+00,1.48e+00
2.39e+00,-2.02e+00
-6.85e-01,-7.08e-01
-1.11e+00,5.76e+00
5.57e+00,2.57e+00
5.37e-01,-6.21e-01
5.81e+00,5.70e+00
2.37e+00,-1.39e+00
3.29e+00,1.75e+00
6.45e+00,4.66e+00
8.20e+00,7.27e+00
-3.12e+00,8.48e-01
4.83e+00,6.07e+00
9.07e-01,4.56e+00
3.55e+00,4.22e+00
1.33e+01,7.47e+00
5.72e+00,-6.24e-02
7.93e+00,5.52e+00
9.87e-01,2.95e+00
6.68e+00,2.86e+00
4.93e+00,3.96e+00
5.28e+00,4.17e+00
-9.38e-01,3.34e+00
3.95e+00,5.66e+00
6.27e+00,3.64e+00
4.22e+00,3.54e+00
9.08e+00,6.04e+00
3.75e+00,6.38e+00
4.18e+00,6.98e-01
-1.28e-01,4.07e+00
4.80e+00,5.51e+00
-1.00e-01,-2.28e+00
3.19e+00,1.07e+01
1.43e+01,4.16e+00
1.14e+01,-1.20e+00
6.16e+00,6.98e+00
1.27e+00,-1.69e+00
-3.31e+00,-1.28e+00
3.77e+00,3.79e+00
3.54e+00,8.61e+00
-3.04e+00,-5.97e-01
4.44e+00,2.45e+00
8.72e-01,6.09e+00
4.49e-01,9.27e+00
9.83e+00,1.38e+00
9.15e+00,2.75e+00
-3.94e-01,-1.59e+00
2.18e+00,8.26e+00
-4.04e-01,5.41e+00
8.02e-01,2.20e-01
2.47e+00,9.65e+00
9.31e+00,5.33e+00
4.40e+00,4.27e+00
-1.90e+00,-7.46e+00
5.55e+00,2.09e+00
1.07e+01,4.21e+00
3.57e+00,1.23e+00
5.03e+00,3.62e-01
3.47e+00,5.39e+00
2.58e+00,5.81e+00
2.83e+00,6.02e+00
6.14e+00,2.38e+00
5.41e+00,5.05e+00
1.81e+00,1.49e+00
3.19e-01,5.64e+00
5.26e+00,7.38e+00
-3.62e+00,5.46e-01
3.09e+00,2.20e+00
-2.55e+00,3.67e+00
4.52e+00,1.88e-01
-2.10e+00,2.75e+00
8.23e+00,2.99e+00
-3.08e+00,3.25e+00
6.38e+00,3.41e+00
3.41e+00,1.10e+00
3.86e+00,2.29e+00
2.70e+00,1.13e+00
6.29e+00,-1.88e+00
7.85e+00,7.17e+00
2.09e+00,-3.21e+00
-1.59e+00,-5.34e-01
5.69e+00,-4.83e+00
-4.37e+00,-5.89e+00
3.18e+00,4.27e-02
4.94e+00,5.32e+00
1.30e+00,-1.88e+00
3.83e+00,7.63e+00
