7.17e+00,-7.59e-01
1.62e+00,9.10e-01
6.46e+00,2.80e+00
5.35e+00,2.05e+00
9.11e+00,1.84e+00
8.06e+00,3.14e+00
4.87e+00,-2.06e+00
1.38e+00,3.87e+00
1.20e+00,3.36e+00
2.40e+00,5.86e+00
4.16e+00,5.72e+00
2.03e+00,-1.24e+00
1.37e+00,1.94e+00
1.77e+00,5.20e+00
4.02e+00,-4.88e-01
5.14e+00,3.82e+00
3.04e+00,-3.05e+00
3.93e+00,7.71e+00
7.28e-01,2.95e+00
2.82e-01,5.35e+00
1.21e+00,4.49e+00
-1.08e+00,7.02e+00
5.72e+00,8.90e+00
3.17e+00,3.95e+00
6.33e+00,-3.77e+00
4.35e+00,-4.63e-01
5.89e+00,6.16e+00
1.40e+00,3.50e-01
2.02e-01,3.25e+00
3.48e+00,9.07e+00
5.78e+00,1.36e+00
2.23e+00,2.10e+00
7.08e+00,1.72e-01
8.90e+00,6.41e+00
2.76e+00,7.49e+00
4.81e+00,7.70e+00
8.53e+00,9.23e+00
8.25e+00,6.35e+00
-3.04e+00,3.91e+00
2.47e+00,6.49e+00
2.53e-01,7.35e-01
4.16e+00,5.43e+00
7.31e+00,6.33e+00
5.53e+00,5.53e+00
4.52e+00,1.73e+00
1.19e+00,-2.16e+00
5.43e-01,4.11e+00
4.86e+00,2.10e+00
1.33e+00,5.85e-01
-1.87e+00,3.32e+00
6.49e+00,7.07e+00
5.16e+00,3.06e+00
4.03e-01,-1.53e+00
5.19e+00,3.00e+00
3.64e+00,2.87e+00
2.75e+00,1.44e+00
4.35e+00,1.33e+00
7.79e+00,6.99e+00
6.96e+00,2.95e+00
4.15e-02,7.46e-01
5.30e+00,1.97e-01
-1.28e-01,7.98e+00
2.53e+00,1.59e+00
4.51e+00,2.75e+00
-6.69e-01,2.40e+00
9.42e+00,3.67e+00
4.79e+00,3.96e+00
3.70e+00,3.26e+00
1.03e+01,5.61e+00
-2.14e+00,2.11e+00
3.95e+00,4.90e+00
7.77e+00,5.22e+00
5.44e+00,2.21e+00
4.91e+00,4.87e+00
-2.27e+00,4.62e+00
-1.50e+00,2.49e+00
4.45e+00,5.55e+00
2.05e+00,-8.09e-01
6.94e+00,1.32e+00
3.67e+00,-5.03e+00
2.33e+00,3.15e+00
7.74e+00,4.14e+00
1.63e+00,6.83e+00
4.88e+00,4.51e+00
7.09e+00,5.51e+00
-1.52e+00,2.54e+00
6.88e+00,4.73e+00
-4.84e+00,4.56e+00
2.72e+00,5.80e+00
2.40e+00,3.21e+00
3.75e-01,5.63e-01
3.71e+00,3.90e+00
-1.50e+00,8.85e+00
2.54e+00,5.25e+00
2.95e+00,5.20e+00
1.13e+00,5.87e+00
2.64e+00,2.55e+00
4.92e+00,1.33e+00
5.93e+00,-5.54e+00
4.31e+00,7.21e+00
4.48e+00,5.19e+00
6.41e+00,1.97e+00
6.42e-01,2.93e+00
5.53e+00,9.38e+00
6.28e+00,5.46e-02
1.11e+00,6.85e+00
-3.16e-01,5.52e+00
3.50e+00,3.41e+00
4.02e+00,8.45e-01
1.11e+00,1.95e+00
5.56e+00,-1.20e+00
5.62e-01,-1.04e+00
7.66e+00,1.06e+00
7.82e+00,-3.81e-01
-6.79e-01,4.36e+00
6.75e+00,7.00e+00
4.08e+00,1.42e-01
1.75e+00,3.24e+00
2.18e+00,4.00e+00
2.55e-01,6.43e+00
6.01e+00,4.90e+00
3.88e+00,-1.91e+00
5.10e+00,4.02e+00
5.59e+00,3.34e+00
-7.18e-01,6.62e+00
2.53e+00,2.18e+00
2.99e+00,1.23e+00
3.47e+00,4.17e+00
9.69e+00,4.75e+00
5.52e+00,1.99e+00
3.24e+00,7.74e-01
2.02e-01,2.17e+00
5.34e+00,-3.50e+00
4.18e+00,1.72e+00
8.56e+00,5.63e+00
1.63e+00,5.90e+00
2.10e+00,2.12e+00
4.77e+00,3.58e+00
2.68e+00,5.77e+00
-2.38e-01,3.78e+00
-1.30e+00,4.72e+00
5.89e+00,3.01e+00
1.38e+00,4.43e+00
4.25e+00,-9.66e-01
6.89e+00,-3.50e-01
6.48e-01,8.05e+00
-3.39e+00,1.38e+00
8.77e+00,3.15e+00
2.67e+00,3.09e+00
8.64e+00,7.96e-02
-6.80e-01,4.29e+00
1.96e+00,5.88e+00
1.50e+00,4.71e-01
5.82e+00,5.27e+00
6.79e+00,9.39e-01
7.54e+00,1.44e+00
6.23e+00,3.08e+00
6.94e-01,5.23e-01
3.41e+00,4.80e+00
2.34e+00,-9.06e-01
-1.42e+00,4.35e+00
1.39e+00,1.71e+00
-8.34e-01,3.97e+00
1.65e+00,2.36e-01
1.39e+00,3.18e+00
7.13e+00,4.74e+00
4.18e+00,4.77e+00
5.77e+00,1.47e+00
4.14e+00,-2.04e+00
1.21e+00,2.97e+00
7.56e-01,3.98e+00
-5.49e+00,-7.53e-01
6.46e+00,6.13e+00
3.24e+00,7.64e-01
4.92e+00,4.02e+00
-2.52e+00,5.29e+00
4.57e+00,3.52e+00
5.70e+00,5.11e+00
3.73e+00,3.76e+00
4.51e+00,4.42e+00
3.69e+00,4.41e+00
7.38e-03,7.56e+00
4.64e-01,-6.64e-01
2.15e+00,1.38e+00
1.53e+00,5.61e+00
4.57e+00,6.53e+00
4.09e+00,7.13e+00
4.93e+00,4.40e+00
3.28e-01,5.61e-01
2.88e+00,-3.95e-01
6.56e+00,3.49e+00
3.81e+00,-1.39e+00
3.82e+00,-1.82e+00
2.53e-01,-2.89e+00
4.64e+00,8.80e+00
1.06e+00,4.09e+00
-6.52e-01,4.05e+00
1.56e+00,2.30e+00
4.21e+00,5.14e+00
4.14e+00,1.57e+00
6.94e+00,-5.07e-01
2.44e+00,-2.62e+00
4.76e+00,2.35e+00
1.93e+00,9.26e+00
1.44e+00,3.25e+00
-4.56e+00,3.29e+00
1.97e+00,7.43e+00
8.52e+00,7.22e+00
1.57e+00,6.79e+00
4.75e+00,-7.96e-01
4.94e+00,1.21e+00
1.50e+00,-4.54e-01
5.87e+00,-2.15e+00
5.87e+00,-2.01e+00
2.70e+00,2.67e+00
5.15e+00,-4.50e-01
3.03e-01,-2.13e-01
-1.41e+00,3.48e+00
2.07e+00,5.31e+00
4.78e+00,4.45e-01
8.49e+00,1.82e+00
3.92e+00,4.96e+00
1.39e+00,3.60e+00
2.58e+00,6.37e+00
9.13e+00,2.93e+00
6.70e+00,-8.27e-01
3.53e+00,4.67e-01
2.28e+00,-6.55e-01
-2.71e-01,7.65e-02
3.42e+00,4.91e+00
1.93e+00,1.74e+00
8.43e+00,5.67e+00
-2.14e+00,-8.65e-02
1.33e+00,2.59e+00
1.24e+00,6.00e+00
-4.43e+00,5.03e+00
3.16e+00,5.01e+00
4.71e+00,6.29e+00
3.13e+00,1.16e+01
4.00e+00,9.31e+00
6.48e+00,3.49e+00
2.37e+00,3.19e+00
1.98e+00,6.74e+00
-6.51e-01,4.81e+00
-4.04e-01,4.14e+00
2.77e+00,-4.46e+00
5.28e+00,5.06e+00
4.38e-01,2.84e+00
1.19e+01,1.54e+00
7.06e+00,7.75e+00
2.73e+00,5.18e+00
1.38e+00,3.47e+00
3.15e+00,2.19e+00
3.26e+00,1.03e-01
2.15e+00,5.70e+00
6.47e+00,6.21e+00
3.74e+00,2.21e+00
1.78e+00,8.36e+00
4.30e+00,4.90e+00
5.01e+00,-1.41e+00
1.62e+00,1.21e+00
1.32e+00,5.35e+00
1.39e+00,1.43e+00
5.49e+00,3.89e+00
4.09e+00,5.97e-01
-2.33e-01,1.93e+00
6.77e+00,2.70e+00
4.20e-01,6.45e+00
-5.85e-01,6.04e+00
-5.79e-01,3.30e+00
-6.32e+00,-2.02e+00
1.46e+00,-8.88e-01
4.91e+00,5.48e+00
-3.82e+00,-2.13e+00
3.91e+00,-5.97e-01
6.12e+00,9.50e-01
8.60e+00,7.00e+00
5.24e+00,5.55e+00
4.73e-01,2.38e+00
2.64e+00,3.97e+00
5.79e+00,7.37e+00
2.48e+00,5.60e+00
4.51e+00,4.26e+00
6.82e+00,2.00e+00
2.11e+00,8.31e-01
1.34e+00,-3.10e+00
9.43e-01,3.88e+00
7.46e+00,3.87e+00
-4.09e+00,7.85e+00
-1.34e+00,5.15e+00
1.49e+00,-9.70e-01
2.44e+00,-3.11e+00
-5.49e+00,1.61e+00
2.01e+00,1.46e+00
-2.95e+00,7.47e-02
-2.14e+00,-2.39e+00
6.03e+00,4.49e+00
2.95e+00,6.89e+00
2.13e+00,5.49e+00
-4.23e+00,8.40e+00
