2.221477e+00,-2.423561e-01
3.183739e+00,9.646928e-01
5.120672e+00,1.774102e-01
5.363257e+00,2.358949e+00
6.514815e+00,1.197799e+00
6.187892e+00,1.434675e+00
3.980220e+00,-7.956632e-01
1.300962e+00,1.796610e+00
1.928741e+00,1.998407e+00
3.737092e+00,-8.268969e-02
4.008014e+00,9.222909e-01
6.466540e+00,4.891226e-01
4.761256e+00,3.004628e+00
1.461109e+00,1.633466e+00
2.028125e+00,-8.469279e-01
2.175551e+00,-3.894165e-01
1.199903e+00,2.233616e-01
4.545060e+00,-8.311939e-01
4.052350e+00,2.590540e+00
2.195737e+00,5.813102e-01
4.159015e+00,3.212811e-01
6.711995e+00,3.153332e+00
5.977336e+00,1.644528e+00
4.492178e+00,-9.409799e-02
4.287448e+00,6.731315e-02
7.460444e+00,2.882476e+00
6.693204e+00,1.324605e+00
4.273533e+00,1.683311e+00
3.280912e+00,-7.445575e-01
6.142168e+00,2.681415e+00
4.390850e+00,7.472302e-01
4.952120e+00,1.095302e-01
4.220652e+00,1.222174e+00
4.137318e+00,-3.754009e-01
5.096629e+00,1.577592e+00
2.767085e+00,1.689575e+00
3.734021e+00,3.932620e-01
4.588705e+00,2.738179e+00
4.065293e+00,1.332366e+00
7.929202e+00,2.058728e+00
6.398006e+00,-2.531377e-01
2.792144e+00,1.303752e+00
6.569632e-01,4.781899e-01
2.297953e+00,1.285188e+00
4.036312e+00,1.850811e+00
6.773687e+00,1.412204e-01
1.373822e+00,1.803521e+00
8.438416e+00,1.128901e+00
-6.726107e-01,8.732405e-01
6.239865e+00,2.257598e+00
2.248424e+00,7.762270e-01
2.144626e+00,-1.345722e+00
1.987306e+00,2.259458e+00
3.051992e+00,1.246345e+00
4.903473e+00,1.298830e+00
2.924474e+00,-1.590741e-01
5.097846e+00,2.658545e+00
3.554860e+00,1.855267e-01
5.414992e+00,5.115409e-01
3.680783e+00,-7.858254e-01
6.056309e+00,1.089060e+00
7.063992e+00,3.958509e-03
6.684270e+00,2.511815e+00
4.012808e+00,2.799275e+00
2.213713e+00,1.566113e+00
5.683655e+00,7.424855e-01
2.783631e+00,1.615022e+00
6.510765e+00,5.079240e-01
3.409916e+00,7.647948e-01
4.627449e+00,5.682210e-01
4.758102e+00,1.302306e+00
4.634335e+00,1.161516e+00
4.205219e+00,3.091962e+00
2.008217e+00,-1.712589e+00
4.049942e+00,3.993679e-01
4.258843e+00,-1.810941e+00
2.249758e+00,2.199198e+00
2.017156e+00,-2.863960e-01
7.019248e+00,1.597918e+00
1.685960e+00,3.633988e-01
6.994999e-01,2.783712e+00
3.538781e+00,1.588795e+00
5.384326e+00,6.072160e-01
3.402361e+00,2.057064e+00
3.149690e+00,8.060810e-01
6.137882e+00,1.664985e+00
2.372412e+00,3.104799e-02
2.942021e+00,5.951312e-01
3.855065e+00,3.890093e-01
1.752743e+00,4.261824e-01
4.511473e+00,1.788165e+00
4.116536e+00,1.305961e+00
5.937552e+00,1.749621e+00
5.052387e+00,7.775330e-01
3.410472e+00,7.985565e-01
4.154282e+00,-4.509811e-01
8.286762e+00,3.415693e+00
4.155269e+00,8.803668e-01
1.998323e+00,1.965694e+00
5.185439e+00,2.181346e+00
5.339214e+00,1.683166e+00
3.022971e+00,1.586610e+00
1.851555e+00,4.844428e-01
7.454466e+00,2.139030e+00
4.722560e+00,1.475928e+00
4.389878e+00,1.533971e-01
5.797023e+00,1.200989e+00
6.610498e+00,1.981911e+00
6.268085e+00,1.321028e+00
4.235680e+00,4.284620e-01
4.800521e+00,1.415544e+00
5.498081e+00,2.939967e-01
1.356065e+00,5.730345e-01
3.502193e+00,2.325852e+00
5.902041e+00,7.823468e-01
6.538353e+00,1.774342e+00
9.989815e-01,6.210630e-02
1.804607e+00,-3.701133e-01
2.539437e+00,3.767073e-01
3.388057e+00,9.388578e-01
1.344064e+00,1.777459e+00
3.368123e+00,-1.290471e-02
3.433083e+00,1.733087e+00
5.243092e+00,-4.023054e-02
3.820233e+00,1.878525e+00
4.366198e+00,1.205170e+00
5.374860e+00,-2.333946e-02
5.898001e+00,2.688783e+00
1.520345e+00,3.118602e+00
1.304860e+00,1.393916e+00
2.207508e+00,-4.411088e-01
5.496564e+00,-8.234529e-02
5.853602e+00,2.083261e-01
4.922869e+00,1.067308e+00
3.102891e+00,5.187427e-01
3.851639e+00,-1.053881e+00
5.165232e+00,-3.029909e-01
2.149772e+00,2.604935e+00
3.015138e+00,4.340177e-01
2.937995e+00,1.435058e+00
2.679647e+00,1.010659e+00
5.565051e+00,4.196225e-01
3.484272e+00,2.428665e+00
3.404558e+00,9.963193e-01
3.549810e+00,6.768880e-01
2.659888e+00,1.988026e+00
6.295005e+00,2.202432e-01
5.572014e+00,2.040185e+00
6.291129e+00,1.611738e+00
2.881538e+00,4.440765e-01
5.340095e+00,-8.046685e-01
4.538322e+00,-1.372656e-01
4.802254e+00,1.785256e+00
3.688851e+00,2.241007e+00
1.771095e+00,-4.676290e-01
4.541412e+00,2.774308e+00
2.129571e+00,1.903064e+00
3.741662e+00,-1.246249e+00
5.988512e+00,5.397010e-02
2.136856e+00,5.655472e-01
3.738901e+00,4.766311e-01
3.029054e+00,2.022962e+00
1.089567e+00,1.373209e+00
3.183494e+00,-1.232245e+00
4.120542e+00,7.623440e-01
3.056852e+00,-1.155192e-01
5.153607e+00,2.736517e-01
5.150980e+00,1.030471e+00
2.918598e+00,2.495856e+00
2.923964e+00,1.910035e-01
2.242355e+00,1.970826e+00
5.652935e+00,1.856556e+00
4.954323e+00,1.992645e+00
6.547579e+00,1.514826e+00
5.186123e+00,1.318782e+00
9.333600e+00,8.580977e-01
4.391724e+00,1.386474e+00
4.074130e+00,2.871364e-01
3.989389e+00,1.069936e+00
1.681975e+00,1.736348e+00
3.930965e+00,1.892322e+00
4.105455e+00,-1.976231e-01
3.858992e+00,5.731088e-01
2.807118e+00,-6.818346e-01
4.131169e+00,2.299759e-01
3.980767e+00,-1.457804e-01
3.556955e+00,5.970583e-01
2.657993e+00,-4.964602e-01
3.516479e+00,8.819227e-01
1.880347e+00,3.099047e+00
6.976299e+00,1.782706e+00
3.856315e+00,1.096662e+00
5.547304e+00,1.263656e+00
4.116708e+00,-2.803404e-01
4.330502e-01,-1.558479e-01
4.037104e+00,5.587570e-02
1.803173e+00,1.181134e+00
4.245167e+00,2.038455e-01
6.568739e+00,1.279999e+00
6.415625e+00,-4.220240e-01
2.542933e+00,1.635382e+00
3.001800e+00,6.143802e-01
4.272900e+00,1.148323e+00
3.181045e+00,3.528808e-01
2.855369e+00,1.653151e+00
3.519366e+00,-9.966899e-01
6.926739e+00,1.416792e+00
6.672257e+00,3.369236e-01
5.228889e+00,2.592391e+00
2.541206e+00,2.344770e+00
1.295917e+00,-1.908531e-01
3.864560e+00,2.186063e+00
4.540807e+00,2.506953e+00
2.801677e+00,-3.549328e-01
3.872701e+00,-2.687371e-01
2.066063e+00,-8.310045e-01
4.298604e+00,3.148650e-01
1.834986e+00,-5.331572e-01
3.454781e+00,4.882064e-01
5.040854e+00,1.741420e+00
5.359225e+00,9.932718e-01
5.384653e+00,-1.120552e+00
2.221824e+00,1.655968e+00
5.201646e-01,8.102920e-01
2.339658e+00,-4.871093e-02
6.256717e+00,6.506074e-02
2.888068e+00,2.129387e+00
3.657343e+00,1.666958e+00
3.343099e+00,2.351291e-01
5.003771e+00,1.034477e+00
4.447285e+00,3.204802e+00
4.078149e+00,1.440589e+00
4.335945e+00,4.499611e-01
3.361442e+00,1.471249e+00
4.268422e+00,-7.831235e-02
1.185632e+00,-2.728702e-01
4.563832e+00,2.473041e-01
5.270780e-01,2.373849e+00
5.733403e+00,1.064558e+00
2.358292e+00,2.196924e+00
4.651689e+00,1.185216e+00
6.516988e+00,2.723630e+00
6.580168e+00,2.780972e+00
5.246505e+00,2.703602e-01
4.708837e+00,1.245945e+00
2.344108e+00,3.628122e-01
7.203805e+00,9.213629e-01
4.423002e+00,1.914329e-01
6.762925e+00,-7.517632e-01
5.116189e+00,9.188955e-01
6.576181e+00,1.211187e+00
5.172329e+00,1.262046e+00
2.612481e+00,2.875755e-01
1.281734e+00,9.252168e-02
2.053382e+00,-3.533556e-01
3.717054e+00,1.702812e+00
5.246759e+00,1.481485e+00
5.977327e+00,2.111389e+00
3.547366e+00,1.064887e+00
3.318711e+00,7.401129e-02
4.899029e+00,1.274945e+00
3.294323e+00,-2.168234e-04
4.187151e+00,1.537993e+00
4.415104e+00,2.220296e+00
3.719525e+00,5.168464e-01
3.028675e+00,-2.747409e-01
2.104516e+00,1.510699e+00
1.466619e+00,5.516419e-01
4.107192e+00,8.891918e-01
3.248998e+00,3.189032e+00
9.052184e-01,6.509302e-01
7.684112e+00,8.604749e-01
4.671194e+00,1.127736e+00
5.502254e+00,1.051118e+00
3.291272e+00,1.428091e+00
5.512328e+00,1.312704e+00
8.552443e-01,-8.713027e-01
4.233012e+00,1.402263e+00
4.809901e+00,1.310742e-02
4.836773e+00,5.753021e-01
6.205657e+00,4.368937e-01
3.644828e-01,-1.940474e+00
3.848443e+00,-9.919249e-01
5.510900e+00,1.867853e-01
2.243648e+00,4.601841e-02
4.877443e+00,5.775497e-01
6.385907e+00,1.389498e+00
7.641518e+00,8.079683e-01
5.223040e+00,2.341812e+00
1.122830e+00,1.280120e+00
3.642034e+00,2.614308e+00
5.769187e+00,3.143256e+00
2.856664e+00,1.577682e+00
3.076675e+00,1.948365e-01
6.653746e+00,4.192976e+00
2.522149e+00,3.374422e+00
4.806885e+00,9.835759e-01
5.719322e+00,3.562349e+00
6.542942e+00,1.443094e+00
3.652238e+00,5.720355e-01
4.023829e+00,2.126215e+00
5.243874e+00,1.756521e+00
6.079661e+00,1.532663e+00
5.549414e+00,3.982866e-01
2.998133e+00,-2.574189e-02
6.088576e+00,2.635708e+00
4.026344e+00,1.881654e+00
2.837579e+00,-1.068605e+00
4.083389e+00,1.916077e+00
5.908654e+00,2.718521e-01
2.748390e+00,1.620030e+00
5.918385e+00,6.811629e-01
6.292250e+00,1.201436e+00
4.706946e+00,2.541673e-01
4.908066e+00,1.921069e+00
4.267317e+00,2.391879e+00
1.849647e+00,1.339419e+00
5.560853e+00,1.143921e+00
5.095893e+00,8.825517e-01
4.411641e+00,7.985754e-01
2.530644e+00,6.392190e-01
2.146749e+00,9.172625e-01
2.270036e+00,1.510710e+00
3.312628e+00,3.163413e+00
7.444857e-01,1.078894e+00
6.117850e+00,1.743305e+00
4.898854e+00,-4.863233e-02
9.168592e-01,2.706070e+00
6.490016e+00,4.020663e-01
5.757810e+00,6.915864e-01
3.864053e+00,2.297057e+00
3.039551e+00,9.736930e-01
4.059356e+00,1.987193e+00
5.061788e+00,8.844768e-01
7.236977e-01,3.342753e-01
3.883940e+00,7.724957e-01
1.237797e+00,1.220493e+00
5.131751e+00,-6.101714e-01
6.222964e+00,8.969326e-01
4.078127e-01,-5.449245e-01
3.212648e+00,1.027935e+00
1.797611e+00,1.744888e+00
2.164340e+00,1.690544e-01
1.062693e+00,3.814439e-01
3.955161e+00,1.742833e+00
5.316350e+00,4.957403e-01
3.639137e+00,9.168913e-01
4.776263e+00,7.380071e-01
5.898656e+00,2.272869e+00
6.063907e+00,4.097429e+00
