-2.173065e+00,5.859554e-02
-1.275363e-01,-1.503396e+00
-2.924575e+00,-2.082886e+00
8.066279e+00,2.851318e+00
-2.207953e+00,-2.960068e+00
2.133785e+00,-2.469691e+00
7.066490e+00,3.337312e+00
2.537284e-01,1.324380e+00
1.741140e+00,6.129854e-01
2.878412e+00,6.668552e+00
1.598597e-01,2.016266e+00
4.995147e+00,3.860409e+00
-1.390336e+00,-1.299095e+00
-4.387087e+00,3.620852e+00
2.491321e+00,-2.173666e+00
4.878765e+00,-9.095278e-01
7.154868e+00,3.653018e+00
4.021603e+00,-1.610029e-01
2.311354e+00,3.004879e-01
1.924361e+00,4.470127e+00
5.413283e+00,8.598303e-01
5.881069e-01,1.900192e+00
1.036133e+00,1.624454e+00
8.321236e+00,7.205767e+00
4.807973e+00,3.110212e-01
4.140078e+00,4.981008e+00
5.771059e+00,1.704857e+00
-1.578839e+00,2.743732e+00
4.487879e+00,1.060863e+00
2.166150e+00,1.197037e+00
-1.701700e+00,4.883142e+00
3.709565e+00,-1.922727e+00
3.683924e-01,-1.034331e+00
7.887138e+00,3.961500e+00
1.900930e+00,3.801029e+00
-3.144577e-01,5.781333e+00
4.959904e+00,2.825698e+00
-2.573659e+00,1.024901e+01
2.199403e+00,6.148427e-01
8.384138e+00,4.192709e+00
-7.982411e-01,3.393523e+00
5.965192e+00,2.741137e+00
5.575297e+00,2.484115e+00
6.669084e+00,1.242612e+00
5.427031e+00,-4.030277e-01
-1.747100e+00,1.911861e+00
3.918326e+00,1.509030e+00
-1.946071e+00,-6.897050e-01
5.929230e+00,3.363651e+00
5.707237e+00,3.683042e+00
1.161867e+00,1.109791e+00
2.318580e+00,4.693956e+00
-9.255561e-01,-1.800836e+00
-2.077835e+00,-7.647350e-01
-9.293757e-01,2.582420e+00
-1.117454e+00,1.268650e+00
-2.298828e-01,1.855223e+00
4.384983e+00,2.541347e+00
4.475532e+00,3.157544e+00
2.255329e+00,-1.814606e+00
-2.466954e+00,8.279492e+00
7.654285e+00,3.336899e+00
-9.592430e-01,7.300086e+00
-3.175764e-01,2.680063e+00
2.253697e+00,1.546270e+00
3.642074e+00,4.320285e+00
4.626558e+00,-9.981134e-01
9.526036e-01,-1.044798e+00
4.928682e+00,4.743766e+00
-1.148482e+00,-4.517688e-01
6.972014e+00,3.775069e+00
5.389411e+00,2.192940e+00
2.785021e+00,-3.221963e-01
1.462140e+00,-1.134760e+00
-1.115304e+00,3.531843e+00
3.735397e+00,-1.393551e+00
3.241289e+00,-2.808602e+00
-1.206814e-01,1.148084e+00
4.967830e-02,2.885603e+00
2.183694e+00,-3.753460e-01
2.944521e+00,2.555378e+00
1.665975e+00,5.867378e+00
-2.296648e+00,1.076937e+00
3.466264e+00,5.874355e-01
2.499455e+00,3.042612e+00
2.669804e+00,6.217706e+00
3.118315e+00,-1.585439e+00
-2.755803e+00,2.284515e-01
-4.191752e-01,3.055376e+00
1.598499e+00,-2.200689e+00
4.490703e+00,-9.257040e-01
-9.803260e-01,2.543724e+00
3.884857e+00,2.361175e+00
3.828081e+00,5.873892e+00
4.687032e+00,3.499798e+00
7.211544e-01,6.420207e+00
-7.133976e-01,3.998059e+00
2.021309e+00,3.877198e+00
3.366370e+00,-8.237316e-01
7.692291e-01,3.749320e+00
-9.212827e-01,4.167004e+00
-6.587368e+00,2.595583e-02
4.950312e+00,4.747168e+00
6.227181e+00,4.287167e+00
3.914458e+00,2.321476e+00
2.298980e+00,3.656174e+00
4.578453e+00,3.559700e+00
4.559597e+00,3.817287e+00
-1.511530e+00,-2.321931e+00
5.898882e-01,1.128677e+00
5.414294e+00,2.065261e+00
3.462962e+00,-2.810680e-01
8.238099e+00,4.082143e+00
6.820645e+00,4.544403e+00
4.200339e+00,-4.084369e-01
7.319843e+00,2.515679e+00
2.593824e+00,-8.685668e-02
1.694943e+00,4.378342e+00
1.546531e+00,3.826775e+00
4.068496e+00,2.873666e+00
4.323354e-01,7.860850e+00
-2.926068e+00,5.784140e+00
5.544153e-01,3.168628e+00
2.262390e+00,-1.145567e+00
-4.569781e+00,1.611845e+00
-6.575196e-02,3.199612e+00
3.459923e+00,3.294841e+00
2.612299e+00,3.579916e+00
8.932203e-01,2.279915e+00
-2.819728e+00,1.352601e+00
4.018676e+00,1.911985e-01
1.545620e+00,3.240056e+00
4.489556e+00,-5.339008e-01
4.973713e+00,-5.834533e+00
1.295535e+00,6.696352e+00
-7.724312e-01,2.962969e-01
1.020509e-01,-5.014897e+00
4.397442e+00,9.492683e+00
4.944324e-01,3.252871e+00
2.876263e+00,-2.144583e+00
4.267640e+00,1.786624e-02
5.352975e+00,6.675557e-01
3.985413e+00,4.055771e+00
1.941838e+00,3.436082e+00
1.250647e+00,1.682264e+00
1.641372e+00,6.664747e-01
-4.167304e-01,3.493004e+00
4.532255e+00,2.686443e+00
7.443487e+00,6.839624e+00
1.941196e+00,7.689496e+00
6.233241e+00,4.502867e+00
6.376131e+00,5.327177e+00
6.459568e-01,1.937548e-01
6.273825e+00,-1.084587e+00
1.091410e+00,1.589243e+00
3.510966e+00,3.148665e+00
2.037268e+00,3.428418e+00
4.348625e+00,-1.301524e+00
9.458715e-02,-5.463108e-01
6.548151e+00,5.992973e+00
5.912873e+00,2.487824e+00
1.212378e+00,7.417252e+00
4.347520e-01,2.430226e+00
-3.612529e-01,9.910147e-01
2.715472e+00,1.035320e+00
6.757316e-01,3.614320e+00
7.977765e-01,2.650224e+00
-4.219399e+00,1.776632e+00
-2.530497e+00,1.847301e+00
-1.691241e+00,3.718090e+00
3.449007e+00,4.074738e+00
5.350378e+00,3.373538e-01
8.702221e+00,4.823326e+00
3.964405e-01,4.663529e+00
6.855937e+00,5.741912e-01
-1.358283e+00,2.019246e+00
-1.204078e+00,3.805541e+00
4.781918e-02,4.095634e+00
2.797912e+00,7.685791e+00
2.486135e+00,9.296971e-01
8.179586e+00,9.293083e+00
9.808407e+00,2.421881e+00
2.359926e+00,5.891123e+00
-1.713353e+00,-9.082968e-03
6.896191e+00,1.909425e+00
2.168453e-01,6.356358e+00
6.398512e+00,4.807179e+00
5.320156e+00,5.484545e+00
3.008346e+00,6.194860e+00
1.875559e+00,6.631205e+00
-1.078197e+00,2.116041e-02
3.512378e+00,2.461409e+00
8.814487e+00,7.183937e+00
-3.362040e-01,5.182468e+00
6.987826e+00,-1.685733e+00
6.299015e+00,2.650376e+00
3.769246e+00,6.773785e+00
7.230126e+00,9.922075e-01
2.720276e+00,2.586410e+00
-5.965351e-01,3.362733e-01
4.240871e+00,1.799885e-01
7.157406e-01,5.615385e+00
-3.407134e-01,4.993765e+00
1.129982e+01,-9.449838e-01
1.408512e+00,2.435147e+00
3.075644e+00,-2.297939e+00
3.860511e-01,4.053336e+00
3.282324e-01,5.779157e-01
-1.568388e+00,1.103108e+00
-7.204622e-01,7.604644e-01
6.189709e+00,1.545047e+00
1.336207e+00,1.562290e+00
-3.252990e-01,5.365402e+00
3.787261e+00,1.507725e+00
2.065800e+00,1.291071e+00
-9.076292e-01,2.053783e+00
3.242434e+00,3.680534e+00
-9.483295e-01,5.035843e+00
5.163659e+00,-1.048156e+00
5.133151e+00,1.081797e+00
4.151220e+00,2.515548e+00
-7.144994e+00,-7.316543e-01
4.592807e+00,2.569825e+00
8.153831e-01,6.121159e+00
2.465148e+00,4.688854e+00
7.322166e-01,2.427913e+00
1.107907e+01,2.128979e+00
1.405902e+00,3.821284e+00
6.707553e+00,4.580648e+00
-8.653796e-01,-5.990317e-01
-2.331705e-01,-1.247464e+00
1.449796e+00,1.022581e-01
1.607529e+00,5.338222e+00
2.564045e+00,4.376520e-01
8.012662e+00,8.362702e+00
3.430721e+00,2.683227e+00
6.070044e+00,3.242181e+00
5.035262e+00,5.829674e+00
4.472296e+00,1.646203e+00
1.724297e+00,5.849416e-01
1.310014e+00,3.593968e+00
1.067219e+00,-3.657670e+00
-1.245453e+00,4.782318e+00
-1.000898e+00,1.186195e+00
7.629916e+00,-1.066948e-01
4.747892e-01,-2.169382e+00
4.443991e+00,-1.269512e+00
2.057581e+00,3.666952e+00
1.066292e+00,1.367003e+00
6.818445e-01,4.556976e+00
3.205767e+00,2.847458e+00
4.780239e+00,4.580872e+00
2.528125e+00,1.901120e+00
9.474942e-01,4.401954e+00
2.578221e+00,4.111978e+00
-2.349381e-01,1.075578e+00
5.109969e+00,5.201493e+00
4.640076e+00,1.938868e+00
-1.364856e+00,2.664235e-01
8.529620e+00,6.521699e+00
4.144212e+00,2.612365e+00
7.030891e+00,1.238919e-01
5.246245e+00,2.833384e+00
3.002492e+00,4.189473e+00
4.961923e-02,-4.310924e-01
9.789376e-01,7.323101e-01
1.079730e+01,-6.011872e-01
3.191613e+00,1.810844e+00
1.169388e+00,5.033174e+00
6.245389e-01,6.232601e+00
9.972315e-01,8.042691e-01
5.316274e+00,1.778235e+00
3.908650e+00,2.190835e+00
1.664536e+00,-9.963419e-01
-1.855190e+00,6.682718e+00
