6.286524e+00,4.847068e+00
5.861862e+00,7.548750e+00
-5.122132e-01,6.640000e-01
7.243698e+00,3.419488e+00
6.136030e+00,1.579813e+00
-1.229674e+00,7.116033e+00
6.285516e+00,2.349351e+00
7.164515e+00,7.343083e+00
3.624874e+00,7.039927e+00
1.891234e+00,2.106638e+00
4.795694e+00,3.560427e+00
1.001396e+00,4.656290e+00
-7.597305e-01,4.354567e+00
6.802246e+00,-2.978300e+00
1.790290e-01,2.235270e+00
4.677998e+00,-2.507094e-02
5.686452e+00,3.881346e+00
4.536983e+00,3.696694e+00
3.238331e+00,3.537601e+00
8.110368e+00,1.895002e+00
9.009899e+00,1.103045e-01
1.066750e+01,7.823785e+00
8.363450e+00,3.951852e+00
8.563525e+00,2.276621e+00
5.385325e+00,8.675239e+00
1.514824e+00,2.148003e+00
5.923867e+00,7.541614e+00
2.645765e+00,2.726306e+00
5.032373e+00,1.110148e+01
6.701823e+00,8.212425e+00
2.986208e+00,4.728379e+00
6.095298e+00,2.717346e+00
1.722912e+00,3.054319e+00
3.359320e+00,2.487555e+00
3.913890e+00,5.443247e+00
-6.827602e-01,2.930560e+00
6.587997e+00,1.304674e+00
7.516752e+00,3.536260e+00
7.050653e+00,5.763814e+00
4.371354e+00,-8.033509e-02
4.362407e+00,4.830400e+00
4.214564e+00,2.310402e+00
-2.107840e+00,4.505192e+00
9.709658e+00,-1.878994e+00
7.521986e+00,9.415244e+00
-6.059650e-01,-9.269217e-01
5.071416e+00,4.457290e+00
3.247450e+00,3.701386e+00
5.201694e+00,3.766795e+00
8.036554e+00,3.936613e+00
1.291367e+01,6.779695e+00
1.296678e+01,2.839101e+00
9.733758e+00,5.879969e+00
8.047609e+00,9.055287e+00
7.665504e+00,4.898017e+00
1.013052e+01,5.427946e+00
7.335597e+00,2.301932e+00
3.582087e+00,6.384004e+00
2.696274e+00,-5.488706e+00
1.048186e+01,-1.666827e+00
4.705474e+00,2.528384e+00
3.335363e+00,2.612109e+00
1.184818e+00,1.449431e-01
-3.607018e+00,4.228105e+00
1.166298e+01,1.975020e+00
6.648143e+00,7.578517e+00
8.973764e+00,2.663195e+00
2.581090e+00,4.499437e+00
2.679166e+00,2.712468e-01
8.275001e+00,3.556290e+00
1.417069e+01,5.391707e+00
8.022954e+00,5.380538e+00
7.436381e+00,1.084616e+00
5.088409e+00,2.645225e+00
2.169412e+00,4.649269e+00
5.408392e+00,4.732041e+00
6.826268e+00,-1.555909e+00
5.228572e+00,4.424895e+00
2.373562e+00,-3.601202e-01
8.091401e+00,6.274335e+00
2.508520e+00,4.906396e+00
3.094248e+00,4.647376e+00
1.032652e+01,-3.532057e-01
3.809408e+00,5.551524e+00
2.076873e+00,2.910105e+00
6.271578e+00,5.332249e+00
1.477677e+00,2.878108e+00
1.250680e+01,3.704568e+00
7.722316e+00,3.661287e+00
5.370407e+00,4.038474e+00
9.672797e+00,7.045176e+00
9.413373e-01,2.789662e+00
8.097056e+00,4.620209e+00
5.308071e+00,4.515620e+00
8.031652e-01,1.100902e+00
1.980848e+00,-3.305114e-01
6.606156e+00,-1.203948e+00
7.290548e+00,3.489171e+00
3.000515e+00,-1.582203e+00
7.147627e+00,3.845939e-01
1.137903e+01,2.700985e+00
9.255532e+00,7.038078e+00
7.240204e+00,4.755645e+00
5.023071e+00,1.159574e+00
1.770259e+00,1.519337e+00
4.483923e+00,8.569510e+00
7.176349e+00,2.028028e+00
4.064509e+00,1.024665e+00
1.020310e+01,7.414247e+00
1.876908e+00,1.688456e+00
5.880340e+00,9.507468e-01
1.051205e+00,-2.368684e+00
1.560906e+00,6.274063e+00
6.246099e+00,1.657038e+00
4.511249e+00,7.337846e+00
5.340008e+00,5.631794e-01
3.389826e+00,7.658968e+00
2.342855e+00,1.894116e+00
5.830604e+00,2.258376e+00
5.793493e+00,-2.013430e+00
1.344919e+01,3.157706e+00
6.707506e+00,4.589768e+00
7.670813e+00,2.521282e+00
5.223384e+00,-1.023755e+00
4.102851e+00,-2.444827e-01
6.831756e+00,2.701705e-01
8.842579e+00,-3.288643e-01
3.508587e+00,6.496694e+00
4.896952e+00,4.157293e-01
3.538096e+00,5.845599e-01
4.472036e+00,-3.996979e+00
6.197281e+00,4.197912e+00
8.173447e+00,1.585419e+00
2.726481e+00,1.108257e+00
1.074037e+01,6.800732e+00
8.244189e+00,1.416711e+00
4.461195e-01,2.859939e+00
8.360950e+00,2.365128e+00
9.125493e+00,4.804270e+00
4.432102e+00,4.926279e+00
9.244428e+00,1.780218e+00
4.135625e+00,3.517909e+00
4.924259e+00,4.291165e+00
2.727195e+00,6.082928e+00
9.453296e+00,3.885018e-01
6.033450e+00,-3.256464e-01
4.488890e+00,7.027296e+00
1.116016e-01,1.323923e+00
6.435389e+00,-4.766540e+00
5.951430e+00,6.235431e+00
1.032651e+01,3.022349e+00
1.027292e+01,-1.436601e-01
-6.134460e-02,6.439658e-01
4.319626e+00,5.457968e+00
5.764469e+00,3.325653e-01
1.563712e+00,1.578643e+00
4.365309e+00,5.150502e+00
3.511517e+00,1.086590e+00
1.026869e+01,5.440157e+00
7.701164e+00,3.635690e+00
5.355334e+00,2.923339e+00
4.027131e+00,2.031658e+00
3.195065e+00,-4.535621e+00
1.160255e+00,1.965873e+00
1.046734e+01,-2.586910e+00
2.210272e+00,-1.892330e+00
8.048548e+00,3.543199e+00
5.229026e+00,-3.002539e-01
6.209871e+00,1.464641e+00
1.359911e+00,1.120507e+00
8.140507e+00,1.313721e+00
1.330957e+01,9.216292e+00
7.212618e+00,3.166733e+00
5.986457e-01,2.546666e+00
5.079937e+00,6.122127e+00
2.276028e+00,5.391879e+00
5.451043e+00,-7.966120e-01
5.132896e+00,1.653165e+00
6.066855e+00,6.032264e+00
-1.276582e+00,2.644710e+00
8.901115e+00,8.863801e+00
8.335754e+00,1.177784e+01
8.634754e+00,8.301940e-01
6.670101e+00,2.196660e+00
5.452680e+00,4.467106e-01
7.506688e+00,5.233583e+00
7.349430e+00,1.718195e-01
4.260295e+00,4.688860e+00
4.749295e+00,3.502132e+00
5.388737e+00,-2.897988e-01
5.366636e+00,3.324005e+00
4.990517e+00,-1.245468e+00
1.072767e+01,4.560133e+00
5.845065e+00,3.075413e+00
-1.694562e+00,1.016364e+00
9.357706e+00,-1.092509e+00
7.575409e+00,2.176638e+00
6.553852e+00,4.370858e+00
3.021906e+00,9.753374e-01
5.174750e+00,5.638361e+00
8.979404e+00,2.152822e+00
2.728284e+00,1.238578e+00
1.804901e+00,4.846492e+00
4.058696e+00,1.377725e-01
6.129254e+00,3.035787e+00
1.739505e+00,7.688188e+00
4.653650e+00,3.966826e+00
9.520169e+00,-6.479164e-02
6.712396e+00,2.175912e-01
6.645037e+00,4.531550e+00
5.825842e+00,2.885176e+00
3.594455e+00,3.460513e+00
5.595608e+00,6.722724e+00
4.111972e+00,2.047937e+00
5.080994e+00,6.306133e+00
3.436914e+00,2.806517e+00
1.037744e+01,2.519568e+00
5.026205e+00,9.718765e-01
7.435986e+00,8.651611e+00
5.903220e+00,6.164339e+00
1.491861e+00,2.761003e+00
2.526590e+00,2.157409e+00
2.514836e+00,3.086180e+00
8.017758e+00,1.133198e-01
1.381672e+01,2.947425e+00
7.033035e+00,4.727698e+00
6.928599e+00,-7.906882e-01
5.674927e+00,5.437066e+00
9.403119e+00,2.969406e+00
2.205385e+00,4.645683e+00
6.306673e+00,2.906876e+00
8.708387e+00,-2.276870e+00
3.962354e+00,4.346802e+00
3.434747e+00,2.946152e+00
1.081584e+01,1.927056e+00
-7.688092e-02,5.259833e+00
6.040928e+00,5.101281e+00
7.096146e+00,3.183856e+00
6.175685e+00,2.337296e+00
6.068203e+00,5.516291e+00
6.614367e+00,3.642460e+00
2.916678e+00,2.938968e+00
4.210228e+00,3.445118e+00
-1.971183e+00,3.861237e-01
-3.784732e+00,3.355797e+00
6.961991e+00,3.546359e-01
-1.923270e+00,2.025247e+00
9.269698e+00,3.901697e+00
-1.405666e+00,2.430710e+00
7.847297e+00,2.748708e+00
4.316171e+00,5.746047e-02
1.499886e-01,3.678814e-01
3.357295e+00,2.344143e-01
7.254880e-01,1.199864e+00
5.391989e+00,5.186410e+00
7.388187e+00,7.826126e+00
6.366481e+00,6.914774e+00
-1.122670e+00,7.588733e+00
4.188684e+00,-4.322620e-01
8.324610e+00,7.664523e+00
7.976024e+00,-1.157224e-01
7.370017e+00,3.935438e+00
9.675907e+00,5.984960e+00
4.771522e+00,-4.074998e+00
6.545024e+00,6.948390e+00
9.022187e-01,4.433162e+00
4.949197e+00,5.628107e+00
2.251196e+00,1.108332e+00
2.641294e+00,3.581428e+00
4.588764e+00,5.664555e+00
7.078462e+00,7.194263e+00
5.098766e+00,6.804172e-01
3.708460e+00,-2.408091e-01
6.661143e+00,3.814643e+00
7.374152e+00,9.959483e+00
4.415630e+00,-8.176251e-01
4.756854e+00,1.958892e+00
1.250279e+01,2.419877e+00
3.679959e+00,1.601653e+00
6.077584e+00,4.634163e+00
1.274446e+01,3.572027e+00
5.950595e+00,4.052040e+00
4.633414e+00,4.714149e+00
5.085971e+00,2.617450e+00
6.426430e+00,8.107263e+00
2.272089e+00,2.972584e+00
4.511945e+00,3.945668e+00
4.924783e+00,2.223740e+00
5.467256e+00,7.156672e+00
9.701669e+00,5.374128e+00
5.205010e+00,2.671411e+00
6.135500e+00,4.248902e+00
3.187904e+00,7.363387e+00
3.861473e+00,7.644832e+00
7.486064e+00,-2.504260e+00
4.439143e+00,-9.584395e-01
7.913677e+00,6.323695e+00
-1.479617e+00,2.297646e+00
3.484595e+00,2.011217e+00
4.096110e+00,1.772120e+00
7.142140e+00,-1.330397e+00
6.919003e+00,4.714142e+00
3.851561e+00,6.140225e+00
3.017853e+00,2.011083e+00
5.270611e+00,3.717660e+00
1.076081e+01,1.242038e+00
1.530075e+00,3.618139e+00
5.988996e+00,2.473153e+00
5.911862e+00,2.221568e+00
3.078125e+00,4.771604e+00
5.643594e+00,4.551016e+00
7.372099e+00,4.087906e+00
6.978197e+00,8.084649e-01
8.153825e+00,6.397616e+00
1.449058e+00,2.241912e+00
3.282296e+00,1.875057e+00
7.480393e+00,6.412218e+00
4.840389e+00,2.813654e+00
1.025093e+01,1.184128e+00
3.514384e+00,3.938677e+00
1.046184e+01,5.622228e+00
8.579444e+00,2.913101e+00
2.099715e-01,7.602512e+00
1.035799e+01,8.483617e+00
3.361570e+00,3.164560e+00
