1.08e+00,3.88e-01
5.10e+00,3.04e+00
2.62e+00,-2.30e+00
3.91e+00,1.16e+00
7.53e+00,1.86e+00
6.66e+00,1.11e+00
7.04e+00,1.77e+00
4.84e+00,1.97e+00
2.04e+00,6.93e-01
1.71e+00,-3.62e-01
5.67e+00,2.65e+00
6.85e+00,6.88e-01
5.03e+00,1.47e+00
7.14e+00,1.03e+00
1.36e+00,-6.11e-01
4.29e+00,2.00e+00
7.38e+00,2.88e+00
8.63e+00,5.65e+00
2.75e+00,1.96e+00
3.97e+00,1.60e+00
1.07e+00,1.11e+00
6.87e+00,1.40e+00
5.19e+00,1.90e+00
1.66e+00,2.93e+00
3.77e+00,1.25e+00
3.79e+00,-9.33e-01
2.90e+00,9.84e-01
7.72e-01,-7.10e-01
4.64e+00,1.30e-01
6.93e+00,1.62e+00
2.04e+00,8.23e-01
7.66e+00,9.56e-01
2.46e+00,2.83e+00
9.40e+00,3.05e+00
8.76e+00,4.41e-01
1.55e+00,3.36e+00
4.02e+00,2.11e+00
3.93e+00,1.90e+00
7.57e+00,2.72e+00
6.99e+00,3.40e+00
6.19e+00,2.34e+00
4.10e+00,2.35e+00
4.95e+00,1.32e+00
6.89e+00,7.70e-01
6.10e+00,2.57e-01
3.08e+00,4.41e+00
4.57e+00,9.53e-01
8.70e+00,1.73e+00
3.93e+00,9.51e-01
4.17e+00,-1.86e+00
3.19e+00,2.97e+00
3.50e+00,-8.06e-01
3.64e+00,4.30e+00
3.03e+00,3.01e-01
7.38e+00,3.26e+00
4.34e+00,-3.99e-01
4.42e+00,1.12e+00
8.81e+00,3.14e+00
3.87e+00,1.41e+00
3.39e+00,3.03e+00
4.42e+00,-5.50e-01
5.72e+00,1.23e+00
2.73e+00,1.88e+00
-7.24e-01,3.39e+00
5.33e+00,2.99e+00
2.21e+00,7.64e-01
1.36e+00,2.20e+00
4.73e+00,-6.59e-01
8.71e+00,3.57e+00
6.64e+00,-2.26e-01
2.58e+00,-1.45e+00
2.82e+00,1.02e+00
3.90e+00,7.75e-01
5.15e+00,-1.19e+00
7.14e+00,-9.42e-01
6.14e+00,4.39e-01
4.88e+00,2.15e+00
2.22e+00,1.70e+00
8.18e+00,3.70e+00
1.24e+00,1.17e+00
7.02e+00,4.83e-01
-6.58e-02,-9.32e-01
5.04e+00,1.71e+00
1.22e+00,3.90e+00
2.04e+00,2.91e+00
4.32e+00,1.38e+00
3.93e+00,4.29e+00
4.84e+00,1.35e+00
8.11e+00,5.73e+00
4.74e+00,3.94e+00
3.68e+00,6.26e-02
5.77e+00,1.34e+00
7.84e+00,3.69e+00
3.53e+00,4.53e+00
8.87e+00,3.07e+00
3.25e+00,1.04e+00
8.81e+00,2.41e+00
3.17e+00,1.97e+00
8.41e+00,4.96e+00
4.43e+00,1.98e+00
2.58e+00,-6.99e-01
7.23e+00,6.94e-01
3.30e+00,1.30e+00
3.72e+00,3.20e+00
3.79e+00,4.94e+00
3.80e+00,5.68e-01
4.33e+00,1.23e+00
5.79e+00,2.90e+00
3.17e+00,1.52e+00
7.96e+00,3.12e+00
2.20e+00,-4.79e-01
2.34e+00,-6.12e-02
2.13e+00,2.11e+00
7.61e+00,4.40e+00
4.03e+00,1.01e+00
-3.85e-02,-1.88e+00
6.57e+00,5.85e-01
5.12e+00,2.09e+00
1.83e-01,2.03e+00
4.89e+00,2.72e+00
4.98e+00,4.01e-01
3.14e+00,1.47e+00
4.86e+00,-9.07e-02
4.09e+00,2.81e-01
3.64e+00,3.51e+00
5.77e+00,3.59e+00
6.01e+00,-8.94e-01
3.78e+00,3.29e+00
6.55e+00,1.56e+00
4.85e+00,3.36e+00
8.30e+00,3.38e+00
6.61e+00,5.00e+00
8.98e+00,-5.79e-01
4.19e-01,-1.79e-01
3.18e-01,3.90e+00
4.75e+00,3.57e+00
7.62e+00,4.24e+00
9.34e-01,2.86e+00
4.71e+00,1.46e+00
2.29e+00,4.32e+00
1.14e+01,3.20e-01
2.17e+00,1.91e+00
3.29e+00,2.06e+00
4.34e+00,3.61e+00
6.91e-01,1.94e-01
8.13e+00,-1.17e+00
8.36e+00,4.48e+00
1.27e+00,1.10e+00
6.98e+00,4.48e+00
3.90e+00,-1.59e+00
9.09e+00,1.63e+00
6.00e+00,1.37e+00
3.22e+00,2.58e+00
5.41e+00,1.15e+00
6.98e+00,1.93e+00
2.59e+00,8.90e-01
6.72e+00,3.95e+00
3.06e+00,1.79e-01
5.95e+00,1.09e+00
8.57e+00,3.72e+00
1.44e+00,3.08e+00
2.44e+00,2.96e+00
4.83e+00,2.27e+00
1.68e+00,2.05e+00
6.10e+00,6.11e+00
3.10e+00,3.11e+00
5.01e+00,7.19e-01
5.36e+00,2.27e+00
3.43e+00,1.18e+00
5.63e+00,-5.06e-01
7.67e+00,2.40e-01
4.84e+00,2.20e+00
7.34e+00,2.04e+00
7.12e+00,3.69e+00
9.39e+00,-4.06e-01
