2.03e+00,1.87e+00
5.55e+00,1.91e+00
6.58e-01,2.19e+00
4.23e+00,9.08e-01
6.87e+00,3.79e+00
2.42e+00,-5.30e-01
6.88e+00,6.25e-02
6.63e+00,3.20e+00
4.88e+00,2.58e+00
4.89e+00,2.57e+00
4.43e+00,-4.39e-01
5.04e+00,-1.14e+00
2.85e+00,1.93e+00
2.24e+00,2.46e+00
5.97e+00,5.29e-01
1.25e+00,4.58e-01
2.17e+00,-1.55e+00
-2.16e-01,2.03e+00
4.55e+00,-6.37e-01
5.12e+00,3.87e+00
3.29e+00,-8.97e-01
3.84e+00,2.81e+00
4.24e+00,1.10e+00
2.35e+00,4.14e+00
3.90e+00,1.58e+00
3.06e+00,3.57e+00
2.01e+00,1.59e+00
5.19e+00,4.70e+00
2.14e+00,8.97e-01
2.57e+00,-1.07e+00
2.25e+00,1.80e+00
3.77e+00,3.28e+00
2.59e+00,2.63e+00
6.56e+00,3.14e+00
2.06e+00,-1.17e-01
4.27e+00,2.85e+00
3.31e-01,4.27e-01
4.19e+00,5.14e+00
2.91e+00,-1.32e-01
3.46e+00,9.92e-01
6.43e+00,2.95e+00
4.86e+00,5.95e-02
4.00e+00,4.79e+00
5.39e+00,2.85e+00
1.07e+00,7.39e-01
7.32e+00,2.91e+00
4.79e+00,1.75e+00
3.74e+00,9.58e-01
7.22e+00,8.87e-01
1.78e+00,4.51e+00
2.01e+00,9.10e-02
3.40e+00,2.89e+00
2.55e+00,1.40e+00
3.25e+00,3.14e+00
4.83e+00,1.31e+00
6.48e+00,-2.14e+00
4.27e+00,1.32e+00
5.29e+00,3.55e+00
1.15e+00,1.90e+00
1.94e-01,-8.38e-01
1.28e+00,-6.21e-01
4.65e+00,6.06e-01
9.31e+00,-1.46e-01
5.66e+00,4.68e+00
6.26e+00,3.25e+00
3.85e+00,-4.92e-01
5.93e+00,1.33e+00
4.98e+00,7.15e-01
2.12e+00,4.77e+00
5.22e+00,1.40e+00
1.20e+00,-1.16e-01
4.17e+00,3.04e+00
1.76e+00,2.60e+00
4.76e+00,4.10e+00
3.39e+00,-7.02e-01
2.82e+00,2.38e+00
3.18e+00,1.26e+00
8.13e-01,2.53e+00
5.71e+00,4.72e-01
7.33e+00,-3.25e-01
-6.89e-02,1.95e+00
2.26e+00,6.48e-01
-9.47e-01,7.92e-01
6.39e+00,6.32e-01
6.08e+00,2.57e+00
2.68e+00,2.30e+00
5.59e+00,4.95e+00
6.36e+00,7.07e-01
2.86e+00,3.56e+00
3.34e+00,1.89e+00
5.83e+00,5.79e+00
6.73e+00,1.48e+00
3.07e+00,2.40e+00
5.56e+00,1.41e+00
2.05e+00,-1.58e+00
4.63e+00,3.13e+00
4.36e+00,1.45e+00
2.41e+00,2.96e+00
2.21e+00,4.52e+00
4.59e+00,3.72e-01
