6.88e+00,3.84e+00
5.01e+00,-8.10e-01
1.23e+01,7.05e+00
9.07e+00,2.47e+00
5.89e-01,3.49e+00
1.21e+00,3.11e+00
2.55e-02,1.22e+00
6.58e+00,6.22e+00
6.88e+00,-6.70e-01
9.35e+00,-1.89e+00
1.10e+00,5.41e+00
5.47e+00,1.59e+00
7.84e+00,2.85e+00
2.33e+00,2.10e-01
4.07e+00,1.78e+00
5.97e+00,2.21e+00
6.28e+00,4.13e+00
5.11e+00,3.03e+00
3.14e+00,8.93e+00
1.28e+01,8.32e+00
8.16e+00,3.74e+00
5.59e+00,1.27e+00
8.55e-01,6.42e-01
4.65e+00,2.79e+00
7.17e+00,8.07e-01
2.31e+00,4.47e+00
7.38e+00,1.65e+00
-1.58e+00,-7.24e-01
4.58e+00,3.18e+00
5.74e+00,3.19e+00
6.00e+00,1.37e+00
6.95e+00,-2.83e-02
5.60e+00,3.72e+00
6.66e+00,2.50e-01
1.05e+01,5.96e+00
-2.67e-01,8.64e-01
2.61e+00,-3.55e+00
8.01e+00,-5.69e-01
4.76e+00,5.57e+00
4.78e+00,7.35e+00
8.62e+00,1.28e+00
4.13e+00,4.70e-01
-3.63e-01,5.13e-01
6.43e-01,2.43e+00
1.13e+01,2.30e+00
7.55e+00,4.27e+00
6.20e+00,1.06e+00
5.08e+00,-2.90e+00
8.25e+00,2.64e+00
1.06e+01,-3.71e-01
1.21e+01,1.66e+00
1.40e+00,7.71e+00
6.15e+00,8.25e+00
7.46e+00,4.96e+00
1.52e+00,-2.22e+00
2.05e+00,2.41e+00
4.75e+00,2.75e+00
6.57e+00,8.60e-01
-5.41e-01,3.79e+00
3.97e+00,-1.16e-01
3.34e+00,1.39e+00
8.22e+00,4.88e+00
7.72e+00,1.27e+00
3.10e+00,3.13e+00
6.02e+00,1.91e+00
2.98e-01,4.89e+00
9.32e+00,1.02e+00
5.27e+00,1.61e+00
5.00e+00,-1.02e+00
-8.37e-01,-1.48e+00
5.96e+00,2.57e+00
1.40e+00,2.84e+00
7.03e-01,3.96e+00
1.02e-01,6.81e+00
4.43e+00,5.33e+00
3.34e+00,2.01e+00
4.64e+00,5.80e+00
7.20e+00,2.50e+00
1.03e+01,5.40e+00
8.25e+00,3.23e+00
1.01e+00,3.32e+00
7.25e+00,3.38e+00
1.02e+01,3.95e+00
2.41e+00,9.27e-01
1.52e-01,6.19e+00
8.17e+00,5.80e+00
5.95e+00,4.74e+00
5.69e+00,5.66e+00
7.16e+00,3.04e+00
4.97e+00,8.30e-01
8.42e+00,2.06e+00
7.14e+00,6.17e+00
6.36e+00,4.07e-01
4.08e+00,7.53e-01
-1.41e+00,6.99e+00
5.88e+00,3.55e+00
1.03e+01,2.06e+00
8.88e+00,5.54e+00
2.42e+00,5.53e+00
4.29e+00,2.22e+00
8.53e-01,1.23e-01
5.27e+00,5.29e+00
2.36e+00,-1.20e+00
5.22e+00,-3.10e+00
3.99e+00,-5.31e-01
1.67e+00,3.71e-01
1.36e+00,1.14e+00
-3.97e-01,4.73e+00
5.56e+00,8.34e+00
7.84e+00,3.06e+00
6.72e+00,5.04e-01
2.70e+00,6.50e+00
2.99e+00,6.40e+00
1.49e+00,-1.66e+00
4.64e+00,4.15e-01
1.09e+01,2.99e+00
1.34e+01,2.63e+00
7.05e+00,4.63e+00
3.67e-01,-1.71e+00
5.83e+00,3.19e+00
4.46e+00,3.78e-01
1.25e+00,-1.56e+00
7.07e+00,-2.98e+00
9.37e+00,7.12e+00
3.61e+00,2.60e+00
5.85e+00,4.96e+00
8.62e+00,2.21e-01
7.88e+00,1.40e-01
2.60e+00,-3.66e+00
3.32e+00,-2.81e+00
1.81e+00,9.84e-02
1.08e+01,-6.61e-01
5.71e+00,6.59e+00
7.16e+00,2.58e+00
1.73e+00,3.94e+00
3.39e+00,3.95e+00
4.12e+00,3.33e+00
3.97e+00,3.69e+00
1.27e+01,-9.52e-01
8.26e+00,7.14e+00
2.81e+00,5.20e+00
7.34e+00,1.61e+00
4.46e+00,2.65e+00
8.26e+00,3.47e+00
6.37e+00,6.42e+00
6.56e+00,3.72e+00
1.80e+00,1.79e+00
1.64e+00,2.99e+00
3.51e+00,2.38e+00
1.94e+00,4.99e-01
5.62e+00,2.20e+00
2.34e+00,1.85e+00
4.57e+00,7.63e+00
4.43e+00,2.76e+00
5.30e+00,1.33e+00
2.91e+00,-1.22e+00
-2.96e-01,3.42e+00
1.48e+00,5.03e+00
4.36e+00,3.62e+00
5.90e+00,8.59e-01
6.69e+00,5.02e+00
7.18e+00,3.75e+00
1.69e+00,3.13e+00
5.47e+00,2.70e+00
4.26e+00,3.25e-01
1.15e+01,2.06e+00
4.31e+00,2.28e-01
3.46e+00,-3.75e+00
3.58e+00,-1.37e+00
5.46e+00,5.82e+00
6.36e+00,4.47e+00
-4.07e+00,-4.51e-01
8.22e+00,1.91e-01
1.30e+00,4.93e+00
7.61e+00,1.27e+00
