-4.49e+00,-4.95e-01,4.09e+00
7.42e+00,1.34e+01,3.15e+00
-4.81e+00,1.19e+00,1.08e+01
-4.48e+00,-4.79e-01,7.12e+00
3.51e+00,8.51e+00,-9.46e-03
-3.22e+00,1.78e+00,9.34e+00
7.67e+00,9.67e+00,6.34e+00
-6.26e+00,-1.26e+00,2.91e+00
3.35e+00,6.35e+00,1.80e+00
7.01e+00,1.30e+01,1.04e+01
5.37e+00,7.37e+00,1.79e+00
-4.31e+00,1.69e+00,-1.01e-01
-6.34e+00,-3.34e+00,1.26e+00
1.13e+00,4.13e+00,5.47e+00
8.39e+00,1.44e+01,4.45e+00
-3.75e+00,1.25e+00,1.07e+01
1.28e+01,1.78e+01,7.82e+00
7.71e+00,1.37e+01,-1.23e-02
-4.70e+00,2.96e-01,-4.67e-01
-4.49e-01,1.55e+00,5.03e+00
-5.59e+00,-2.59e+00,2.40e+00
-2.37e+00,-3.66e-01,-1.52e+00
2.54e+00,8.54e+00,3.88e-01
-8.70e+00,-4.70e+00,2.55e-01
2.70e+00,7.70e+00,-6.33e+00
-5.64e+00,-3.64e+00,3.99e+00
-1.91e+00,4.09e+00,9.17e+00
-2.50e-01,5.75e+00,3.91e+00
9.67e+00,1.37e+01,-8.20e-01
1.03e+00,7.03e+00,1.22e+01
6.24e-01,5.62e+00,6.16e+00
6.09e+00,1.11e+01,9.45e+00
-3.44e-01,4.66e+00,7.20e+00
-2.39e+00,2.61e+00,1.10e+01
-1.02e+00,2.98e+00,6.83e+00
4.96e+00,1.10e+01,3.34e-01
-4.87e+00,-2.87e+00,8.74e+00
-6.97e+00,-3.97e+00,2.24e+00
-4.38e+00,1.62e+00,1.81e+01
2.85e-01,3.29e+00,7.30e+00
6.89e+00,1.09e+01,-5.71e+00
-2.29e+00,1.71e+00,-2.78e+00
1.24e+01,1.74e+01,1.07e+01
9.23e-01,5.92e+00,8.40e+00
8.03e-01,2.80e+00,-4.10e+00
-1.12e+01,-8.19e+00,-2.64e+00
1.52e+00,4.52e+00,9.46e+00
8.48e+00,1.25e+01,6.85e+00
6.76e+00,8.76e+00,-1.20e+00
2.44e+00,5.44e+00,1.77e+00
-6.25e+00,-2.52e-01,5.50e+00
4.28e+00,1.03e+01,2.58e+00
5.48e+00,1.15e+01,-2.25e+00
-3.37e+00,6.27e-01,1.18e+01
5.69e+00,1.17e+01,9.50e+00
1.71e+00,7.71e+00,1.69e+01
-1.10e+00,1.90e+00,2.10e+01
-6.20e+00,-2.20e+00,7.37e+00
6.81e+00,1.28e+01,6.71e+00
5.33e+00,1.13e+01,2.80e+00
2.07e+00,7.07e+00,6.82e+00
-1.84e+00,4.16e+00,3.22e+00
4.54e+00,7.54e+00,1.45e+01
5.53e-01,3.55e+00,9.11e-01
-4.59e+00,4.06e-01,8.09e+00
-3.05e-01,5.70e+00,1.35e+01
4.88e-01,4.49e+00,1.07e+01
-5.59e+00,-2.59e+00,9.00e+00
-1.02e+00,3.98e+00,1.56e+00
3.70e+00,6.70e+00,9.54e+00
3.97e+00,5.97e+00,-3.38e+00
-5.89e-01,2.41e+00,-3.34e+00
-3.04e+00,2.96e+00,7.14e+00
3.72e+00,8.72e+00,5.07e+00
-8.19e-01,4.18e+00,-3.49e+00
-5.00e+00,-3.00e+00,9.56e+00
2.19e-01,5.22e+00,8.74e+00
-6.86e+00,-1.86e+00,1.12e+01
-2.84e+00,2.16e+00,1.05e+01
-1.81e+00,1.19e+00,1.72e+01
-8.46e-02,5.92e+00,4.11e+00
-1.18e-01,1.88e+00,8.77e+00
7.11e-01,2.71e+00,-7.24e+00
4.94e+00,9.94e+00,3.58e+00
-5.85e-02,1.94e+00,6.69e+00
2.09e+00,7.09e+00,4.45e+00
3.16e+00,9.16e+00,5.12e+00
1.28e+01,1.58e+01,1.06e+01
5.22e+00,1.02e+01,3.71e+00
-3.05e+00,9.55e-01,1.32e+01
-9.07e-01,5.09e+00,4.67e+00
-2.51e+00,3.49e+00,7.42e+00
-8.87e-01,3.11e+00,8.23e+00
1.34e-03,3.00e+00,-8.18e-01
-2.51e+00,2.49e+00,1.19e+01
4.22e+00,9.22e+00,3.95e+00
4.07e+00,1.01e+01,9.17e+00
4.08e+00,8.08e+00,1.07e+01
2.12e+00,6.12e+00,5.34e-01
-2.48e+00,1.52e+00,6.26e+00
2.65e+00,6.65e+00,5.45e+00
9.99e+00,1.60e+01,1.01e+01
-2.21e+00,-2.12e-01,2.45e+00
6.58e+00,1.26e+01,1.19e+01
3.85e+00,8.85e+00,1.45e+01
-6.00e+00,-9.98e-01,8.70e+00
5.14e+00,9.14e+00,8.54e+00
1.87e+00,5.87e+00,4.30e+00
-3.99e+00,1.01e+00,3.13e+00
-2.55e+00,4.47e-01,2.46e-02
-3.01e+00,-1.01e-02,4.45e+00
6.33e+00,1.23e+01,-2.23e+00
8.91e+00,1.09e+01,-1.76e+00
6.57e+00,8.57e+00,4.14e+00
2.11e+00,4.11e+00,3.71e+00
1.09e+01,1.39e+01,1.19e+01
7.01e+00,1.10e+01,5.29e+00
-3.52e+00,1.48e+00,-4.89e+00
1.43e+01,1.83e+01,5.57e+00
4.20e+00,7.20e+00,-2.92e+00
-1.18e+00,2.82e+00,6.95e+00
8.12e+00,1.01e+01,7.35e-01
-1.04e+01,-8.38e+00,-2.91e+00
-1.94e+00,2.06e+00,5.13e+00
-1.60e-01,2.84e+00,-7.83e-01
7.54e+00,9.54e+00,8.60e+00
3.54e+00,5.54e+00,8.14e+00
-3.43e+00,2.57e+00,8.75e+00
-2.70e-01,2.73e+00,4.81e+00
-8.10e-01,4.19e+00,9.27e+00
-5.95e+00,-3.95e+00,-3.70e+00
1.70e+00,6.70e+00,1.14e+01
2.25e+00,5.25e+00,-1.98e+00
1.47e+00,5.47e+00,-3.89e+00
1.61e+00,4.61e+00,6.74e+00
6.05e-01,3.61e+00,3.52e+00
-4.11e+00,-1.11e+00,9.40e+00
-2.14e+00,1.86e+00,-5.25e+00
-7.63e+00,-5.63e+00,3.54e+00
-3.04e+00,9.61e-01,3.00e-01
8.79e+00,1.18e+01,1.84e+00
6.41e+00,8.41e+00,-1.62e+00
-1.69e-02,5.98e+00,8.39e+00
9.57e-01,4.96e+00,7.06e+00
-2.25e+00,1.75e+00,5.91e+00
4.47e+00,7.47e+00,7.79e-01
-4.46e+00,-1.46e+00,7.14e+00
-2.12e+00,2.88e+00,-1.86e+00
-4.78e-01,1.52e+00,1.38e+01
2.94e-01,6.29e+00,9.98e-01
2.31e+00,7.31e+00,1.05e+01
-7.68e-01,2.23e+00,1.26e+01
5.80e-01,6.58e+00,5.33e+00
-9.36e+00,-7.36e+00,1.25e+01
1.88e+00,7.88e+00,3.19e+00
-2.95e-01,3.70e+00,4.08e+00
2.87e+00,8.87e+00,2.55e+00
4.58e+00,7.58e+00,1.39e+01
5.70e+00,9.70e+00,1.21e+01
2.01e+00,6.01e+00,7.33e+00
-4.79e-01,3.52e+00,6.96e-01
-5.49e+00,-2.49e+00,3.41e+00
9.75e-01,6.98e+00,7.03e+00
-4.21e+00,7.87e-01,6.29e+00
7.91e+00,1.09e+01,3.05e+00
5.20e+00,7.20e+00,1.11e+01
-7.91e+00,-1.91e+00,1.15e+01
-3.53e-01,1.65e+00,1.00e+01
5.62e+00,7.62e+00,7.81e+00
-2.08e+00,3.92e+00,9.84e+00
2.91e+00,6.91e+00,2.48e+00
3.72e+00,6.72e+00,1.09e+01
9.88e+00,1.39e+01,4.40e+00
7.88e+00,1.29e+01,6.33e+00
2.70e+00,5.70e+00,4.02e-02
1.09e+01,1.59e+01,5.89e+00
2.19e+00,7.19e+00,8.85e+00
1.40e+01,1.70e+01,1.11e+01
4.50e+00,8.50e+00,9.58e+00
6.58e+00,1.06e+01,9.08e+00
6.07e+00,1.01e+01,4.09e+00
1.64e+00,3.64e+00,-3.91e+00
-2.62e+00,-6.15e-01,2.64e+00
-2.45e+00,5.48e-01,5.21e+00
-3.30e+00,-1.30e+00,6.07e+00
3.88e+00,7.88e+00,2.85e+00
-4.20e+00,7.99e-01,-2.42e+00
4.47e+00,6.47e+00,6.17e-01
3.11e+00,7.11e+00,1.36e+01
-2.89e+00,-8.91e-01,7.03e+00
3.52e+00,9.52e+00,8.67e+00
1.39e+00,3.39e+00,-2.73e-01
-3.89e+00,1.11e+00,7.86e-01
-6.00e+00,-3.00e+00,4.93e+00
-1.15e+00,8.53e-01,6.87e-01
3.65e+00,8.65e+00,2.21e+00
-3.76e+00,2.24e+00,4.94e+00
-2.42e+00,3.58e+00,-3.22e+00
3.57e+00,5.57e+00,-5.31e+00
3.49e+00,7.49e+00,1.25e+00
-4.34e+00,-2.34e+00,7.45e+00
1.53e+00,4.53e+00,1.03e+01
-3.68e+00,3.20e-01,2.37e+00
2.45e+00,4.45e+00,-9.12e-01
1.59e+00,4.59e+00,3.23e+00
4.87e+00,9.87e+00,1.54e+00
2.22e-02,6.02e+00,5.03e+00
-1.55e+00,1.45e+00,8.02e+00
3.03e+00,7.03e+00,-3.37e-02
-5.03e+00,9.68e-01,1.21e+01
8.36e+00,1.44e+01,9.02e+00
4.15e+00,8.15e+00,5.56e+00
7.51e+00,1.05e+01,-7.55e+00
-6.67e+00,-6.74e-01,2.83e+00
-4.27e+00,-2.66e-01,2.78e+00
-6.06e+00,-1.06e+00,1.26e+01
-4.93e+00,6.86e-02,1.10e+01
-5.90e-01,2.41e+00,9.85e+00
1.06e+00,7.06e+00,6.17e+00
4.52e+00,7.52e+00,-1.44e+00
-5.45e+00,-4.53e-01,8.87e+00
-4.76e+00,-1.76e+00,8.70e+00
-1.78e+00,3.22e+00,2.74e+00
4.16e+00,9.16e+00,3.01e+00
-5.51e+00,-3.51e+00,1.16e+01
4.58e+00,6.58e+00,8.79e+00
-1.43e+00,4.57e+00,4.51e+00
4.90e+00,9.90e+00,4.61e+00
1.75e+00,6.75e+00,-4.73e+00
3.36e+00,6.36e+00,8.22e+00
1.28e+01,1.58e+01,1.49e+00
-3.15e+00,-1.52e-01,9.40e-01
-4.14e+00,1.86e+00,7.37e+00
1.55e+00,4.55e+00,-1.27e+00
2.59e+00,8.59e+00,1.40e+01
-1.61e+00,1.39e+00,8.74e+00
4.05e-01,3.41e+00,1.43e+00
-6.10e-01,2.39e+00,4.94e-01
2.68e-02,2.03e+00,5.19e-01
-6.81e+00,-4.81e+00,-7.54e+00
-2.69e+00,1.31e+00,4.48e+00
6.31e+00,1.13e+01,2.40e+00
-2.87e+00,1.13e+00,2.32e+00
-1.28e+01,-8.81e+00,8.11e+00
8.25e+00,1.03e+01,2.27e-01
9.51e+00,1.35e+01,6.29e+00
9.51e+00,1.55e+01,-1.41e+00
2.82e+00,8.82e+00,-9.25e-01
-1.95e+00,4.05e+00,5.97e+00
-2.76e-02,4.97e+00,1.15e+01
