7.333677e+00,1.793032e+00
4.075815e+00,3.244763e+00
7.893776e+00,3.580527e-01
3.919310e+00,5.958239e-02
5.718425e+00,3.040407e+00
5.296120e+00,7.056589e-01
5.868917e+00,7.581006e-01
4.463883e+00,1.318723e+00
4.569536e+00,3.396193e+00
6.036671e+00,6.512868e-01
1.897698e+00,-1.198766e+00
4.820070e+00,2.188978e+00
5.437150e+00,1.677725e+00
3.688951e+00,1.926201e+00
3.730973e+00,1.432788e+00
6.145660e+00,1.164330e+00
4.310146e+00,3.759842e-01
4.612894e+00,-1.234326e+00
4.451330e+00,3.562512e-01
3.608606e+00,1.630227e+00
5.737801e+00,1.349862e+00
3.939702e+00,1.664937e+00
4.351323e+00,1.513931e+00
4.720713e+00,8.758659e-01
4.799797e+00,2.428073e+00
3.828609e+00,1.863452e+00
3.713432e+00,2.109829e+00
3.930293e+00,3.810330e-01
8.022533e+00,2.510254e-01
2.711808e+00,2.006636e+00
3.998382e+00,1.876622e+00
2.562064e+00,4.880438e-01
4.033961e+00,-2.133439e+00
5.243187e+00,1.453580e+00
4.263611e+00,2.490083e+00
4.777989e+00,2.520818e-02
4.210653e+00,2.186106e+00
3.511404e+00,2.091565e+00
2.933474e+00,4.964153e-01
2.874830e+00,2.135695e+00
7.306239e+00,2.003788e+00
3.186174e+00,1.639129e+00
2.234890e+00,2.836906e+00
6.017032e+00,9.233633e-01
2.471748e+00,2.076242e+00
4.026551e+00,-1.312876e+00
5.093499e+00,1.683991e+00
3.532293e+00,1.987349e+00
6.328602e+00,2.034140e+00
4.833894e+00,7.299023e-01
3.927725e+00,3.017105e-01
4.035158e+00,1.325650e+00
5.580533e+00,2.212734e+00
5.315115e+00,2.592104e+00
5.540631e+00,2.106739e+00
3.935137e+00,1.334329e+00
4.350602e+00,3.074201e+00
4.708471e+00,-8.474515e-01
4.107430e+00,-1.086652e-01
3.838678e+00,-2.551897e-01
3.281413e+00,2.051276e+00
3.182104e+00,-3.589642e-01
3.425776e+00,8.390263e-01
3.608926e+00,9.544490e-01
5.163853e+00,8.807999e-01
4.698597e+00,-2.409397e-01
1.955542e+00,-1.444074e-01
4.920031e+00,1.791252e+00
5.596694e+00,1.041104e+00
3.764204e+00,1.932989e+00
1.360468e+00,1.929344e+00
4.253603e+00,2.573207e+00
9.641340e-01,7.576543e-01
3.089739e+00,1.076506e+00
6.109077e+00,6.764431e-01
5.096896e+00,2.228908e+00
3.893532e+00,1.275879e+00
5.398483e+00,1.291895e+00
2.782670e+00,7.581640e-01
5.701079e+00,1.171877e+00
4.539918e+00,8.766538e-01
4.408735e+00,9.474036e-01
3.960851e+00,-3.750340e-01
2.787806e+00,1.677290e+00
4.840018e+00,1.244651e+00
3.205761e+00,5.313518e-01
3.607738e+00,7.848167e-01
1.825098e+00,1.219306e+00
5.633763e+00,7.683068e-01
3.524854e+00,3.477459e-01
4.914341e+00,3.338225e+00
3.613561e+00,2.803308e+00
3.066594e+00,9.959639e-01
5.810967e+00,1.541230e-01
4.006223e+00,2.393019e-01
5.994207e+00,8.592865e-01
4.671128e+00,-3.810727e-01
5.476908e+00,2.282352e+00
3.394641e+00,7.937278e-01
4.023929e+00,8.286248e-01
5.742927e+00,9.429816e-01
5.267693e+00,1.338690e+00
4.958540e+00,2.704601e+00
4.555542e+00,2.566063e+00
3.159345e+00,1.859461e+00
4.604240e+00,1.592136e+00
5.597941e+00,9.481293e-01
4.925741e+00,9.739819e-01
4.203848e+00,-8.788237e-02
4.158232e+00,2.486585e+00
6.603101e+00,2.216522e+00
3.771868e+00,6.571286e-01
4.399514e+00,-4.380371e-01
3.614170e+00,1.372985e-01
3.270382e+00,-1.049498e+00
1.814355e+00,1.697237e+00
2.360463e+00,1.405668e+00
3.777002e+00,2.901901e+00
4.430845e+00,9.960961e-01
5.371681e+00,-8.851977e-02
5.148606e+00,1.352865e+00
4.217748e+00,3.694724e-02
4.272137e+00,-1.943016e+00
4.183218e+00,-1.073208e+00
4.187315e+00,1.987340e+00
7.852563e+00,-5.491388e-01
3.758337e+00,3.382634e+00
6.148818e+00,-8.654795e-01
2.478169e+00,9.390269e-01
4.269980e+00,1.710147e+00
4.222336e+00,-1.291814e+00
6.608776e+00,9.000934e-01
4.866039e+00,2.527957e+00
4.400632e+00,1.509550e+00
5.001343e+00,-7.859117e-02
5.222972e+00,8.907315e-01
5.343485e+00,2.200899e+00
6.245126e+00,-8.276504e-02
4.684476e+00,6.783111e-01
5.179540e+00,6.997246e-01
4.471385e+00,4.136905e-01
6.052772e+00,3.422270e-01
4.123054e+00,2.055582e+00
3.979710e+00,-8.716277e-01
5.185176e+00,1.567160e+00
5.308661e+00,4.305836e+00
2.790807e+00,1.728482e+00
5.922591e+00,-1.964365e-02
3.406377e+00,1.320573e+00
3.242257e+00,8.464721e-01
3.484235e+00,-1.044723e+00
2.897378e+00,1.054242e+00
5.237894e+00,6.989665e-01
4.983403e+00,1.110232e+00
4.195717e+00,1.469842e+00
4.403145e+00,3.492545e+00
3.437464e+00,1.119284e+00
3.647824e+00,1.322198e+00
5.337763e+00,1.274002e+00
5.887831e+00,7.833423e-01
4.973568e+00,6.227232e-01
4.817643e+00,1.581165e+00
4.588321e+00,7.753411e-01
2.037638e+00,1.033940e+00
6.682317e+00,8.962557e-01
3.947693e+00,1.048522e-01
3.963728e+00,1.862032e+00
2.829556e+00,2.118737e+00
3.385034e+00,1.065765e+00
6.308591e+00,1.651538e+00
4.785394e+00,1.588586e+00
5.708170e+00,3.303006e-01
3.862758e+00,6.340644e-01
5.264667e+00,1.059950e+00
5.898757e+00,4.385804e-01
5.659484e+00,3.353134e+00
2.289635e+00,1.608766e+00
4.259202e+00,2.878758e-01
4.082370e+00,5.669711e-01
3.482141e+00,1.354631e+00
3.847230e+00,2.040438e+00
6.040209e+00,2.436796e+00
2.659347e+00,-3.019987e-01
2.956451e+00,1.232658e+00
5.384004e+00,2.003289e+00
5.790791e+00,1.922783e+00
4.915503e+00,-1.091787e-01
3.725050e+00,8.143246e-01
4.872164e+00,-2.543783e-01
3.751516e+00,2.389565e-01
5.569689e+00,-7.140917e-02
3.844599e+00,6.072321e-01
5.539906e+00,1.540107e+00
4.379807e+00,5.984732e-01
4.343129e+00,-1.658590e-02
3.236291e+00,2.528970e+00
3.213617e+00,1.038699e+00
3.756574e+00,2.575685e-01
4.942780e+00,2.038464e+00
4.278279e+00,-1.401595e+00
3.635811e+00,2.002768e+00
4.141424e+00,8.441086e-01
8.237969e+00,2.561368e+00
4.692460e+00,1.517210e+00
1.751053e+00,-1.351941e+00
5.419803e+00,1.797493e-01
2.842915e+00,-6.225547e-01
4.751179e+00,1.606655e+00
5.884319e+00,9.698134e-01
4.795792e+00,-1.696662e-01
4.005394e+00,1.294782e+00
5.348338e+00,-2.380164e-01
5.100295e+00,-3.486612e-01
3.994857e+00,1.603264e+00
5.544298e+00,3.630873e-01
4.106749e+00,-1.359473e-01
2.381124e+00,1.333477e+00
3.193643e+00,1.863693e+00
4.721151e+00,1.084777e+00
3.829468e+00,2.137194e+00
3.728962e+00,9.781504e-01
4.943095e+00,6.380338e-01
6.383921e+00,2.148805e+00
5.808790e+00,-3.182411e-01
4.366597e+00,2.781031e+00
4.184505e+00,2.533669e+00
4.625140e+00,1.992923e+00
3.488430e+00,1.490718e+00
2.619810e+00,2.482539e+00
4.779726e+00,1.859103e-01
3.825241e+00,-4.550212e-01
3.665492e+00,-8.282302e-01
5.063744e+00,1.273155e+00
3.576982e+00,-3.463428e-01
3.172519e+00,1.348083e+00
5.688644e+00,3.606810e+00
3.665615e+00,5.304312e-01
4.490248e+00,1.398487e+00
2.733993e+00,2.576594e+00
2.464826e+00,1.058368e+00
4.076194e+00,1.035979e+00
3.930516e+00,9.199258e-01
5.018403e+00,2.023790e+00
3.215761e+00,3.339808e+00
2.043564e+00,7.704795e-01
3.674272e+00,1.691288e+00
4.258576e+00,2.468281e+00
4.902215e+00,4.412432e-01
4.694096e+00,1.455099e+00
6.067448e+00,-8.296535e-02
4.851351e+00,5.618861e-01
2.862211e+00,3.726396e+00
4.256481e+00,2.574093e+00
5.096695e+00,2.087675e+00
4.181938e+00,-8.114381e-01
2.980265e+00,5.745462e-02
3.683956e+00,3.298512e-02
6.206439e+00,7.119017e-01
3.662322e+00,9.121940e-01
4.115833e+00,3.361764e-01
1.945010e+00,7.563328e-01
5.765254e+00,2.014946e+00
4.919682e+00,2.610464e+00
3.552462e+00,2.395842e-01
7.547282e+00,1.691555e+00
4.575586e+00,-6.658834e-02
4.858533e+00,2.328675e+00
4.063028e+00,9.029005e-01
6.932398e+00,1.300550e+00
6.771835e+00,4.527969e-02
4.776424e+00,7.123051e-01
4.816109e+00,-5.323028e-01
4.305976e+00,2.521275e+00
4.850818e+00,1.323896e+00
4.009448e+00,-5.253845e-01
3.573853e+00,1.857400e-01
5.072220e+00,-3.529282e-01
4.589017e+00,8.153214e-01
3.380885e+00,5.422748e-01
6.396884e+00,2.556611e+00
5.808446e+00,9.496796e-01
4.237292e+00,3.028284e+00
4.185431e+00,2.269597e+00
5.235094e+00,1.382970e+00
4.029378e+00,2.192466e+00
4.057616e+00,-8.666881e-01
3.205272e+00,1.250343e+00
5.276597e+00,7.761474e-01
5.865821e+00,2.643414e-01
7.706843e+00,2.269325e+00
4.854734e+00,3.815195e-01
5.618642e+00,2.381210e+00
3.203633e+00,2.901398e-01
3.622224e+00,-7.023269e-01
7.307904e+00,1.791314e+00
7.584912e+00,2.038621e+00
4.482400e+00,1.273965e+00
5.446312e+00,2.243094e+00
5.441142e+00,1.954875e+00
2.935057e+00,7.298037e-01
5.085465e+00,2.228036e+00
4.724273e+00,1.072155e-01
3.774716e+00,-1.440556e+00
4.513009e+00,1.218282e+00
3.890014e+00,2.089096e+00
6.027361e+00,-1.628557e-01
4.868931e+00,2.206220e+00
5.791418e+00,1.297170e+00
5.498429e+00,8.144587e-01
6.373249e+00,-9.746976e-02
5.837827e+00,-1.538756e+00
4.087134e+00,6.691456e-01
4.073102e+00,2.177268e+00
3.659003e+00,2.795102e-01
4.439069e+00,2.727062e+00
5.062884e+00,6.949989e-01
4.940108e+00,1.518685e+00
4.651521e+00,2.151511e+00
4.469287e+00,2.075056e+00
5.913384e+00,5.886196e-01
6.468327e+00,2.958942e+00
5.595906e+00,1.958124e+00
1.197788e+00,-1.486269e-02
4.259478e+00,3.018754e+00
4.628427e+00,1.901434e+00
4.387066e+00,-2.206733e-01
3.732290e+00,-6.410511e-01
2.784046e+00,2.489097e+00
3.778167e+00,3.487836e-02
4.805092e+00,1.267506e-01
3.447439e+00,-1.682165e+00
6.795396e+00,2.097764e+00
4.177841e+00,1.680107e+00
5.993583e+00,2.199161e+00
4.546383e+00,2.436620e+00
4.314746e+00,-5.087707e-01
3.639707e+00,2.709199e+00
5.421419e+00,8.065664e-01
3.166991e+00,1.750145e+00
3.537030e+00,1.598590e+00
5.998359e+00,1.511106e+00
3.608542e+00,1.340832e+00
3.700178e+00,1.221814e+00
4.377380e+00,5.616458e-01
5.159714e+00,1.526748e+00
2.905869e+00,-6.174189e-02
4.437455e+00,2.180101e+00
3.117212e+00,4.335768e-01
7.527368e+00,1.214561e+00
5.224303e+00,2.110409e+00
4.416645e+00,2.269361e+00
2.284074e+00,2.951070e+00
7.370788e+00,-8.246742e-01
4.794983e+00,3.245500e+00
3.472958e+00,9.350106e-01
3.105760e+00,4.732157e-01
5.413999e+00,-3.304056e-01
4.375903e+00,6.717458e-01
2.435574e+00,7.983270e-01
5.745172e+00,1.225489e+00
2.018501e+00,9.442135e-01
4.180574e+00,-3.462418e-01
4.298539e+00,4.612705e-01
3.525685e+00,6.629324e-01
2.794218e+00,2.736710e+00
4.635715e+00,-5.310046e-01
5.977754e+00,1.970993e+00
5.724420e+00,1.354116e+00
2.560634e+00,1.815750e+00
4.856792e+00,2.215684e+00
5.888654e+00,1.495492e+00
3.777053e+00,2.166099e+00
3.927720e+00,2.255994e-01
4.079662e+00,1.860059e+00
3.411114e+00,6.250016e-01
3.795222e+00,1.625697e+00
1.375389e+00,2.540468e+00
6.750144e+00,-5.344830e-01
4.534383e+00,9.711112e-01
4.115052e+00,1.402112e+00
3.915930e+00,7.626784e-01
1.351138e+00,-2.978591e-01
3.472214e+00,8.886319e-01
5.121268e+00,2.068723e+00
1.666905e+00,1.013846e+00
4.613750e+00,2.180816e+00
4.019947e+00,1.326405e+00
4.632271e+00,6.436800e-01
2.586313e+00,1.047280e+00
6.003845e+00,-5.270139e-01
4.953719e+00,6.829582e-01
4.692162e+00,1.838711e+00
3.568508e+00,-1.325640e+00
3.894816e+00,7.394282e-01
3.333845e+00,7.892271e-01
5.260979e+00,5.309272e-01
4.717444e+00,1.025793e+00
3.468839e+00,7.878214e-01
4.150353e+00,2.199510e+00
5.410892e+00,-4.252839e-01
4.250063e+00,1.993702e+00
3.694472e+00,-8.761986e-02
3.171714e+00,-8.425476e-01
4.175561e+00,3.806993e-01
6.931719e+00,1.741716e+00
6.085236e+00,-1.715157e-01
5.223634e+00,2.831304e+00
3.247714e+00,1.547386e+00
5.858618e+00,-2.534531e-01
5.807261e+00,-3.239813e-01
5.185925e+00,-1.934093e-01
3.945468e+00,2.220991e+00
4.031431e+00,2.073031e+00
4.585874e+00,6.508334e-02
6.069589e+00,2.940152e-01
4.956841e+00,-1.588611e+00
6.630691e+00,6.771040e-01
4.962682e+00,3.611154e-02
4.563003e+00,2.088066e+00
4.353774e+00,5.131664e-01
5.249032e+00,-5.513360e-01
4.497750e+00,2.637657e+00
4.524729e+00,2.734971e+00
6.242591e+00,1.264957e+00
3.147319e+00,7.507284e-01
5.305970e+00,3.221544e+00
4.103653e+00,1.666709e+00
5.119188e+00,2.447878e+00
4.180822e+00,-2.226835e-01
4.932140e+00,1.958941e+00
4.297479e+00,-3.508453e-01
4.962852e+00,9.508174e-01
5.479686e+00,3.632294e-01
5.875420e+00,7.958262e-01
5.299403e+00,8.372359e-01
3.179514e+00,-1.267883e+00
5.730995e+00,1.229282e+00
4.770815e+00,4.314553e-01
5.720277e+00,3.321663e+00
3.658019e+00,-4.832893e-01
5.004012e+00,1.909702e+00
4.244766e+00,-2.303527e-01
3.370124e+00,2.199264e-03
6.433096e+00,7.664676e-01
5.630477e+00,5.251141e-01
5.587405e+00,1.345406e+00
5.525756e+00,2.169895e+00
4.815547e+00,2.694014e+00
5.308195e+00,2.275560e+00
4.306406e+00,-8.745800e-02
