7.85e+00,4.53e-01
5.62e+00,1.08e+00
8.42e-01,-1.50e+00
5.42e+00,2.51e+00
3.13e+00,4.23e+00
4.36e+00,2.88e-02
1.40e+00,4.14e+00
5.47e+00,1.63e+00
4.36e+00,1.38e+00
5.32e+00,8.03e+00
2.02e+00,1.13e+00
-7.95e-01,9.68e-01
1.02e+00,-2.30e+00
1.01e+00,3.80e+00
7.27e+00,2.85e+00
1.02e+00,4.57e+00
6.94e+00,1.08e+00
-3.14e-01,2.27e-02
2.87e+00,6.29e+00
4.72e+00,2.60e+00
4.59e+00,4.13e+00
5.65e+00,2.79e-01
6.46e+00,-1.34e-01
5.82e+00,4.77e+00
2.18e+00,5.15e+00
4.03e+00,5.86e+00
3.98e+00,8.97e+00
1.21e+01,7.91e-01
7.34e+00,3.03e+00
4.19e-01,5.09e+00
7.49e+00,5.19e+00
-1.47e+00,8.05e+00
1.19e+00,4.15e-01
7.75e+00,2.45e+00
4.27e+00,5.83e-03
3.02e+00,-7.94e-01
6.19e+00,9.69e-02
2.05e+00,2.56e+00
-1.32e+00,-2.36e+00
3.58e+00,-1.06e+00
5.76e+00,-6.48e-01
6.14e+00,2.87e+00
6.29e+00,-2.35e+00
6.18e+00,3.68e+00
6.10e+00,1.74e+00
7.01e+00,2.49e+00
1.11e+00,7.30e+00
2.19e+00,1.12e+00
4.95e+00,3.32e+00
6.36e+00,-3.71e-01
5.28e+00,-3.99e+00
2.56e+00,1.92e+00
1.82e+00,-9.73e-01
6.49e+00,-7.69e-01
2.22e+00,6.70e+00
3.66e+00,3.78e+00
1.36e+00,1.15e+00
2.49e+00,2.72e+00
5.44e+00,1.50e+00
2.56e+00,3.78e-01
3.43e+00,1.73e+00
-1.30e+00,2.84e+00
-1.76e-01,-2.71e-01
4.35e+00,5.34e+00
6.80e+00,6.05e+00
4.76e+00,3.85e+00
3.32e+00,5.82e-01
6.15e+00,3.38e+00
6.39e+00,2.64e+00
8.80e-03,6.65e-01
2.29e+00,2.68e+00
2.59e+00,1.34e+00
1.61e-01,2.12e+00
4.19e+00,1.24e+00
2.77e+00,8.87e-01
5.05e+00,2.81e+00
1.73e+00,1.48e+00
1.13e+00,1.88e+00
3.23e+00,5.37e-01
-5.88e-01,5.66e+00
-1.24e+00,-2.93e+00
3.30e+00,1.78e+00
-2.02e+00,6.81e+00
-3.08e-01,3.37e+00
2.13e+00,4.26e+00
4.66e+00,2.95e+00
4.96e+00,8.17e-01
3.10e+00,2.48e+00
2.32e+00,-4.83e-01
3.26e+00,-1.38e+00
6.46e+00,-1.69e+00
3.64e+00,3.82e+00
3.82e+00,7.06e+00
-4.07e-01,-2.50e-01
2.07e+00,4.18e-01
8.21e+00,6.40e+00
1.32e+00,2.06e+00
3.64e+00,7.92e+00
3.19e+00,4.52e+00
6.17e+00,3.07e+00
3.44e+00,-2.42e+00
6.00e+00,4.08e+00
3.42e+00,7.48e+00
1.20e+00,-1.23e+00
3.94e+00,-5.85e-01
3.95e+00,-1.46e+00
1.81e+00,4.48e+00
9.96e+00,5.88e+00
6.03e+00,2.74e+00
3.83e+00,7.54e-01
2.65e+00,-2.95e+00
3.62e-01,5.78e+00
3.67e+00,5.32e+00
5.77e+00,2.03e-01
2.70e+00,9.23e+00
7.43e+00,5.43e+00
5.92e+00,7.74e+00
4.70e+00,4.41e+00
4.37e+00,1.84e-01
5.59e+00,4.23e+00
2.82e+00,-4.49e+00
2.19e+00,7.69e-01
2.20e+00,5.28e+00
1.10e+01,4.01e+00
9.30e+00,1.20e-01
4.63e-01,6.60e+00
3.67e+00,3.44e+00
4.19e+00,1.92e+00
3.50e+00,5.19e+00
-1.55e+00,-4.11e-01
4.90e+00,-3.77e-01
2.28e+00,2.66e+00
2.70e+00,8.06e+00
6.87e+00,2.00e+00
5.98e+00,7.18e+00
-2.58e+00,-1.69e+00
2.17e-01,6.05e+00
-4.24e-01,5.42e+00
1.11e+00,3.26e+00
1.55e+00,1.94e+00
6.55e+00,3.89e+00
6.37e+00,4.53e+00
-6.86e-01,-2.09e-01
-1.87e+00,7.19e+00
3.29e+00,-3.61e+00
4.33e-01,4.30e+00
4.14e+00,6.57e-01
8.05e+00,1.26e+00
2.40e+00,-2.17e+00
4.03e+00,-5.69e-01
2.69e+00,3.60e+00
2.42e+00,8.79e+00
2.85e+00,6.01e+00
2.65e+00,2.42e+00
2.68e+00,7.07e+00
3.40e+00,5.61e-01
2.61e+00,2.96e+00
1.30e+00,2.13e+00
4.94e+00,3.73e+00
2.55e+00,4.11e+00
5.68e+00,-6.89e-01
6.05e+00,9.83e-01
6.47e+00,3.24e+00
6.74e+00,3.94e+00
6.43e+00,6.78e-01
4.42e+00,5.73e+00
8.63e+00,5.92e+00
8.25e+00,5.05e+00
4.16e+00,1.57e+00
5.71e+00,7.44e+00
-3.52e-01,2.87e+00
3.50e+00,-2.13e+00
4.38e+00,4.24e+00
-2.72e+00,2.22e+00
3.28e+00,3.06e+00
4.29e+00,1.95e+00
4.90e+00,3.58e+00
6.22e+00,5.13e+00
5.26e+00,1.60e+00
6.78e+00,6.48e+00
2.28e-01,2.50e+00
3.37e+00,2.28e+00
1.13e+00,2.49e+00
1.09e+01,-6.14e-03
3.55e+00,-3.46e-02
-5.11e-01,1.90e+00
1.05e+00,2.76e+00
5.30e+00,3.24e+00
6.07e+00,6.48e-01
3.78e+00,3.84e-01
3.45e+00,5.38e+00
8.10e+00,3.63e+00
3.21e+00,1.70e+00
3.56e+00,7.94e+00
5.15e+00,-1.96e+00
3.84e+00,4.49e+00
4.69e+00,-7.31e-02
-1.62e+00,6.33e+00
3.28e+00,6.20e+00
5.46e+00,2.71e+00
