6.54e+00,3.33e-01
1.51e+00,-1.92e+00
3.19e+00,-2.19e-01
-1.53e+00,2.14e+00
2.30e+00,5.37e-01
6.02e+00,3.93e-01
4.39e-01,2.27e+00
8.28e-02,-9.57e-01
1.57e+00,6.72e-01
3.95e+00,6.93e+00
5.75e+00,2.44e+00
5.33e+00,-3.03e-01
2.00e+00,3.11e+00
2.93e+00,1.42e+00
5.31e+00,3.10e+00
5.98e+00,4.77e+00
5.92e+00,3.26e+00
7.74e-01,2.56e+00
1.99e+00,3.91e+00
5.82e+00,6.41e+00
-1.04e+00,-8.68e-02
4.40e+00,3.99e-01
3.06e+00,-1.41e+00
-6.33e-01,1.50e+00
2.91e+00,-2.11e+00
4.32e+00,5.47e+00
2.70e+00,-5.86e-01
4.55e+00,2.49e+00
4.29e+00,1.40e+00
4.29e+00,3.60e+00
4.57e+00,-2.36e+00
2.91e+00,2.55e+00
2.87e+00,8.29e-01
3.72e+00,9.81e-01
1.44e+00,-1.20e+00
2.73e+00,1.80e+00
-6.26e-01,-9.53e-01
-9.60e-01,2.71e+00
8.20e+00,5.33e+00
-1.78e+00,1.53e+00
2.19e+00,-8.51e-01
8.02e+00,2.13e+00
7.60e+00,6.64e+00
2.53e+00,4.77e+00
6.06e+00,2.61e+00
-1.24e+00,9.99e-01
2.83e+00,-5.43e+00
1.10e+00,4.26e+00
6.80e+00,4.30e+00
7.35e+00,4.30e+00
6.47e+00,-2.89e-01
2.14e+00,2.14e+00
1.25e+00,-2.25e+00
1.62e+00,-2.88e+00
3.45e+00,7.30e-01
4.78e-01,9.51e+00
7.78e+00,3.08e+00
5.13e+00,1.86e+00
-9.92e-01,5.60e-01
6.00e+00,4.13e+00
3.09e+00,5.30e+00
2.22e+00,2.29e+00
1.96e+00,6.10e+00
3.38e+00,-1.11e+00
2.17e+00,2.28e+00
5.22e+00,-2.35e-01
3.96e+00,5.26e+00
4.97e+00,5.45e+00
4.05e+00,-3.76e-01
4.20e+00,2.02e+00
2.41e+00,1.32e+00
2.06e+00,2.89e+00
1.06e+01,5.74e+00
1.84e+00,1.00e+00
8.74e+00,4.21e+00
4.97e+00,3.15e+00
4.39e+00,4.49e+00
3.03e+00,9.83e-01
-3.71e+00,4.28e+00
6.14e+00,8.11e-01
5.00e+00,8.47e+00
1.35e+00,3.75e+00
2.82e+00,3.10e+00
4.03e+00,9.36e-01
4.83e+00,2.01e+00
3.19e+00,-6.20e-01
2.43e+00,2.78e+00
5.88e+00,-1.02e+00
1.13e+00,1.30e+00
3.28e-02,9.41e-01
8.94e+00,4.76e+00
2.27e+00,2.88e+00
-6.37e-01,2.12e+00
2.20e+00,6.66e+00
9.20e+00,4.87e+00
2.05e+00,3.25e-01
8.04e-01,-1.39e+00
2.94e-01,-3.78e-01
9.46e-01,3.21e+00
9.18e+00,6.83e-01
5.88e+00,-1.81e+00
5.03e+00,3.47e+00
4.06e+00,-1.60e-02
8.81e+00,-2.36e-01
7.69e+00,3.42e+00
5.76e+00,1.16e+00
-5.26e-01,3.98e+00
4.60e+00,3.25e+00
1.49e+00,-1.60e+00
-2.82e+00,3.16e-01
5.15e+00,3.05e+00
4.73e+00,2.95e+00
3.42e+00,-4.60e-01
-7.77e-01,2.53e+00
7.05e+00,5.45e+00
4.65e+00,6.47e-01
7.05e-01,6.50e-01
-1.01e+00,1.23e-01
2.64e+00,1.35e+00
5.82e+00,-9.43e-01
5.45e+00,6.54e+00
3.78e+00,5.72e+00
5.17e+00,2.36e+00
9.15e+00,6.24e+00
6.93e+00,2.44e+00
5.61e+00,2.92e+00
-1.63e+00,4.08e+00
5.21e+00,2.39e+00
3.67e+00,5.45e+00
3.33e+00,-6.56e-01
-1.81e+00,1.13e+00
6.55e+00,7.00e+00
9.59e-01,1.12e+00
7.60e+00,3.89e+00
5.66e+00,3.16e+00
7.73e+00,2.47e+00
4.28e+00,1.11e+00
3.26e+00,4.01e+00
4.48e+00,5.92e+00
2.81e+00,4.04e+00
4.45e-01,-2.02e+00
1.38e+00,-1.29e+00
4.63e+00,-9.18e-01
1.73e+00,6.79e-01
6.90e+00,5.82e+00
2.72e+00,6.39e+00
3.62e+00,5.49e+00
2.28e+00,9.71e-01
4.77e+00,8.97e-01
7.74e-01,3.32e-01
5.89e+00,4.73e+00
-2.25e+00,2.26e-01
7.47e+00,5.18e+00
2.93e+00,-2.39e-02
4.44e-01,2.80e+00
4.46e+00,5.24e+00
5.52e+00,3.29e+00
4.04e+00,1.97e+00
9.78e-01,-3.98e+00
7.92e+00,1.97e+00
2.44e+00,8.82e-01
-1.67e+00,2.50e-01
4.62e+00,1.82e+00
2.53e+00,-1.80e-01
6.45e+00,4.18e+00
-3.43e+00,4.55e-02
8.10e+00,5.40e+00
2.59e+00,2.55e+00
9.69e+00,4.90e+00
6.74e+00,3.16e+00
4.31e+00,6.76e+00
1.64e+00,3.80e-01
4.02e+00,3.13e+00
-3.31e+00,-1.03e+00
1.77e+00,-1.67e+00
