1.698159e-01,3.805257e+00
1.311708e+00,7.834151e+00
2.500552e+00,6.689703e+00
6.152211e+00,2.134388e+00
1.203062e+01,4.562118e+00
7.266149e+00,-1.334086e+00
-2.604293e+00,7.277950e+00
3.603424e+00,6.994190e+00
7.400338e+00,5.828627e-01
2.107139e+00,2.253394e+00
1.263923e+01,6.638485e+00
7.722587e+00,2.979645e+00
6.450269e+00,-1.644481e+00
7.572012e+00,3.945067e+00
6.818501e+00,6.179557e+00
3.958671e+00,5.153147e-01
6.840555e+00,7.641833e-01
3.695086e+00,6.434688e+00
-3.042946e+00,3.222289e+00
-3.543520e+00,1.781430e+00
4.145141e+00,1.286009e+01
4.995035e+00,5.762629e+00
5.430972e+00,-9.273826e-01
6.160712e+00,9.214682e+00
1.133939e+01,1.004977e+01
6.486018e+00,1.375342e+01
7.583009e+00,6.224306e+00
4.498275e+00,6.286100e+00
-6.557054e+00,-7.480270e-01
-7.595905e+00,-2.268140e-02
3.909096e+00,3.723150e+00
6.587037e+00,6.495821e+00
9.318185e-01,1.500677e-02
3.378594e+00,4.311872e+00
9.210082e+00,2.085435e+00
1.253608e+01,9.296488e+00
9.473897e+00,8.257377e+00
2.743945e+00,4.710495e+00
-3.786069e-01,2.149937e+00
-6.356136e+00,5.560366e-01
4.072124e+00,7.410301e+00
3.640153e+00,4.340736e+00
1.062652e+01,-5.903201e-01
1.151831e+01,3.092397e+00
9.330550e+00,-5.120143e+00
1.240164e+01,6.477377e+00
3.206318e+00,5.499711e+00
5.187443e+00,-1.693519e+00
9.238294e+00,7.746634e+00
5.173714e+00,1.152707e+01
4.234259e+00,9.838002e+00
-7.943723e-01,3.486293e+00
6.077252e+00,4.533243e+00
2.042169e+00,1.955950e-01
8.776957e+00,6.151543e+00
2.382755e+00,4.662727e+00
2.387023e-01,2.076415e+00
4.288541e+00,3.868587e-01
5.024605e+00,5.425802e+00
7.307781e+00,8.386266e+00
1.073164e+01,7.061555e+00
8.979165e+00,-3.019193e+00
8.273210e+00,5.060028e+00
-1.402814e+00,6.084834e+00
1.044520e+01,1.261450e-01
3.753112e+00,-1.496010e+00
5.454513e+00,-2.811308e-01
6.417939e+00,8.185596e+00
1.272297e+01,4.354034e+00
1.463674e+00,1.927831e+00
8.374099e+00,6.048154e+00
4.867941e+00,1.015936e+01
9.584514e+00,6.943869e+00
2.413761e+00,-1.086887e-02
4.426290e+00,6.156481e+00
5.858452e+00,9.907930e+00
3.870283e+00,5.115362e+00
1.565374e+00,7.782722e+00
1.993502e+00,-3.083091e+00
9.774396e+00,-7.347517e-01
5.587726e+00,8.852516e+00
6.039039e+00,1.105052e+01
1.185387e+01,4.631297e-01
6.169076e+00,4.267780e+00
8.423733e+00,7.661288e+00
5.689465e+00,-2.769924e+00
5.568794e+00,3.356627e-01
4.371078e+00,1.526206e+00
2.200329e+00,-4.071395e+00
1.041507e+01,3.043490e+00
1.165941e+01,4.649069e+00
1.258816e+00,2.888081e+00
7.331099e+00,7.851465e+00
1.063873e+01,9.230926e+00
6.419761e+00,-2.066100e+00
9.062448e+00,-8.671264e-01
4.581627e+00,7.102995e+00
1.560013e+01,1.133411e+01
8.740181e+00,9.669886e+00
7.192496e+00,3.652744e+00
4.649011e+00,1.332932e+01
-7.833596e+00,7.120234e+00
1.063167e+01,1.658145e+01
4.189828e+00,-5.899014e+00
4.859529e+00,-8.064344e-01
5.730979e+00,8.173000e+00
-1.719118e-01,-5.641967e+00
6.772849e+00,1.029878e+01
3.164377e+00,5.139460e-01
3.716574e+00,3.645434e+00
9.928592e+00,9.235346e+00
6.671632e+00,7.372483e-01
1.747473e+00,-3.190429e+00
5.024261e+00,4.833498e+00
6.740549e+00,5.226984e+00
1.614520e+00,1.453418e+01
6.716870e+00,5.567663e-01
6.461672e+00,1.131065e+01
2.759931e+00,7.214360e-01
1.312036e+00,3.455940e+00
1.248041e+01,5.410061e+00
4.892095e+00,6.046830e+00
4.175849e+00,1.494837e+00
3.794392e+00,3.579419e-01
6.268998e+00,4.721854e+00
6.746983e+00,4.707327e+00
4.213665e-01,7.304574e+00
1.136762e+01,6.066232e+00
4.448986e+00,9.704276e+00
5.339012e-01,7.080664e+00
7.017809e-01,2.144731e+00
-3.741121e+00,5.102870e+00
4.054134e+00,3.996468e-01
4.929912e+00,1.636354e+00
8.012594e+00,1.186672e+01
2.025249e+00,3.937262e+00
4.794526e+00,3.270623e+00
7.060909e+00,3.972906e+00
2.860734e+00,4.142916e+00
1.053977e+01,9.179905e+00
6.396538e+00,9.481739e+00
1.250053e+01,1.768581e+00
7.116205e+00,-2.454976e+00
-8.596401e-01,-1.586977e-01
8.075697e+00,5.692779e+00
4.714709e+00,1.147075e+01
4.262056e+00,4.797456e+00
-7.910902e-01,3.693480e+00
1.570045e+01,3.326121e+00
2.431285e+00,7.075318e+00
4.508523e+00,4.665955e+00
4.343854e+00,4.227316e+00
6.705497e+00,5.787485e+00
-2.731265e+00,2.088818e+00
5.431227e+00,2.802798e+00
9.193134e+00,-2.215034e+00
7.213946e-01,5.644767e+00
6.659881e+00,1.037729e+00
-1.338494e+00,5.750723e+00
7.825867e+00,2.420361e+00
2.993527e+00,3.602757e+00
1.971112e+00,3.628376e+00
7.369434e-01,1.448700e-01
7.795253e+00,1.023811e+01
4.400331e+00,1.180545e+00
8.058992e+00,5.594236e+00
5.790767e+00,2.386149e+00
1.564398e+00,-7.462078e-01
1.110502e+01,4.113563e+00
5.868480e+00,5.796433e+00
4.954978e+00,1.112193e+01
7.628775e+00,2.495956e+00
1.073469e+01,1.233793e+01
2.999109e+00,4.366244e+00
1.014797e+01,-3.339130e+00
1.202325e+01,5.469319e+00
8.446408e-01,6.565308e-01
6.986690e+00,6.898009e+00
7.656279e+00,3.084977e+00
1.101143e+01,7.812359e+00
8.882992e+00,4.151830e+00
2.245563e+00,-6.190531e-01
8.285372e+00,5.872008e+00
2.899507e+00,6.134960e+00
-8.182537e-02,5.474697e+00
7.402688e+00,1.473687e+00
1.306245e-01,2.435411e+00
8.534266e+00,3.748408e-02
2.716314e+00,3.975231e+00
6.778422e+00,7.563055e+00
-4.304368e+00,1.106744e+00
4.489346e+00,8.727240e+00
5.292560e+00,2.794232e+00
3.278246e+00,4.541337e+00
2.438777e+00,3.675644e+00
4.979083e+00,8.563638e+00
-4.392832e+00,-4.206517e+00
5.024632e+00,3.882315e+00
1.010398e+01,7.482396e+00
1.293530e+00,4.995094e+00
1.260617e+01,8.332362e+00
6.519646e+00,6.541807e+00
5.735898e+00,1.219912e+00
8.730393e+00,4.804981e-01
7.436477e+00,5.901467e+00
5.420260e+00,-8.084894e+00
1.110997e+01,8.782093e+00
4.552120e+00,2.376935e+00
2.429169e+00,-4.086137e+00
3.198432e+00,7.241281e-01
1.016572e+00,3.059631e+00
-4.352356e+00,-2.814874e+00
-6.214789e+00,-3.635583e+00
-2.247604e-01,9.504125e+00
1.028851e+01,1.809321e+00
4.347701e+00,2.704726e+00
5.326451e+00,4.115531e+00
4.500625e+00,3.367750e+00
1.151308e+01,-6.823806e+00
2.137972e+00,1.991809e+00
5.109074e+00,1.566474e+00
3.455030e+00,3.397658e+00
3.306983e+00,3.876993e+00
1.335115e+01,1.040029e+01
4.143721e+00,3.674449e+00
3.513858e+00,1.828590e+00
1.143018e+01,6.599372e+00
4.321105e+00,1.921826e+00
6.880555e+00,6.275729e+00
1.880223e+00,1.088119e+01
-1.952781e+00,1.640267e+00
8.699205e+00,4.484296e+00
5.215161e+00,5.339231e+00
1.443452e+01,-1.318881e+00
1.398621e+01,5.566778e+00
2.425264e-01,2.060242e+00
3.518924e+00,2.061644e+00
2.701708e+00,1.063595e+00
2.468295e+00,1.273420e+01
3.414840e+00,1.964338e+00
5.975299e+00,1.394228e+00
3.345244e+00,4.400668e+00
9.222621e+00,5.658637e+00
1.955544e+00,-1.072168e+00
2.543217e+00,4.992003e+00
1.248646e+00,1.703438e+00
9.780743e+00,3.345925e+00
3.682311e+00,4.218543e+00
2.020863e+00,-2.835795e+00
6.631461e+00,2.712739e+00
5.400524e+00,-4.026817e+00
6.328321e+00,1.143638e+01
1.984427e+00,3.441913e+00
-3.715577e+00,2.614286e+00
5.455425e+00,6.572786e+00
9.874900e+00,8.259896e+00
1.790639e+00,1.317914e+00
1.003381e+01,-1.187136e+00
-1.818175e+00,2.013436e+00
6.899999e+00,5.433534e-01
-2.114583e-01,6.549579e+00
5.844156e-01,7.099430e+00
2.727973e+00,6.300425e+00
1.021213e+01,1.557070e+00
5.342546e+00,-1.907285e+00
2.012291e+00,5.551081e+00
4.751993e+00,5.498818e+00
9.956531e+00,-4.619586e+00
5.663464e+00,-4.057789e-01
1.032975e+01,4.352991e+00
9.978241e+00,5.178240e-01
-3.498070e+00,2.555333e+00
2.462660e+00,7.783399e+00
2.555925e+00,3.622569e+00
3.427271e+00,6.472289e+00
3.032918e+00,9.702646e+00
1.862889e+00,5.997535e+00
5.545006e+00,5.561228e+00
5.421246e+00,-4.038048e+00
7.806472e+00,-1.197426e-01
-9.304474e+00,-4.119924e+00
4.722528e+00,9.472611e+00
7.617212e+00,4.701027e+00
9.365213e+00,4.002982e+00
6.432662e+00,9.562685e+00
1.214625e+01,9.257129e+00
6.022935e+00,-3.408228e-02
3.643979e+00,8.443575e+00
-8.937552e-02,3.044943e-01
8.186148e+00,-7.920512e-01
5.456820e+00,3.256083e+00
5.572308e+00,-1.780593e+00
6.613005e+00,5.629293e+00
3.204162e+00,-3.319283e+00
3.852636e+00,2.832434e+00
1.226149e+01,3.966635e+00
4.279598e+00,7.291323e+00
5.615045e+00,7.215231e-01
4.974882e-01,-4.300546e+00
4.724346e+00,5.191215e+00
1.291299e+01,1.086524e+01
4.899490e+00,4.937716e+00
-1.787668e+00,8.068635e+00
9.999930e-01,8.361993e+00
-2.940324e+00,8.024532e+00
4.827540e+00,4.333459e+00
6.959332e+00,5.317633e+00
1.074353e+01,1.571791e+01
7.144177e+00,-4.141436e+00
8.780584e+00,-3.192560e+00
5.932129e+00,1.900825e+00
9.893166e+00,9.199017e+00
8.388544e+00,7.501395e+00
-2.337318e+00,6.804344e+00
-6.401660e+00,-8.997370e-01
1.358932e+00,7.477000e+00
4.136091e+00,2.714261e+00
1.307347e+01,-3.893680e+00
7.671965e+00,6.196160e-02
8.041364e+00,3.768101e+00
-7.943387e+00,8.986094e-02
3.059815e-01,2.817748e+00
3.261278e+00,4.309680e+00
1.274412e+00,7.208168e-01
-2.925443e-01,4.059706e+00
6.660027e+00,-3.124825e+00
1.116552e+01,1.056730e+01
1.251943e+01,3.272833e+00
5.395239e+00,-2.247823e+00
9.832526e+00,7.236327e+00
-4.324905e-01,2.559203e+00
4.888009e+00,1.558385e-01
-4.576740e+00,2.030608e+00
-1.736438e+00,1.535214e+00
2.091024e+00,1.062841e+01
3.006542e+00,1.695394e+00
6.741672e+00,6.040577e+00
5.368792e+00,1.913657e+00
1.981772e+00,-5.085844e-01
1.240957e+01,1.090790e+01
1.131630e+00,1.380664e+00
1.374491e+01,4.497347e+00
4.982185e+00,9.087501e+00
6.067045e+00,5.794651e+00
8.301273e+00,1.091832e+01
1.300315e+00,3.833005e+00
6.106241e+00,9.147961e+00
1.182235e+00,-1.069980e+00
8.534129e+00,4.009138e+00
3.546240e+00,1.938774e-01
4.719917e+00,5.305120e+00
-2.216142e+00,3.883036e+00
9.732401e+00,5.994733e+00
7.470843e+00,4.132333e-01
1.054375e+00,3.627897e+00
9.088315e+00,1.438386e+01
9.576614e+00,7.176874e+00
5.616999e+00,7.876566e+00
3.220144e+00,6.512255e+00
5.614668e+00,2.565050e+00
4.149011e+00,1.756919e+01
-1.612603e-01,5.147705e+00
1.210437e+01,3.918330e+00
8.784442e+00,-5.599316e-01
1.081823e+00,-3.989379e+00
8.565920e+00,8.150813e+00
6.519629e+00,3.648928e+00
2.820046e+00,2.696141e+00
1.590405e+00,6.223282e+00
2.238422e+00,5.699203e+00
5.222831e+00,9.642364e+00
1.241494e+01,1.070019e+00
4.083976e+00,-1.515155e+00
4.407280e+00,-1.519190e+00
-8.352552e-02,3.688601e+00
5.919241e+00,-2.279095e+00
6.414222e+00,2.835672e+00
7.430097e+00,-1.659883e-01
5.892355e+00,1.149100e+01
-9.430910e-01,-6.458317e-01
1.201740e+01,7.465307e+00
1.164345e+01,2.090023e+00
9.920747e-01,-2.270367e+00
5.853315e+00,6.343657e+00
1.267835e+01,-1.275686e+00
7.201264e+00,2.228930e+00
4.044775e+00,4.026255e+00
1.031101e+01,5.294399e+00
9.931060e+00,-7.483723e-01
-4.628169e-01,2.565018e+00
1.165415e+01,1.058953e+01
1.298799e+01,6.815806e+00
2.599299e+00,9.956317e+00
4.478822e+00,6.517275e+00
6.414956e+00,3.732807e+00
7.465780e+00,6.466758e-01
-4.436212e+00,1.868778e+00
1.299604e+01,8.019292e+00
7.952525e+00,2.986425e+00
6.138825e+00,5.859553e+00
5.683088e+00,1.216265e+00
-2.347898e+00,2.532147e+00
5.145184e+00,4.776746e+00
8.331781e+00,1.159305e+00
2.144319e+00,5.855755e+00
1.462209e+00,2.776756e+00
1.009017e+01,6.294604e+00
8.452999e+00,-5.817412e-01
1.540083e+01,2.499452e+00
9.026603e+00,4.503057e+00
6.667893e+00,2.876959e+00
9.474480e+00,7.334702e+00
-5.560830e+00,-2.401963e+00
4.128212e+00,-5.019063e-01
7.310183e+00,-2.216675e+00
3.220436e+00,1.665991e+00
3.875143e+00,1.113967e+01
3.995978e+00,1.447816e+00
6.223339e+00,9.477608e-01
1.337733e+01,4.710552e+00
5.914854e+00,5.741263e+00
1.053235e+01,9.312007e+00
7.875331e+00,4.641123e+00
-1.638144e+00,6.664537e+00
1.021861e+01,5.145400e+00
7.928364e+00,-3.169372e+00
3.489959e+00,3.060190e+00
6.700059e+00,4.432631e+00
1.034415e+01,1.544905e+00
6.808293e+00,5.567198e+00
4.225928e+00,7.934182e+00
3.599751e+00,-8.146296e-01
7.362823e+00,1.203498e+01
2.833469e+00,1.651060e+00
6.392116e+00,1.052796e+00
2.282218e+00,4.139129e+00
6.964344e+00,5.078201e-01
6.565195e+00,5.112007e+00
1.008272e+01,7.463838e+00
1.120395e+01,-5.213375e-01
2.636264e+00,5.099274e+00
8.997565e+00,2.976454e+00
3.626045e+00,4.869488e+00
1.054612e+01,-2.024406e+00
4.913293e+00,7.486011e-01
3.420631e-01,5.408838e+00
6.349770e+00,-3.046072e+00
7.916645e+00,8.032996e-01
1.240265e+01,1.190435e+01
9.617110e+00,5.546238e+00
