6.61e-01,1.66e+00,2.18e-01
4.48e-01,3.45e+00,4.00e-01
1.17e+00,3.17e+00,6.76e-01
1.44e+00,4.44e+00,4.97e-01
7.24e-01,4.72e+00,-9.46e-02
7.60e-01,5.76e+00,4.19e-01
1.02e+00,2.02e+00,4.17e-01
9.76e-01,1.98e+00,6.33e-01
6.08e-01,1.61e+00,4.24e-01
1.03e+00,4.03e+00,2.14e-01
6.18e-01,1.62e+00,3.22e-01
1.22e+00,5.22e+00,1.60e-01
1.12e+00,6.12e+00,3.17e-01
9.33e-01,3.93e+00,6.76e-01
1.13e+00,4.13e+00,-3.39e-01
8.13e-01,1.81e+00,1.75e-01
7.84e-01,3.78e+00,-1.32e-01
1.07e+00,5.07e+00,7.88e-01
1.04e+00,5.04e+00,-4.38e-01
1.32e+00,5.32e+00,8.07e-02
4.67e-01,2.47e+00,4.81e-01
1.21e+00,6.21e+00,1.92e-01
8.49e-01,3.85e+00,7.66e-02
1.29e+00,3.29e+00,1.74e-01
6.27e-01,4.63e+00,2.37e-01
1.20e+00,4.20e+00,-2.31e-01
1.19e+00,6.19e+00,3.83e-01
5.50e-01,4.55e+00,4.54e-01
1.06e+00,4.06e+00,1.30e-01
7.12e-01,2.71e+00,4.05e-01
8.06e-01,3.81e+00,1.73e-01
8.71e-01,2.87e+00,-9.94e-02
1.00e+00,4.00e+00,5.76e-01
1.07e+00,5.07e+00,-2.79e-01
1.10e+00,2.10e+00,1.09e-01
1.16e+00,3.16e+00,3.59e-01
9.28e-01,2.93e+00,3.74e-01
1.20e+00,2.20e+00,-2.30e-01
9.79e-01,2.98e+00,4.68e-02
1.21e+00,6.21e+00,3.19e-02
1.09e+00,5.09e+00,2.27e-01
9.98e-01,6.00e+00,2.35e-01
9.77e-01,1.98e+00,5.11e-01
9.53e-01,1.95e+00,4.94e-01
1.12e+00,5.12e+00,2.45e-01
8.23e-01,2.82e+00,7.06e-02
1.04e+00,2.04e+00,4.62e-01
1.36e+00,3.36e+00,2.06e-01
9.13e-01,1.91e+00,1.68e-01
6.77e-01,1.68e+00,2.80e-01
1.11e+00,2.11e+00,1.11e-01
5.62e-01,3.56e+00,5.37e-01
3.28e-01,3.33e+00,2.63e-01
8.45e-01,4.85e+00,3.66e-01
1.10e+00,5.10e+00,2.86e-01
6.24e-01,1.62e+00,1.99e-01
1.14e+00,5.14e+00,2.23e-01
1.08e+00,5.08e+00,-3.56e-01
9.44e-01,5.94e+00,2.81e-01
1.23e+00,2.23e+00,6.40e-01
1.39e+00,2.39e+00,3.78e-01
1.03e+00,3.03e+00,1.46e-01
7.12e-01,3.71e+00,-1.13e-01
1.59e+00,4.59e+00,-6.16e-01
1.14e+00,3.14e+00,2.83e-01
9.78e-01,5.98e+00,5.90e-01
8.41e-01,3.84e+00,4.33e-01
7.86e-01,3.79e+00,1.69e-01
1.36e+00,6.36e+00,1.98e-01
1.03e+00,2.03e+00,4.73e-01
9.24e-01,2.92e+00,5.59e-01
1.11e+00,3.11e+00,1.97e-01
8.16e-01,5.82e+00,4.48e-01
1.04e+00,3.04e+00,3.05e-01
6.38e-01,3.64e+00,5.61e-01
8.33e-01,1.83e+00,5.78e-01
1.23e+00,6.23e+00,4.63e-01
1.21e+00,3.21e+00,1.96e-01
1.08e+00,6.08e+00,-4.58e-03
1.42e+00,6.42e+00,-7.06e-02
1.10e+00,5.10e+00,7.16e-01
1.08e+00,5.08e+00,7.72e-02
1.42e+00,5.42e+00,4.31e-01
1.13e+00,6.13e+00,3.24e-02
4.99e-01,4.50e+00,1.22e-01
1.06e+00,6.06e+00,3.58e-01
6.84e-01,1.68e+00,1.57e-01
8.68e-01,4.87e+00,1.61e-01
1.07e+00,2.07e+00,7.21e-01
1.07e+00,6.07e+00,1.71e-01
1.30e+00,2.30e+00,6.59e-01
1.53e-01,3.15e+00,4.39e-03
9.04e-01,2.90e+00,-1.29e-01
8.16e-01,4.82e+00,4.03e-01
1.19e+00,5.19e+00,4.67e-01
5.12e-01,2.51e+00,6.11e-01
1.00e+00,3.00e+00,8.00e-01
8.28e-01,5.83e+00,1.60e-02
9.21e-01,3.92e+00,4.78e-01
1.13e+00,3.13e+00,7.19e-01
8.17e-01,3.82e+00,3.53e-01
8.45e-01,1.84e+00,3.96e-01
8.98e-01,4.90e+00,5.98e-01
8.73e-01,1.87e+00,4.84e-01
1.35e+00,3.35e+00,9.00e-01
8.16e-01,1.82e+00,2.01e-01
8.87e-01,4.89e+00,2.03e-01
6.09e-01,2.61e+00,3.47e-01
6.92e-01,4.69e+00,2.07e-01
3.17e-01,2.32e+00,6.04e-01
4.49e-01,2.45e+00,2.99e-01
1.11e+00,4.11e+00,4.56e-01
1.13e+00,6.13e+00,-7.14e-03
8.47e-01,3.85e+00,5.43e-01
1.32e+00,2.32e+00,4.64e-01
9.40e-01,4.94e+00,3.97e-01
1.29e+00,6.29e+00,7.05e-01
6.55e-01,3.65e+00,-9.05e-02
4.30e-01,1.43e+00,1.91e-01
5.25e-01,4.53e+00,3.47e-01
1.23e+00,6.23e+00,6.09e-02
1.26e+00,4.26e+00,6.66e-01
8.14e-01,1.81e+00,3.25e-01
5.67e-01,5.57e+00,2.82e-03
1.24e+00,6.24e+00,1.41e-01
1.11e+00,3.11e+00,2.87e-01
8.78e-01,2.88e+00,2.12e-01
8.62e-01,2.86e+00,-1.75e-01
1.41e+00,6.41e+00,4.66e-01
1.35e+00,4.35e+00,4.16e-01
1.12e+00,2.12e+00,5.25e-01
1.16e+00,2.16e+00,6.43e-02
1.03e+00,2.03e+00,2.59e-02
5.76e-01,3.58e+00,5.33e-01
9.93e-01,3.99e+00,1.13e-01
9.95e-01,3.00e+00,6.11e-01
8.50e-01,2.85e+00,-1.23e-01
1.13e+00,2.13e+00,2.08e-01
1.06e+00,2.06e+00,5.10e-01
9.48e-01,4.95e+00,1.57e-01
7.91e-01,5.79e+00,4.16e-01
7.67e-01,1.77e+00,-1.18e-03
1.05e+00,5.05e+00,1.62e-01
6.62e-01,4.66e+00,3.28e-01
1.18e+00,6.18e+00,6.63e-01
1.61e+00,6.61e+00,5.15e-02
7.91e-01,4.79e+00,3.82e-01
1.15e+00,3.15e+00,4.21e-01
1.07e+00,6.07e+00,3.29e-01
1.20e+00,3.20e+00,5.07e-01
9.22e-01,3.92e+00,3.42e-01
8.51e-01,4.85e+00,6.06e-01
1.74e+00,3.74e+00,3.02e-01
8.53e-01,4.85e+00,6.31e-01
1.16e+00,5.16e+00,1.59e-01
8.73e-01,4.87e+00,5.55e-02
1.34e+00,5.34e+00,1.11e-01
1.48e+00,3.48e+00,-6.33e-02
1.32e+00,4.32e+00,3.84e-01
7.77e-01,5.78e+00,4.43e-01
1.10e+00,2.10e+00,3.52e-01
7.93e-01,5.79e+00,2.88e-01
1.33e+00,6.33e+00,5.28e-01
1.27e+00,4.27e+00,-9.95e-02
1.05e+00,4.05e+00,8.51e-01
5.83e-01,2.58e+00,-7.79e-02
1.16e+00,5.16e+00,3.54e-01
9.98e-01,2.00e+00,5.43e-01
1.01e+00,2.01e+00,7.59e-02
9.45e-01,1.95e+00,-2.42e-01
1.34e+00,6.34e+00,3.93e-01
9.73e-01,5.97e+00,6.32e-01
1.50e+00,2.50e+00,3.60e-01
8.79e-01,5.88e+00,2.72e-01
8.44e-01,3.84e+00,1.16e+00
4.77e-01,2.48e+00,1.29e-01
4.37e-01,4.44e+00,7.77e-02
1.10e+00,4.10e+00,1.25e-01
1.00e+00,4.00e+00,5.08e-01
1.31e+00,4.31e+00,4.75e-01
1.03e+00,5.03e+00,5.94e-01
1.16e+00,2.16e+00,2.84e-01
1.06e+00,2.06e+00,5.41e-01
8.65e-01,5.86e+00,6.47e-01
1.80e-01,2.18e+00,-2.54e-02
8.63e-01,5.86e+00,1.53e-01
9.14e-01,4.91e+00,5.57e-01
8.11e-01,4.81e+00,1.83e-01
1.52e+00,6.52e+00,8.24e-02
9.98e-01,5.00e+00,1.52e-01
1.07e+00,2.07e+00,-2.79e-01
1.02e+00,2.02e+00,-1.51e-01
9.71e-01,1.97e+00,3.35e-01
1.33e+00,5.33e+00,6.37e-01
9.29e-01,1.93e+00,-1.96e-01
8.89e-01,2.89e+00,4.35e-01
1.37e+00,6.37e+00,6.02e-01
1.10e+00,5.10e+00,1.99e-01
8.91e-01,5.89e+00,-2.06e-01
1.28e+00,5.28e+00,5.13e-01
8.35e-01,5.84e+00,5.14e-01
8.58e-01,3.86e+00,4.09e-01
1.26e+00,6.26e+00,2.66e-01
1.08e+00,4.08e+00,1.02e-01
6.56e-01,1.66e+00,2.98e-01
9.91e-01,5.99e+00,4.00e-01
1.02e+00,2.02e+00,7.31e-02
1.36e+00,6.36e+00,5.21e-01
7.74e-01,2.77e+00,-6.34e-02
7.82e-01,4.78e+00,7.51e-01
1.11e+00,2.11e+00,2.86e-01
1.05e+00,6.05e+00,3.02e-01
6.22e-01,4.62e+00,5.56e-01
9.56e-01,3.96e+00,5.97e-02
6.97e-01,5.70e+00,6.16e-01
1.11e+00,2.11e+00,2.98e-01
8.92e-01,1.89e+00,4.25e-01
1.53e+00,3.53e+00,6.94e-01
9.47e-01,4.95e+00,-1.49e-01
7.89e-01,1.79e+00,1.44e-01
7.35e-01,5.73e+00,2.22e-02
9.61e-01,2.96e+00,1.57e-01
6.15e-01,3.61e+00,8.16e-01
1.03e+00,4.03e+00,-3.94e-01
5.90e-01,2.59e+00,4.23e-01
7.57e-01,2.76e+00,3.45e-01
1.65e+00,4.65e+00,3.52e-01
1.08e+00,3.08e+00,1.87e-01
4.52e-01,4.45e+00,2.30e-01
8.87e-01,3.89e+00,2.86e-01
7.14e-01,1.71e+00,1.25e-01
7.30e-01,3.73e+00,3.19e-01
1.14e+00,5.14e+00,-1.42e-03
7.59e-01,2.76e+00,1.45e-01
1.04e+00,2.04e+00,3.84e-01
1.20e+00,4.20e+00,3.14e-01
8.19e-01,2.82e+00,1.80e-01
9.25e-01,5.92e+00,2.73e-01
6.36e-01,4.64e+00,4.74e-01
1.08e+00,4.08e+00,3.49e-01
5.87e-01,4.59e+00,3.92e-01
1.19e+00,5.19e+00,-9.80e-02
9.86e-01,1.99e+00,1.48e-01
1.11e+00,5.11e+00,2.00e-01
1.20e+00,3.20e+00,1.41e-01
8.55e-01,1.86e+00,4.15e-01
1.20e+00,2.20e+00,1.45e-01
8.31e-01,1.83e+00,2.09e-01
7.96e-01,2.80e+00,1.89e-01
1.15e+00,3.15e+00,6.11e-01
9.30e-01,2.93e+00,7.23e-01
8.72e-01,3.87e+00,2.57e-01
9.58e-01,3.96e+00,6.93e-01
1.12e+00,2.12e+00,-7.25e-01
6.29e-01,1.63e+00,2.25e-01
9.34e-01,4.93e+00,-1.37e-01
1.16e+00,5.16e+00,7.73e-02
8.98e-01,1.90e+00,2.65e-01
9.55e-01,3.95e+00,7.08e-01
8.67e-01,1.87e+00,6.87e-02
8.22e-01,1.82e+00,-9.01e-02
1.26e+00,2.26e+00,1.81e-01
4.56e-01,2.46e+00,6.48e-01
1.45e+00,2.45e+00,-3.95e-02
1.37e+00,4.37e+00,1.63e-01
1.21e+00,2.21e+00,5.13e-01
7.20e-01,1.72e+00,3.65e-01
5.39e-01,1.54e+00,-4.48e-02
2.73e-01,2.27e+00,-6.04e-02
1.22e+00,5.22e+00,4.94e-01
8.59e-01,1.86e+00,4.97e-01
1.24e+00,6.24e+00,3.71e-01
8.75e-01,2.87e+00,2.09e-01
9.87e-01,4.99e+00,-5.06e-02
6.72e-01,4.67e+00,2.52e-01
