8.193381e+00,-9.753407e-01
-4.999790e-01,3.673401e+00
-1.454921e+00,1.283972e+00
5.059750e+00,2.772906e-01
2.542993e-01,2.566316e+00
8.236267e+00,3.815767e+00
3.471762e+00,3.090554e+00
1.479150e+00,5.506028e+00
2.195132e+00,2.962555e+00
-3.026430e-01,6.597724e+00
1.490615e+00,3.917067e+00
3.003582e+00,1.789773e+00
3.787641e+00,6.741534e-01
3.382153e-01,6.785289e+00
6.920197e+00,3.453144e+00
8.664384e+00,2.486688e+00
4.260983e+00,4.183207e+00
-3.080420e-01,-2.692286e+00
4.828998e+00,3.416846e+00
4.122959e+00,4.744749e-02
-2.559171e+00,4.102375e+00
3.742015e+00,2.344583e+00
8.223491e+00,3.014627e+00
6.428555e-01,-9.148864e-01
2.018818e-01,1.879061e+00
2.496394e+00,3.843617e+00
6.930573e-01,2.755290e+00
3.248671e+00,2.177680e+00
3.721587e-02,3.306713e+00
6.524658e+00,8.028449e+00
4.080908e+00,4.302804e+00
6.493648e+00,1.374667e+00
2.704582e+00,3.857660e-01
4.530647e+00,-3.188599e+00
6.415701e+00,6.427606e-01
-2.486178e+00,1.800004e+00
-3.054373e+00,1.031379e+00
5.466632e+00,6.015189e+00
4.221748e+00,1.064726e+00
2.034697e+00,3.337439e-01
3.661840e+00,3.768499e+00
8.784813e-01,3.636642e+00
-1.500608e+00,5.523073e+00
5.241149e+00,4.468193e+00
-3.141440e+00,3.105594e+00
4.016476e+00,2.402822e+00
3.249467e+00,3.583332e+00
4.324200e+00,3.938593e+00
1.254499e+00,5.286122e+00
9.273776e-01,2.069273e+00
5.080720e+00,4.792734e+00
5.099196e+00,-3.850745e+00
1.035615e+00,1.197095e+00
2.036050e+00,-4.211347e-01
-7.335948e-01,7.639504e-02
5.242674e+00,5.579540e+00
2.151281e+00,4.949566e+00
-5.057028e-01,6.220749e+00
7.532361e+00,2.263207e+00
1.597999e+00,5.612423e+00
2.141354e+00,3.080991e-01
8.456693e-01,8.327864e-01
4.719125e+00,4.756284e+00
5.346432e+00,4.550742e+00
2.204449e+00,4.464314e-01
3.585598e-01,3.629782e+00
9.216136e+00,5.116739e+00
1.261117e+00,5.294953e+00
-7.484367e-01,9.890227e-01
1.157286e+00,7.276799e+00
3.591225e+00,1.556016e+00
2.743486e+00,4.212668e+00
4.215073e+00,2.035973e+00
-2.429301e+00,-9.852476e-02
4.851763e+00,-4.085208e-01
2.082304e+00,2.935456e+00
-2.613231e+00,1.398019e+00
3.057860e+00,2.494113e+00
3.862262e+00,4.954351e+00
2.274083e+00,1.727640e+00
1.669641e+00,1.941779e+00
5.442448e+00,1.410255e+00
4.179229e+00,5.172617e+00
3.574217e+00,7.255232e+00
6.693456e+00,6.647127e+00
-5.263462e-01,1.012579e+00
6.395917e+00,6.603879e+00
4.587321e+00,1.435651e+00
5.000280e+00,3.174075e-01
-2.872776e-01,4.368464e-02
5.974856e+00,5.890117e+00
2.526255e+00,2.808998e+00
-9.477001e-01,1.973027e+00
-1.445013e-01,6.441264e+00
7.112601e+00,2.476712e+00
2.260422e+00,5.120927e-01
-3.496451e-01,3.871662e+00
1.186396e+01,1.508496e+00
5.667218e+00,4.040873e+00
2.956095e+00,5.225775e+00
5.923799e+00,-1.685031e+00
5.744995e+00,5.938936e+00
4.097441e+00,8.694625e-01
5.672711e+00,8.544518e+00
5.064648e+00,5.103448e+00
3.131515e+00,8.752767e+00
6.152335e+00,2.342302e+00
4.232690e+00,6.077419e+00
6.641032e+00,-2.537842e-01
6.488761e+00,-3.802880e-01
4.370260e+00,6.441706e+00
-3.369886e+00,5.686483e-01
-7.977329e-01,1.930327e+00
6.874153e+00,2.949433e+00
2.849149e+00,3.889843e+00
5.261781e+00,9.246805e+00
3.682954e+00,-7.107631e-01
2.676122e+00,2.468982e+00
-2.162286e+00,4.785756e+00
-6.403435e-01,1.430266e+00
5.304648e+00,8.019304e-01
1.815912e+00,-6.181268e-01
2.629750e+00,2.417803e+00
-1.619549e+00,5.131771e+00
3.586774e+00,1.020956e+00
3.467479e+00,4.298968e+00
7.913108e-01,3.663174e+00
1.751822e+00,1.384056e+00
2.704296e+00,4.131419e+00
5.612745e+00,3.528682e+00
3.449245e+00,4.678844e+00
7.211865e-01,8.175191e-01
-7.005376e-01,6.488045e-01
2.090080e+00,3.683057e+00
7.528467e+00,5.436143e+00
4.017909e+00,5.434324e-01
5.549792e-01,2.163724e+00
4.278084e+00,1.572179e+00
1.768227e+00,4.122262e+00
5.979844e+00,6.163774e-04
1.125874e+00,3.437717e+00
3.207293e+00,1.344091e+00
5.113175e+00,4.554838e+00
4.678185e+00,2.710497e+00
3.972688e+00,6.988327e-01
3.192707e+00,7.844096e+00
2.376072e+00,3.387630e+00
3.254244e+00,2.507039e+00
5.091975e+00,1.365150e+00
1.474725e+00,7.709003e+00
7.229992e+00,3.107848e-01
-1.741945e-01,1.519317e+00
3.916353e+00,1.015793e+01
4.696937e+00,3.374594e+00
5.637774e+00,2.437708e+00
-1.287585e+00,5.052277e+00
2.742209e+00,1.615271e+00
-6.516051e-01,1.547961e+00
5.197367e+00,2.402227e+00
5.188427e-01,-8.422704e-01
-1.969475e+00,4.106984e-01
5.920866e+00,4.578811e+00
2.283633e+00,2.217802e+00
4.955353e+00,2.596397e+00
-1.359896e-02,2.655084e+00
1.094671e+00,1.188964e-01
1.027044e+00,2.133506e+00
5.698130e+00,7.826808e+00
-8.556059e-01,3.722977e+00
3.682198e+00,3.703844e+00
1.061207e+00,4.696625e+00
4.025955e+00,3.885336e+00
6.132786e+00,7.887461e+00
3.565638e+00,3.940725e+00
5.148381e+00,5.958963e+00
3.775045e-01,9.718593e-01
6.035531e+00,1.139167e-01
3.010240e+00,2.932028e+00
6.668225e+00,5.259380e-01
1.821070e+00,3.969080e+00
3.957877e+00,2.008245e+00
3.967081e+00,7.376083e+00
3.674397e+00,1.822669e+00
2.539583e+00,1.970243e+00
2.352328e+00,4.660342e+00
1.974528e+00,-2.514830e-01
4.145605e+00,-6.117597e-01
2.853684e+00,-4.574449e-01
1.583588e+00,1.977007e+00
2.131456e+00,6.694569e+00
5.737270e+00,1.326392e+00
4.088257e+00,3.109383e+00
3.717684e+00,6.223392e-01
1.509956e+00,-2.093844e+00
3.924033e+00,2.908101e+00
6.084122e+00,5.670500e-01
3.668855e+00,4.493192e+00
7.053753e+00,3.320534e+00
-3.318540e+00,3.404546e+00
5.150193e+00,1.089017e+01
1.203527e+00,9.113933e-02
6.004258e+00,4.400574e+00
2.870382e+00,6.887752e+00
2.917977e+00,2.505748e+00
2.335406e+00,2.992050e+00
6.476954e+00,1.202564e+00
-2.152033e+00,2.054604e+00
5.243884e+00,4.192569e+00
-3.816014e-01,2.630776e+00
2.015145e+00,7.172973e+00
1.789272e+00,3.158967e+00
1.184891e+00,4.674324e+00
-8.790918e-01,3.909674e+00
3.546556e+00,3.820767e+00
2.120344e+00,5.858624e+00
6.066270e-01,2.644803e+00
5.141596e-01,2.195526e+00
3.784084e+00,4.192890e+00
3.856646e+00,3.129394e+00
-9.096384e-01,4.762758e+00
-7.807437e-01,5.468946e+00
-1.186494e+00,3.604702e+00
6.002658e+00,3.728180e-02
5.462421e+00,2.925363e+00
4.473395e+00,2.207238e+00
