2.583996e+00,2.189590e+00
2.314030e-01,8.597378e-02
1.683844e+00,2.037991e+00
2.349737e+00,7.084151e-01
5.336766e+00,2.391790e-01
2.127013e+00,2.913657e-01
2.208846e+00,1.545609e+00
8.868899e-01,2.764293e+00
7.218623e-01,9.145971e-01
3.609925e+00,2.584462e+00
4.544430e+00,-5.331015e-01
2.033918e+00,1.383254e+00
2.404350e+00,1.328050e+00
8.972966e-01,-7.090637e-01
4.523465e+00,1.735883e-01
5.296212e+00,-7.141227e-01
3.421096e+00,5.846740e-01
3.879729e+00,2.281289e+00
3.343098e+00,2.048380e+00
4.574077e+00,1.549685e-01
3.450859e+00,1.740877e+00
3.735159e+00,1.301490e+00
8.441749e-01,2.225955e-01
2.642016e+00,9.424095e-01
2.703340e+00,2.086044e+00
4.504577e-01,2.944987e+00
6.558714e+00,1.101364e+00
-3.237155e-01,4.307784e-01
4.450382e+00,3.333684e+00
2.580099e+00,2.837221e+00
2.309663e+00,-1.047089e+00
4.290345e+00,2.419250e+00
2.019089e-02,5.105903e-02
1.970845e+00,1.168057e+00
4.439621e+00,2.890511e+00
4.045197e+00,2.390575e+00
1.505997e+00,4.691360e-01
2.095626e+00,1.752988e+00
3.465688e-01,1.273152e+00
2.098616e+00,2.920352e+00
1.663693e+00,6.819687e-01
5.061378e+00,1.282692e+00
2.077712e+00,2.378110e+00
3.670744e+00,-3.755337e-01
2.358237e+00,4.301186e-01
4.290459e+00,2.055755e+00
4.462669e+00,1.532094e-01
1.300095e+00,1.642334e+00
9.097949e-01,2.988270e+00
8.259743e-01,-2.295302e-01
4.951910e+00,1.397235e+00
1.035150e+00,1.167176e+00
2.461734e+00,3.232413e+00
3.203562e+00,-8.644289e-02
4.453848e+00,-2.238040e-02
5.666003e-01,1.995648e+00
6.298920e-01,6.969741e-01
3.736756e+00,1.264520e+00
4.415951e+00,8.030278e-01
1.337916e+00,7.042561e-01
4.647285e+00,2.727366e+00
1.437554e+00,7.756720e-01
3.131526e+00,3.668478e+00
3.745042e+00,2.286382e+00
4.530020e+00,-8.661561e-01
1.845428e+00,-2.428967e-02
1.198567e+00,6.722849e-01
3.046036e+00,1.824935e+00
5.087672e+00,3.367780e+00
2.700131e+00,2.625275e+00
3.829517e+00,-1.702546e-01
3.089230e+00,2.266757e-01
1.059790e+00,3.659059e+00
3.725359e+00,2.052174e+00
3.525524e+00,1.361309e+00
4.468661e+00,2.412500e+00
4.466604e+00,1.086511e+00
2.373633e+00,2.344210e+00
6.733348e-01,1.175709e+00
1.876452e+00,-1.151640e-01
-8.610369e-02,-7.756257e-01
5.708489e+00,7.971652e-01
3.805667e+00,1.530851e+00
5.454521e+00,-7.153193e-01
9.032679e-01,-1.121599e+00
3.200008e+00,-8.242161e-01
5.033461e+00,3.091828e+00
6.553771e+00,2.523829e-01
5.384022e+00,5.205535e-01
2.886504e+00,1.416774e-01
1.866076e+00,-9.320463e-01
6.841667e-01,-2.097660e-01
6.540404e+00,2.448640e+00
3.132382e+00,1.263335e+00
2.002797e+00,-7.554385e-01
5.471157e+00,5.005227e+00
3.226085e+00,2.934927e+00
-1.762930e+00,-4.375698e-01
4.771369e+00,1.476850e+00
7.091247e-01,1.407994e+00
1.713708e+00,6.047723e-01
3.221103e+00,1.474038e+00
1.779935e+00,3.050923e+00
-1.908291e+00,1.399602e+00
3.846612e+00,3.823442e+00
-5.619523e-01,1.274353e-01
-5.798983e-01,5.850189e-01
3.964598e+00,5.168470e+00
2.621581e+00,1.244456e+00
2.019350e+00,1.689602e+00
2.901697e+00,2.066556e-01
1.330325e+00,-7.603511e-03
9.421067e-01,1.365718e+00
2.780384e-01,1.670717e+00
1.401991e+00,-1.375467e+00
3.631444e+00,3.618854e+00
-8.640744e-02,2.115594e-01
3.901280e+00,3.999256e+00
1.358298e+00,1.414056e-02
4.198161e+00,3.960729e+00
2.789795e+00,4.837427e-01
5.779648e+00,9.685613e-02
4.575074e+00,2.164488e+00
1.331812e+00,3.107113e+00
1.524695e+00,2.309603e+00
2.208423e+00,1.831079e+00
5.116251e+00,-9.886111e-01
-3.053804e-01,3.545587e-01
-7.016244e-01,-1.124506e+00
1.144185e+00,9.243139e-01
2.293861e-01,-6.942438e-01
6.575611e-01,1.475519e+00
1.399134e+00,8.458702e-01
3.128163e+00,1.506585e+00
-6.489077e-01,-6.067836e-02
2.515180e+00,-1.823595e-01
3.629284e+00,2.797371e+00
4.688088e+00,3.134397e+00
5.921715e+00,2.920867e+00
2.682333e+00,1.014575e+00
4.679223e-01,5.292942e-01
2.009291e+00,4.176108e-01
1.513365e+00,-9.399776e-01
1.077023e+00,2.394158e+00
4.520496e+00,-1.200572e+00
3.665390e+00,9.600243e-01
2.894162e+00,1.390242e+00
4.515064e+00,-1.074337e+00
5.343890e+00,1.560559e+00
1.811062e+00,-5.469450e-01
4.670630e+00,2.021669e+00
3.268165e+00,2.849636e+00
4.523270e+00,-1.630460e-01
-2.137443e+00,1.161187e+00
3.587329e+00,1.097144e+00
3.967916e+00,2.248367e+00
5.639996e+00,2.228286e+00
4.887974e+00,5.170219e-01
2.145729e+00,2.677056e+00
2.303183e+00,1.944520e+00
3.433809e+00,1.454278e-01
-3.367893e-02,9.721516e-01
5.062928e+00,1.999084e+00
2.906720e+00,-3.733682e-01
2.573624e+00,1.726371e+00
-8.999573e-01,7.232332e-01
1.593967e+00,3.083847e+00
3.363640e+00,-3.561201e-01
2.218067e+00,1.573487e+00
4.906750e+00,1.345372e+00
2.128425e+00,6.011494e-01
1.464700e+00,1.013742e+00
-2.167772e-01,3.388910e+00
-4.080338e-01,-1.214353e+00
2.220839e+00,1.121644e+00
