4.903640e+00,1.064258e+00
5.058654e+00,-8.065353e-01
6.926737e+00,2.893052e-01
5.628961e+00,1.498454e+00
3.632955e+00,8.413164e-02
6.085767e+00,1.881934e+00
6.193955e+00,8.109635e-01
5.368156e+00,4.359787e-01
6.263077e+00,8.143123e-01
6.718374e+00,-1.073950e+00
6.687026e+00,3.546430e+00
6.099480e+00,1.752941e+00
6.265147e+00,-2.530856e-01
5.375190e+00,1.177433e-02
5.989116e+00,2.759761e+00
3.273112e+00,-3.187338e-01
2.570246e+00,1.419075e+00
5.026670e+00,1.592012e+00
4.785861e+00,1.608491e+00
7.397156e+00,2.252586e+00
7.092955e+00,6.821721e-01
5.857491e+00,-1.708035e-01
3.464681e+00,5.355866e-01
6.989629e+00,1.518647e+00
6.209412e+00,4.395720e-02
7.309999e+00,8.891360e-01
8.422582e+00,1.012687e+00
7.591749e+00,1.245066e+00
6.194282e+00,1.504691e+00
7.910740e+00,1.517197e+00
2.761790e+00,4.795464e-01
6.146986e+00,-2.501243e+00
3.128554e+00,2.593585e-01
6.257200e+00,1.643896e+00
4.243740e+00,1.710378e+00
4.005077e+00,2.240454e+00
5.172724e+00,2.264157e+00
6.646612e+00,9.821977e-01
5.219251e+00,1.690337e+00
3.186807e+00,1.896771e+00
5.345414e+00,3.836117e+00
5.635748e+00,8.363450e-01
6.121878e+00,1.734598e+00
7.893176e+00,-1.795768e-01
4.305895e+00,2.969238e+00
4.184929e+00,9.048459e-01
7.081009e+00,4.810762e-01
7.877143e+00,2.172311e+00
5.583925e+00,2.548703e+00
5.299336e+00,4.237893e+00
2.646183e+00,8.466445e-01
4.174661e+00,8.377572e-01
4.715536e+00,3.492211e-01
1.711643e+00,2.094294e+00
4.001977e+00,3.092014e+00
7.018866e+00,1.756671e+00
4.649026e+00,1.927357e+00
6.013255e+00,1.489308e+00
5.561811e+00,2.971497e+00
7.312492e+00,6.562840e-01
7.698886e+00,1.536294e+00
4.663860e+00,1.707712e+00
5.695153e+00,1.065843e+00
6.734345e+00,7.487391e-01
3.643204e+00,6.277186e-01
8.998653e+00,-1.511824e+00
5.715830e+00,1.794283e+00
3.506719e+00,2.944214e+00
4.733870e+00,9.414440e-01
4.070699e+00,8.932846e-01
6.158541e+00,4.383205e-01
3.497140e+00,1.507472e+00
4.222161e+00,1.597881e+00
6.319234e+00,9.696870e-01
5.428862e+00,6.676572e-01
7.594856e+00,5.450693e-02
7.242776e+00,-1.972527e-01
3.165303e+00,-2.600536e-01
3.400522e+00,-2.022785e-01
3.445250e+00,4.338515e-01
2.092120e-01,1.908204e+00
6.008605e+00,4.655595e-01
3.556892e+00,1.248543e+00
7.163452e+00,1.684346e+00
4.388237e+00,1.218129e+00
3.188160e+00,-2.058382e-01
1.531453e+00,2.746474e+00
4.984368e+00,2.316170e+00
6.478593e+00,2.638952e+00
5.884404e+00,1.548086e+00
3.573084e+00,1.113932e+00
5.386948e+00,2.553943e-01
3.108573e+00,4.433075e+00
6.651930e+00,1.031689e+00
6.394422e+00,2.563824e+00
5.009411e+00,2.374498e+00
5.347962e+00,1.323635e+00
5.422535e+00,2.326885e+00
7.623522e+00,2.168919e+00
6.713264e+00,1.178193e+00
2.199332e+00,2.028554e+00
7.006966e+00,2.015218e+00
6.837424e+00,3.372603e+00
3.823622e+00,2.255694e+00
4.234458e+00,1.770715e+00
5.892746e+00,2.555941e+00
7.350038e+00,2.658705e+00
1.427615e+00,3.766166e+00
3.269165e+00,3.023604e+00
4.531947e+00,2.764341e+00
6.277255e+00,3.044701e+00
4.219677e+00,-1.737312e-01
3.393580e+00,7.717185e-01
7.806727e+00,2.769726e+00
4.716172e+00,3.782198e+00
4.148864e+00,2.747381e+00
7.795303e+00,1.576847e+00
6.355769e+00,-4.773085e-01
5.450006e+00,1.120560e-01
4.705066e+00,2.485175e+00
4.593322e+00,7.701712e-01
7.789387e+00,1.378716e+00
9.351516e+00,1.488354e+00
6.204198e+00,3.660195e+00
4.551230e+00,4.341441e-01
6.424082e+00,1.839449e+00
5.864283e+00,9.412710e-01
5.311983e+00,-1.256989e+00
4.867632e+00,3.754430e+00
5.106373e+00,2.896790e+00
3.061927e+00,1.532332e+00
7.209796e+00,2.780343e+00
5.623338e+00,3.120978e+00
6.826466e+00,1.685064e+00
6.360221e+00,2.005611e+00
3.799170e+00,2.993142e+00
4.828126e+00,7.065186e-01
4.693791e+00,-1.824431e+00
1.013924e+01,2.133986e+00
5.357640e+00,3.140468e+00
6.496618e+00,8.087294e-01
2.138727e+00,2.109697e+00
6.000798e+00,-1.192179e+00
5.780645e+00,1.544412e+00
6.186950e+00,9.706955e-01
9.001832e+00,2.244830e+00
6.812399e+00,1.686031e+00
5.526137e+00,2.960432e-02
6.247139e+00,2.522303e+00
4.021567e+00,-1.018003e-01
6.965612e+00,1.918604e-01
4.292562e+00,2.074642e+00
3.491182e+00,-1.821433e-01
3.422804e+00,2.800580e-01
4.527217e+00,1.512888e+00
8.086030e+00,1.828066e+00
5.051060e+00,2.745164e+00
4.695797e+00,3.525062e-01
5.737408e+00,1.503327e+00
4.534896e+00,1.729191e+00
6.115650e+00,4.663308e-01
4.447174e+00,2.157148e+00
5.706562e+00,2.317855e+00
2.558777e+00,9.710321e-01
5.594091e+00,7.262703e-01
5.955497e+00,1.367770e+00
4.585252e+00,9.317020e-01
2.980521e+00,1.491759e-02
8.048583e+00,-1.421388e+00
4.025105e+00,1.370489e+00
5.935531e+00,-4.150285e-01
1.727062e+00,-1.290517e-01
7.256450e+00,-8.959811e-01
4.433763e+00,5.654390e-01
3.069676e+00,-2.146906e-01
2.351228e+00,-1.477494e+00
5.435081e+00,8.596265e-01
4.080130e+00,7.788237e-02
7.906913e+00,2.659232e+00
8.796935e+00,1.412909e+00
1.626275e+00,2.444331e+00
5.903835e+00,1.275304e+00
7.400496e+00,7.192596e-01
4.175036e+00,4.657830e+00
7.684524e+00,5.879236e-01
6.582406e+00,1.521692e+00
6.961431e+00,-7.818504e-01
8.676147e+00,1.789639e+00
1.723345e+00,1.213651e+00
5.583893e+00,2.253392e+00
5.378912e+00,8.854244e-01
4.241893e+00,2.088178e+00
3.823883e+00,4.406298e+00
4.428571e+00,2.680248e+00
8.201310e+00,-2.531677e+00
4.116091e+00,1.245154e+00
3.066831e+00,1.380218e+00
6.132747e+00,3.687134e+00
5.328512e+00,8.737638e-01
6.130210e+00,1.528736e+00
6.589136e+00,3.584953e-01
5.650423e+00,2.374071e+00
4.408093e+00,-1.300186e+00
7.071690e+00,2.174241e+00
4.409420e+00,2.338380e+00
3.201467e+00,1.705576e+00
5.850885e+00,8.219186e-01
4.227297e+00,3.289378e+00
5.720762e+00,-9.353494e-02
4.080405e+00,-1.290498e-01
5.608667e+00,-6.654290e-01
8.633587e+00,3.491335e+00
5.724077e+00,2.805370e+00
5.150985e+00,3.212155e+00
8.110678e+00,8.761298e-01
9.434120e+00,1.582808e+00
5.558199e+00,3.287261e-01
6.446468e+00,3.505352e-01
6.799855e+00,6.744013e-01
6.140486e+00,1.678086e+00
6.441233e+00,4.549859e-01
5.586548e+00,9.583850e-01
2.037732e+00,1.902787e+00
5.583515e+00,5.525069e-01
6.733790e+00,4.114522e-01
7.039068e+00,1.037945e+00
7.599572e+00,1.700842e+00
5.243202e+00,-1.571853e+00
3.836978e+00,3.330578e+00
4.526528e+00,4.824608e-01
4.028741e+00,3.180941e+00
5.205356e+00,-6.450112e-01
7.630506e+00,7.462382e-01
2.894172e+00,-4.720057e-01
5.865609e+00,2.994052e+00
5.678767e+00,1.340841e+00
3.729007e+00,1.133725e+00
5.585656e+00,-4.460009e-01
5.031579e+00,3.406085e-01
3.039167e+00,7.772131e-01
5.662035e+00,1.425948e+00
8.381431e+00,1.537001e+00
3.912641e+00,2.688331e+00
7.092336e+00,-3.474708e-01
3.236415e+00,6.127149e-01
6.647868e+00,3.245173e-01
5.030825e+00,5.613820e-01
4.567303e+00,1.361091e+00
7.458604e+00,3.562750e-02
5.765199e+00,3.061624e+00
5.566847e+00,-4.472003e-01
2.638840e+00,7.398693e-01
4.164658e+00,9.999598e-01
2.408087e+00,1.007856e+00
5.132483e+00,4.597150e-01
5.688629e+00,4.624011e-01
6.222004e+00,8.666988e-01
5.314294e+00,3.292325e+00
4.664089e+00,1.401726e+00
5.741513e+00,4.409574e-01
8.395898e+00,3.548409e+00
2.920839e+00,2.245181e+00
7.450562e+00,-5.945911e-01
4.768091e+00,1.716011e+00
6.749259e+00,1.123443e+00
4.675503e+00,-4.848023e-02
7.088662e+00,-1.137810e-01
7.668099e+00,-3.474078e-01
5.963190e+00,-4.404320e-01
8.735364e+00,1.137379e+00
3.450570e+00,5.065322e-01
1.725771e+00,5.750314e-01
5.912155e+00,4.409235e-01
6.591255e+00,3.124991e+00
3.709666e+00,1.735928e+00
