9.35e+00,7.82e+00
4.92e+00,1.21e+00
4.00e+00,-1.58e+00
-2.75e+00,9.43e+00
4.10e+00,1.07e+01
7.60e+00,-2.83e+00
5.97e+00,8.21e+00
5.77e+00,7.04e+00
-1.60e+00,9.77e+00
3.99e+00,1.47e+01
1.38e+01,7.67e+00
-5.07e-01,5.08e+00
1.75e+00,6.72e+00
6.47e-01,3.05e+00
-2.22e+00,1.34e+01
1.17e+01,7.22e+00
1.40e+01,1.05e+01
-3.84e+00,1.11e+01
1.03e+01,1.15e+01
5.72e+00,7.83e+00
8.82e+00,1.11e+01
1.17e+01,2.57e+00
2.24e+00,8.85e+00
-4.03e+00,1.05e+01
1.26e+01,-5.42e-01
1.03e+01,1.08e+01
8.31e+00,4.76e+00
2.38e+00,-1.55e+00
7.13e+00,1.92e+00
8.95e+00,9.92e+00
-3.62e+00,9.93e+00
1.15e+01,3.85e+00
6.53e+00,3.29e+00
1.64e+01,3.49e+00
7.19e+00,6.17e+00
-1.44e-01,1.75e-01
1.12e+01,-2.71e+00
4.54e+00,1.98e+00
8.44e+00,5.72e+00
8.80e+00,8.38e+00
4.24e+00,-7.73e-01
1.48e+00,6.00e+00
7.31e+00,2.99e-01
6.96e+00,8.26e+00
7.83e+00,8.62e+00
8.05e+00,1.15e+01
1.59e+01,1.02e+01
1.24e+01,7.29e+00
1.45e+01,4.52e+00
8.63e+00,-2.34e+00
1.22e+00,1.21e+00
2.79e+00,1.10e+01
4.43e+00,1.51e+01
1.26e+01,3.07e+00
3.01e+00,2.53e+00
-6.23e+00,-1.96e+00
-1.78e+00,7.55e+00
8.14e+00,9.20e+00
1.73e+00,8.49e+00
6.14e+00,-8.94e+00
-3.73e+00,2.91e+00
7.47e+00,1.26e+01
1.75e+00,5.68e+00
4.53e+00,4.67e+00
1.28e+01,-2.81e+00
8.89e+00,1.36e+01
3.65e-01,3.51e+00
6.21e-01,7.88e-02
8.66e+00,4.54e+00
-8.48e-01,-8.55e+00
1.24e+01,1.04e+01
2.38e+00,8.22e+00
8.64e+00,1.36e-01
1.47e+01,1.08e+01
9.42e+00,5.25e+00
2.44e+00,7.55e+00
7.37e+00,-1.73e-01
6.02e+00,2.45e+00
5.68e+00,2.76e+00
8.40e+00,-4.44e+00
4.16e+00,1.30e+01
3.68e+00,3.28e+00
3.41e+00,9.98e+00
-4.48e+00,2.88e+00
1.40e+00,2.53e+00
7.04e+00,2.40e+00
6.45e+00,6.18e+00
2.97e+00,6.24e+00
-7.98e-01,8.85e+00
8.57e+00,1.82e+00
-2.65e+00,3.52e+00
7.69e+00,6.17e+00
-2.68e+00,5.84e+00
2.64e+00,9.29e+00
3.44e+00,1.55e+00
8.07e-01,5.25e+00
-8.60e-01,8.99e+00
4.51e+00,2.06e+00
4.71e+00,-9.08e-01
8.12e+00,4.53e+00
1.61e+01,2.47e-01
3.17e+00,8.82e+00
5.25e-01,4.25e+00
-4.23e+00,2.29e+00
5.86e+00,4.93e-01
-1.22e+00,7.68e+00
2.75e+00,2.36e+00
1.40e+01,3.89e+00
6.23e+00,9.00e+00
5.66e+00,-8.08e-01
5.79e+00,7.43e+00
1.28e+01,1.30e+01
8.01e-01,1.39e+00
7.68e+00,4.11e+00
1.11e+00,3.74e+00
5.47e+00,5.93e-01
6.73e+00,1.29e+01
1.30e+01,6.67e+00
1.42e+01,8.04e+00
2.20e+00,3.74e+00
4.98e+00,-2.99e-01
1.61e+01,6.39e+00
1.22e+01,-2.62e+00
8.01e+00,1.54e+00
2.28e+00,1.17e+01
