1.34e+00,2.61e+00
9.87e+00,9.67e+00
3.51e+00,6.75e+00
5.70e+00,4.80e+00
2.15e+00,7.85e+00
1.49e+00,3.14e+00
2.33e+00,-3.59e+00
5.48e+00,6.78e+00
-2.28e+00,8.84e+00
1.24e+00,3.96e+00
2.84e+00,-1.30e+00
8.87e+00,9.29e+00
-2.85e+00,-4.13e-01
-5.53e-01,-4.96e-01
2.19e-01,1.66e+00
1.43e+00,5.35e-01
1.20e+01,2.89e+00
2.92e+00,-2.88e+00
4.14e+00,1.33e+00
-1.23e+00,3.30e+00
3.54e+00,2.32e+00
2.39e+00,-3.05e+00
7.65e+00,7.51e+00
2.51e+00,3.19e+00
7.39e+00,4.78e+00
2.06e-01,1.19e+00
3.39e+00,6.92e-01
8.20e-01,4.65e+00
8.55e-01,3.86e+00
4.62e+00,5.98e+00
1.18e+00,6.67e+00
1.99e+00,2.35e+00
8.90e-01,-4.87e-01
6.87e+00,5.83e+00
5.67e+00,2.74e+00
1.02e+01,6.34e+00
1.71e-01,4.94e+00
7.29e+00,-5.12e-01
1.35e+01,-5.17e+00
2.91e+00,5.10e-01
-8.47e-01,1.08e+01
7.42e+00,1.36e+01
1.35e+01,8.66e+00
5.27e+00,-1.18e-01
-5.11e+00,-2.22e+00
1.68e+00,3.44e+00
-3.78e+00,6.40e+00
-4.05e+00,-3.76e+00
5.25e-02,1.89e+00
-2.17e+00,-3.33e-01
5.25e+00,3.62e+00
1.57e+00,1.46e+00
7.26e+00,5.96e+00
3.56e+00,-2.46e+00
-6.13e+00,1.38e+00
8.84e+00,3.75e-01
2.30e+00,6.57e+00
1.13e+00,-8.84e-01
-3.22e+00,4.43e+00
1.40e+01,1.04e+00
1.65e+00,5.17e+00
6.99e+00,2.79e+00
5.67e+00,6.85e+00
-1.80e+00,1.45e-01
9.37e+00,6.29e+00
8.19e-01,2.43e+00
-2.54e+00,1.53e+00
4.20e+00,5.30e-01
2.42e-01,5.97e+00
8.77e+00,1.06e+01
5.28e+00,-1.35e+00
4.12e+00,1.00e+00
9.03e+00,9.38e+00
-6.51e+00,6.50e+00
1.13e+00,8.10e+00
3.00e+00,3.27e+00
1.07e+00,3.71e+00
1.68e+00,9.85e+00
8.39e+00,-3.02e+00
4.11e+00,6.64e+00
2.77e+00,-1.75e-01
4.07e-01,-2.49e+00
3.90e+00,-4.61e+00
7.34e+00,4.72e-02
-7.57e-01,-1.78e+00
-6.05e-01,-7.45e-01
2.05e+00,3.28e+00
6.56e+00,9.49e+00
-2.47e-01,1.06e+00
6.34e+00,1.36e+01
5.02e+00,-1.26e-01
4.44e+00,7.95e+00
8.57e+00,8.57e+00
5.48e+00,1.38e+01
7.10e+00,-7.96e+00
1.22e+00,6.11e+00
-3.31e+00,5.89e+00
3.09e+00,7.66e-01
1.64e+00,2.34e-01
6.57e+00,-1.14e+00
4.82e+00,2.80e+00
6.26e+00,5.56e+00
6.62e+00,4.25e+00
2.61e-01,3.74e+00
7.38e+00,3.08e+00
-3.04e+00,4.18e+00
3.11e-01,-3.35e+00
2.99e+00,1.05e+01
5.57e+00,8.28e+00
8.14e-01,1.17e+01
6.04e-01,4.02e+00
1.28e-02,-4.18e+00
6.15e+00,8.26e-01
9.85e+00,7.86e+00
3.48e+00,-2.74e+00
-6.94e-01,-1.12e+00
6.48e+00,8.32e+00
7.21e+00,-1.19e+00
6.31e+00,3.09e+00
7.06e+00,2.08e+00
7.91e+00,8.39e+00
1.20e+01,1.99e+00
2.14e+00,-9.01e-01
1.80e+00,1.09e+01
-3.32e+00,1.76e+00
2.41e+00,1.07e+01
6.40e+00,8.84e+00
6.39e+00,7.70e+00
8.55e+00,5.77e+00
7.88e+00,9.20e+00
-9.97e-01,9.41e+00
3.38e+00,3.07e+00
6.84e+00,7.61e+00
6.71e+00,2.99e+00
6.25e+00,-7.96e+00
1.32e+00,4.63e+00
3.18e+00,2.91e+00
-7.38e-01,-3.18e-01
1.34e+00,1.96e+00
-1.81e+00,5.09e+00
6.78e+00,-3.29e+00
6.99e-01,-2.40e+00
7.29e+00,2.04e+00
-8.49e+00,-1.68e+00
-2.08e+00,3.22e+00
-7.89e-01,3.19e+00
-2.24e+00,6.48e+00
-2.09e+00,1.62e+00
1.08e+01,3.71e+00
2.49e+00,8.13e+00
4.33e+00,1.45e+00
6.95e+00,1.32e+01
-1.39e+00,5.29e+00
3.25e+00,2.23e+00
1.13e+01,7.55e+00
3.88e+00,7.37e-01
1.47e+01,6.19e+00
-2.80e+00,4.34e+00
2.52e+00,4.49e+00
1.96e+00,-2.37e+00
5.98e+00,1.85e+01
-1.80e-01,-1.48e-01
7.50e+00,7.93e+00
4.09e+00,-9.59e-01
9.95e+00,5.37e+00
3.65e+00,9.53e+00
3.06e+00,8.72e+00
2.95e+00,1.76e+00
2.19e+00,5.94e+00
7.71e+00,6.34e+00
1.06e+01,1.14e+01
-2.31e+00,4.16e+00
-1.84e+00,7.72e-01
1.17e+00,1.06e+01
1.69e+00,-1.41e-01
4.62e+00,7.55e-01
1.01e+01,1.03e+01
4.55e+00,9.53e+00
4.30e-02,-6.11e+00
5.55e+00,1.46e+01
4.12e+00,8.18e+00
7.17e+00,5.80e+00
5.74e+00,-4.43e+00
-9.82e-01,4.33e+00
4.83e+00,4.87e+00
9.61e-01,4.46e+00
5.38e+00,5.82e+00
8.29e-01,4.69e+00
4.99e+00,1.00e+01
3.55e+00,-1.81e+00
3.98e-01,-2.70e+00
2.23e+00,4.99e+00
-5.12e+00,5.33e+00
5.09e+00,3.66e+00
4.23e+00,7.31e+00
5.28e-01,4.49e+00
8.58e+00,2.82e+00
1.17e+00,-5.86e-02
-3.88e+00,1.05e+01
6.09e+00,8.68e+00
1.15e+00,8.21e+00
-1.34e+00,8.82e+00
3.29e+00,7.47e-01
-6.01e+00,2.37e+00
7.71e+00,1.88e+00
2.53e-01,5.23e+00
-2.24e+00,-1.40e+00
-4.06e-01,2.76e+00
4.33e-01,5.70e+00
3.25e+00,4.37e+00
5.37e+00,6.04e+00
5.15e+00,3.80e+00
-2.33e+00,2.64e+00
1.65e+01,1.13e+01
6.34e-01,1.15e+01
8.77e+00,7.49e+00
1.10e+01,6.86e+00
4.51e-01,7.39e+00
7.59e+00,5.48e+00
-2.61e+00,5.85e+00
2.63e+00,4.20e+00
1.05e+00,6.18e+00
7.01e+00,8.38e+00
1.99e+00,5.61e+00
6.52e+00,5.63e+00
