1.26e+00,7.26e+00,1.07e+01
-1.11e+00,3.89e+00,-6.59e-01
9.50e-01,5.95e+00,1.88e+01
-7.30e-02,5.93e+00,2.77e+00
-7.18e+00,-1.18e+00,7.80e+00
2.01e+00,8.01e+00,4.79e-01
-2.96e+00,4.21e-02,6.61e+00
2.54e+00,6.54e+00,-6.25e+00
4.46e+00,8.46e+00,7.71e+00
5.97e+00,8.97e+00,8.63e-01
1.98e-01,5.20e+00,-2.54e+00
-1.39e+00,3.61e+00,6.56e+00
-6.49e-01,3.35e+00,1.21e+01
-1.80e+00,1.20e+00,-3.36e+00
3.26e+00,6.26e+00,-1.56e+01
-4.58e+00,-5.85e-01,1.01e+01
2.42e+00,5.42e+00,1.21e+01
8.46e+00,1.25e+01,-3.42e-01
1.58e+00,7.58e+00,4.90e+00
1.81e+00,6.81e+00,-8.27e-01
-4.24e+00,7.57e-01,3.99e+00
-1.77e+00,1.23e+00,8.41e+00
4.13e+00,8.13e+00,1.10e+01
-5.35e+00,-1.35e+00,1.39e+01
8.42e+00,1.14e+01,4.50e+00
-3.15e+00,2.85e+00,7.36e+00
2.35e+00,8.35e+00,2.21e+01
-4.43e+00,1.57e+00,-6.00e+00
-6.14e+00,-1.38e-01,7.83e-01
-1.26e+00,3.74e+00,4.46e+00
2.02e+00,6.02e+00,1.20e+01
4.07e+00,7.07e+00,2.04e+00
-1.84e+00,3.16e+00,-1.00e+00
1.32e+00,4.32e+00,1.70e+00
2.50e+00,5.50e+00,-1.57e+00
-8.86e+00,-3.86e+00,-3.96e-01
1.64e+00,5.64e+00,5.70e+00
1.88e+00,6.88e+00,1.40e+01
1.11e+01,1.51e+01,1.05e+01
7.02e+00,1.10e+01,8.08e+00
-3.44e+00,5.60e-01,7.57e+00
1.44e+00,7.44e+00,1.83e+00
-8.07e+00,-4.07e+00,8.43e-01
9.05e+00,1.51e+01,4.05e+00
6.37e+00,1.04e+01,4.83e+00
-3.86e+00,2.14e+00,7.86e+00
-1.11e+01,-6.11e+00,1.48e+01
-1.40e+00,1.60e+00,6.44e+00
-2.55e+00,4.46e-01,1.04e+00
6.06e+00,1.01e+01,4.53e+00
-2.63e+00,3.67e-01,9.18e+00
4.37e+00,7.37e+00,1.35e+01
-1.13e+00,4.87e+00,9.53e+00
6.91e+00,9.91e+00,-4.23e+00
2.97e+00,5.97e+00,1.63e+01
1.27e+00,5.27e+00,-7.43e+00
4.93e+00,8.93e+00,6.68e+00
2.83e+00,5.83e+00,1.00e-01
5.51e+00,1.05e+01,8.79e+00
-8.65e+00,-4.65e+00,2.34e+00
5.46e-01,4.55e+00,5.68e+00
-6.36e+00,-2.36e+00,8.14e+00
-2.39e-01,2.76e+00,7.99e+00
9.83e+00,1.58e+01,1.50e+01
-2.33e+00,6.74e-01,8.54e+00
-7.19e+00,-1.19e+00,2.79e-01
3.86e+00,8.86e+00,1.10e+01
-3.74e+00,2.59e-01,1.91e+00
6.53e+00,1.25e+01,9.08e+00
-1.74e+00,3.26e+00,8.63e+00
1.76e+00,6.76e+00,5.62e+00
6.16e+00,9.16e+00,-6.50e+00
-4.55e-01,5.55e+00,1.53e+01
4.23e+00,7.23e+00,5.88e+00
6.64e+00,1.26e+01,-5.03e+00
-7.72e+00,-3.72e+00,2.83e+00
-9.10e+00,-4.10e+00,3.31e+00
4.34e+00,9.34e+00,-1.62e+00
3.98e+00,9.98e+00,7.39e+00
7.04e-01,6.70e+00,1.28e+01
-3.71e-01,5.63e+00,4.00e+00
3.77e+00,8.77e+00,3.32e+00
-4.13e+00,-1.25e-01,3.54e+00
2.22e+00,6.22e+00,1.05e+01
-2.82e+00,2.18e+00,8.85e+00
-2.11e-01,2.79e+00,7.47e+00
-1.18e+00,3.82e+00,5.22e+00
4.16e+00,7.16e+00,8.42e+00
-3.99e+00,2.01e+00,9.50e-01
-5.45e+00,-4.51e-01,1.30e+01
-1.11e+00,4.89e+00,-1.26e+00
3.35e-01,3.34e+00,1.69e+00
-1.05e+01,-5.45e+00,1.17e+01
4.81e+00,8.81e+00,-2.00e+00
-7.66e+00,-3.66e+00,-1.25e+00
1.27e+01,1.77e+01,6.42e+00
2.36e+00,7.36e+00,4.21e+00
9.12e+00,1.51e+01,5.20e+00
5.29e+00,9.29e+00,1.62e+01
-1.12e+01,-7.19e+00,1.07e+01
-4.04e+00,-1.04e+00,-2.83e-01
-6.09e+00,-1.09e+00,1.90e+00
1.06e-01,6.11e+00,3.00e+00
-5.58e+00,-5.81e-01,6.88e+00
2.49e+00,7.49e+00,5.64e+00
2.49e+00,5.49e+00,7.06e+00
-2.95e+00,4.88e-02,1.34e+01
8.33e+00,1.43e+01,4.80e+00
-3.45e+00,1.55e+00,9.87e+00
-6.37e+00,-1.37e+00,5.30e+00
3.87e+00,7.87e+00,6.98e+00
-6.88e+00,-8.78e-01,-2.01e+00
-6.24e+00,-1.24e+00,1.09e+01
3.22e+00,8.22e+00,5.89e+00
9.07e+00,1.31e+01,1.75e+01
-3.47e+00,-4.73e-01,3.75e+00
7.25e+00,1.12e+01,5.94e+00
-1.68e+00,4.32e+00,1.11e+01
-3.52e+00,-5.20e-01,-3.57e+00
-7.63e-01,4.24e+00,8.66e+00
-7.00e-01,5.30e+00,1.07e+01
-7.06e-01,4.29e+00,-1.56e+00
-5.38e+00,-2.38e+00,2.30e+00
-2.37e+00,1.63e+00,1.44e+01
3.23e+00,8.23e+00,6.81e+00
-1.14e+01,-7.45e+00,4.84e+00
8.16e+00,1.12e+01,1.47e+01
5.18e+00,1.02e+01,5.92e+00
2.51e+00,7.51e+00,1.43e+01
1.11e+00,5.11e+00,4.55e+00
-8.16e-01,4.18e+00,1.01e+01
2.74e+00,8.74e+00,7.96e+00
4.60e-01,3.46e+00,1.27e+00
1.09e+00,5.09e+00,-3.99e-01
7.67e+00,1.17e+01,1.03e+01
8.64e+00,1.26e+01,8.35e+00
5.20e+00,1.02e+01,5.77e+00
-2.42e+00,2.58e+00,-1.55e+00
3.22e+00,9.22e+00,-9.62e+00
6.86e+00,9.86e+00,3.14e+00
-6.48e+00,-1.48e+00,-1.79e+00
4.89e+00,9.89e+00,1.32e+01
8.25e+00,1.32e+01,5.30e+00
5.95e+00,1.20e+01,1.43e+01
-2.26e+00,7.36e-01,3.86e+00
-4.19e+00,-1.19e+00,8.48e+00
-7.32e+00,-1.32e+00,7.33e+00
-1.87e+00,4.13e+00,2.55e+00
-7.88e+00,-4.88e+00,1.78e+01
1.99e+00,4.99e+00,-2.22e+00
2.26e+00,6.26e+00,2.88e+00
4.62e+00,8.62e+00,9.38e-01
1.38e+01,1.68e+01,-3.89e+00
6.48e+00,1.05e+01,2.03e+00
2.19e+00,6.19e+00,1.66e+01
1.44e+01,2.04e+01,1.57e+00
1.12e+01,1.42e+01,-1.11e+00
5.44e+00,8.44e+00,-2.70e+00
1.25e+01,1.65e+01,1.17e+01
1.12e+01,1.72e+01,1.06e+01
1.95e+00,7.95e+00,2.40e+00
-6.31e+00,-2.31e+00,1.17e+01
-3.45e+00,5.55e-01,8.40e+00
5.54e+00,8.54e+00,-3.58e+00
7.80e+00,1.28e+01,4.47e+00
5.07e+00,8.07e+00,5.89e+00
1.95e+00,4.95e+00,3.42e+00
2.54e+00,8.54e+00,7.31e+00
-2.88e+00,1.17e-01,4.04e-01
7.53e+00,1.35e+01,3.14e+00
4.26e+00,7.26e+00,4.30e-01
6.40e+00,1.14e+01,1.04e+01
6.44e+00,1.24e+01,2.35e+01
-1.24e+00,4.76e+00,8.74e+00
-1.78e-02,2.98e+00,-1.45e+00
