1.08e+01,2.60e-01
5.62e+00,5.19e-01
5.48e+00,4.88e+00
7.43e+00,9.41e+00
-2.06e+00,9.71e+00
4.13e-01,7.94e+00
1.40e+01,-4.08e-01
-5.20e+00,3.45e+00
4.29e+00,2.05e+00
3.81e+00,6.48e+00
3.90e+00,1.42e+01
-2.59e+00,5.91e+00
-5.82e+00,5.39e+00
6.80e+00,2.19e+00
9.47e+00,7.24e+00
2.82e+00,5.11e+00
-4.16e+00,1.59e+00
-1.77e-01,5.44e-01
1.24e+01,4.95e+00
1.21e+00,6.21e+00
1.01e+01,1.46e+00
-1.00e+00,4.00e+00
6.03e+00,-1.39e+00
1.14e+01,7.54e+00
8.30e+00,4.24e+00
2.98e+00,7.37e-01
-9.90e-01,8.18e+00
2.32e+00,3.79e+00
8.97e+00,1.07e+00
4.23e+00,7.67e-01
8.42e+00,7.00e+00
3.89e+00,3.04e+00
9.95e-01,3.56e+00
1.55e+00,1.24e+01
-7.24e-01,3.36e+00
8.92e+00,2.70e+00
4.27e+00,1.70e+00
7.45e+00,2.15e+00
3.51e+00,3.74e+00
8.22e+00,4.12e+00
6.87e-01,2.04e+00
8.87e+00,1.35e+01
1.19e+01,7.92e+00
-2.78e+00,7.99e+00
3.48e+00,5.72e+00
5.54e+00,5.59e+00
5.31e+00,1.50e+01
4.82e+00,7.80e+00
5.61e+00,5.95e+00
2.61e+00,5.57e+00
6.82e+00,3.79e+00
1.08e+01,2.72e+00
-7.43e-01,5.78e+00
9.70e+00,1.24e+01
-1.52e-02,8.54e+00
3.94e+00,1.78e+00
-4.41e+00,1.18e+00
4.18e+00,4.53e+00
3.47e+00,9.29e+00
6.98e+00,-4.81e+00
5.99e+00,-2.10e+00
-7.71e+00,3.03e+00
3.95e+00,-4.17e+00
1.50e+00,1.10e+01
9.18e+00,7.97e+00
5.63e+00,8.72e+00
-3.24e+00,5.71e+00
6.40e+00,-1.14e+00
-2.94e-01,2.94e+00
-2.11e+00,1.39e+01
1.15e+01,9.01e+00
-2.53e+00,1.18e+00
4.10e+00,5.93e-01
5.30e+00,4.62e+00
-2.73e+00,5.44e+00
3.32e+00,1.18e+01
-6.70e-02,-3.06e+00
4.84e+00,4.73e+00
1.63e+00,1.28e+01
-7.08e+00,1.29e+00
7.65e+00,4.32e-01
2.51e+00,4.94e+00
-6.98e-01,-1.40e+00
3.48e-02,2.99e+00
1.03e+01,9.43e+00
-9.02e+00,7.58e+00
3.05e+00,1.34e+00
1.18e+01,1.52e+01
9.82e+00,1.23e+00
3.31e+00,1.11e+00
3.47e+00,1.20e+01
9.42e+00,-7.19e-01
1.54e+00,7.89e+00
-5.62e+00,1.06e+00
-1.06e+00,1.04e+01
3.30e+00,1.80e+00
1.69e+00,8.58e+00
1.31e+01,1.40e+01
-1.43e+00,6.30e+00
8.80e+00,1.74e+00
6.77e+00,3.08e-01
-2.24e+00,1.94e+00
5.50e+00,8.89e+00
5.08e+00,1.62e+00
3.06e+00,7.65e+00
3.30e+00,2.99e+00
-1.03e-01,-8.82e-01
-7.71e+00,6.88e+00
1.10e+01,-3.61e-01
1.58e+00,-5.87e+00
6.59e+00,1.29e+01
7.74e+00,1.72e+00
1.13e+01,9.05e-01
-2.16e+00,1.34e+01
1.10e+01,8.64e+00
8.68e+00,-4.19e+00
6.86e+00,1.33e+01
2.91e+00,1.36e+00
1.88e+00,5.41e+00
4.61e+00,6.73e+00
2.43e+00,2.87e+00
6.78e+00,3.41e+00
4.01e+00,1.03e+01
3.69e+00,1.35e+01
8.13e+00,1.26e+01
