1100101
0101110
0100000
0100000
1010110
1001100
1000001
1000100
1001001
1001101
1001001
1010010
0111010
0100000
1000001
1101110
1100100
0100000
1110100
1101000
1100101
1111001
0100000
1100100
1101001
1100100
1101110
0100111
1110100
0100000
1100010
1100101
1100001
1110100
0100000
1111001
1101111
1110101
0111111
0100000
0100000
1000101
1010011
1010100
1010010
1000001
1000111
1001111
1001110
0111010
0100000
1000010
1100101
1100001
1110100
0100000
1101101
1100101
0111111
0100000
1000011
1100101
1110010
1110100
1100001
1101001
1101110
1101100
1111001
0100000
1110100
1101000
1100101
1111001
0100000
1100010
1100101
1100001
1110100
0100000
1101101
1100101
0101110
0100000
0100000
1010110
1001100
1000001
1000100
1001001
1001101
1001001
1010010
0111010
0100000
1010100
1101000
1100101
0100000
1110011
1100001
1101101
1100101
0100000
1101100
1101111
1110100
0100000
1100001
1110011
0100000
1110101
1110011
1110101
1100001
1101100
0111111
0100000
0100000
1000101
1010011
1010100
1010010
1000001
1000111
1001111
1001110
0111010
0100000
1010100
1101000
1100101
0100000
1110011
1100001
1101101
1100101
0111111
0100000
1001001
0100000
1100100
1101111
1101110
0100111
1110100
0100000
1101011
1101110
1101111
1110111
0101110
0100000
0100000
1010110
1001100
1000001
1000100
1001001
1001101
1001001
1010010
0111010
0100000
1010111
1101000
1100101
1101110
0100000
1001001
0100000
1110100
1101000
1101001
1101110
1101011
0100000
1101111
1100110
0100000
1101001
1110100
0100000
0101110
0100000
0101110
0100000
0101110
0100000
1100001
1101100
1101100
0100000
1110100
1101000
1100101
1110011
1100101
0100000
1111001
1100101
1100001
1110010
1110011
0100000
0101110
0100000
0101110
0100000
0101110
0100000
0100000
1100010
1110101
1110100
0100000
1100110
1101111
1110010
0100000
0100000
1101101
1100101
0100000
0101110
0100000
0101110
0100000
0101110
0100000
1110111
1101000
1100101
1110010
1100101
0100000
1110111
1101111
1110101
1101100
1100100
0100000
1111001
1101111
1110101
0100000
1100010
1100101
0100000
0101110
0100000
0101110
0100000
