6.536600e+00,-3.715700e+00
8.219900e+00,1.397300e+00
-3.517200e+00,1.774700e+00
1.539810e+01,4.704400e+00
-4.940000e-01,-4.183000e-01
7.961500e+00,5.930100e+00
-5.691000e-01,1.468270e+01
7.303300e+00,6.920300e+00
4.268500e+00,2.721800e+00
8.039800e+00,1.372500e+00
1.043280e+01,5.842000e+00
7.847400e+00,7.298000e+00
2.830300e+00,1.337300e+00
-4.353900e+00,3.529600e+00
1.023600e+00,-8.872000e-01
-1.020000e-02,2.577700e+00
4.209700e+00,-3.687100e+00
5.139400e+00,5.827500e+00
2.977000e+00,-5.542000e-01
1.366450e+01,1.257700e+00
6.304300e+00,1.100930e+01
3.651100e+00,7.455300e+00
-1.503800e+00,2.376300e+00
1.318070e+01,6.017700e+00
-4.696400e+00,2.050700e+00
-2.871400e+00,5.362000e+00
-2.131100e+00,-1.739900e+00
8.004300e+00,1.549200e+00
5.448200e+00,3.070700e+00
4.582200e+00,-3.755500e+00
-4.355300e+00,-2.926400e+00
2.868200e+00,1.230600e+00
-4.657100e+00,6.011400e+00
1.246900e+01,3.328100e+00
-6.636000e-01,-6.359500e+00
3.589100e+00,3.325600e+00
1.408800e+00,7.380300e+00
1.019960e+01,1.074180e+01
2.150900e+00,1.072460e+01
3.617700e+00,3.926300e+00
8.347800e+00,6.590700e+00
9.323200e+00,5.779900e+00
6.827200e+00,1.022500e+01
6.697800e+00,7.997500e+00
-1.275900e+00,9.498100e+00
7.080000e-01,-1.444900e+00
2.768500e+00,7.669400e+00
4.864800e+00,1.428000e-01
2.695700e+00,1.619000e+00
9.502400e+00,-9.323000e-01
7.591000e-01,4.653600e+00
-4.308700e+00,6.855500e+00
7.729000e-01,5.816700e+00
8.931500e+00,4.600000e-01
-1.945300e+00,2.819100e+00
1.397700e+00,3.446300e+00
1.138520e+01,3.142000e+00
1.872300e+00,8.584300e+00
1.057000e+00,3.620600e+00
5.253000e+00,4.201000e+00
1.150900e+00,-7.222000e+00
5.526400e+00,8.445200e+00
7.354000e+00,1.294570e+01
2.128800e+00,6.542600e+00
-3.710000e-01,6.585200e+00
6.570300e+00,-8.273000e-01
-3.848000e+00,-5.721000e-01
1.197000e+00,1.002320e+01
4.918100e+00,5.475200e+00
5.191600e+00,-7.727900e+00
8.278700e+00,1.415360e+01
4.050600e+00,7.544200e+00
4.946000e-01,6.500000e-02
4.863000e-01,7.928000e+00
2.843000e+00,3.558300e+00
-1.159000e+00,3.605900e+00
3.519300e+00,-4.333000e-01
5.589400e+00,4.281600e+00
8.668900e+00,3.969000e-01
5.876900e+00,5.299100e+00
1.503000e-01,2.347400e+00
4.233100e+00,1.128600e+00
-1.114100e+00,6.989100e+00
2.339000e+00,1.583500e+00
-1.039100e+00,8.399100e+00
2.307100e+00,3.451000e+00
7.301000e+00,5.504800e+00
-1.764000e+00,1.984800e+00
1.300420e+01,9.861200e+00
1.151000e+01,8.413200e+00
4.760500e+00,1.177140e+01
5.891000e+00,1.498100e+00
9.587800e+00,1.645100e+00
8.890200e+00,-3.092600e+00
8.291800e+00,1.079580e+01
4.036900e+00,-1.530700e+00
7.399400e+00,-2.014100e+00
1.459000e+00,2.848600e+00
5.861900e+00,2.005800e+00
4.042000e-01,1.075210e+01
9.061800e+00,4.994300e+00
-4.280500e+00,9.391900e+00
6.939000e-01,4.605700e+00
4.529600e+00,3.423000e-01
-4.551000e+00,9.898900e+00
-2.461000e+00,5.769500e+00
7.504400e+00,3.020000e+00
2.843200e+00,3.361600e+00
6.806000e-01,8.814700e+00
6.897600e+00,9.288200e+00
-2.119600e+00,3.518000e+00
-1.229100e+00,4.566400e+00
-5.153900e+00,4.663800e+00
7.160900e+00,5.435100e+00
3.749300e+00,2.404800e+00
-5.273000e-01,2.751400e+00
6.219500e+00,6.851300e+00
7.924400e+00,6.105900e+00
1.391280e+01,7.552500e+00
-5.619800e+00,-3.647700e+00
5.261100e+00,-1.108300e+00
4.010800e+00,9.407500e+00
1.656200e+00,8.019700e+00
-1.763800e+00,5.902600e+00
-9.500000e-02,7.488300e+00
-3.846600e+00,2.152900e+00
8.688300e+00,8.635500e+00
-1.492300e+00,3.346600e+00
-1.368700e+00,6.126300e+00
6.082900e+00,9.482700e+00
8.143000e-01,8.217600e+00
5.671600e+00,3.520500e+00
1.115880e+01,4.495500e+00
4.735700e+00,-3.573800e+00
4.010700e+00,2.946400e+00
3.526900e+00,-2.910500e+00
-2.217700e+00,-3.485700e+00
-5.054000e+00,7.268300e+00
6.672000e+00,-5.371700e+00
-8.180400e+00,5.818600e+00
-9.887000e-01,6.414000e-01
2.801000e+00,7.973500e+00
8.113000e-01,4.220300e+00
1.827700e+00,3.767500e+00
-3.650000e-01,1.365870e+01
7.370000e-02,4.814700e+00
2.498000e+00,4.639800e+00
1.109900e+00,9.365000e-01
2.604600e+00,1.063890e+01
5.126500e+00,6.967600e+00
9.034100e+00,6.605600e+00
-1.015400e+00,-1.878600e+00
3.042000e+00,5.834500e+00
-1.872500e+00,8.133000e-01
7.232600e+00,-4.552000e-01
4.560500e+00,1.625400e+00
8.351200e+00,4.755100e+00
3.934200e+00,8.651400e+00
1.115760e+01,1.862500e+00
2.975100e+00,3.636700e+00
1.009300e+00,2.350500e+00
2.066900e+00,4.509300e+00
8.575500e+00,-3.109800e+00
-1.208500e+00,7.463200e+00
7.393900e+00,6.119400e+00
2.506100e+00,1.283710e+01
9.896900e+00,5.155500e+00
6.343300e+00,6.131600e+00
5.628900e+00,2.928400e+00
5.254200e+00,4.932100e+00
6.768300e+00,7.352800e+00
-1.729300e+00,-3.057700e+00
3.111000e+00,-1.460600e+00
4.025000e-01,-2.485000e+00
2.774700e+00,7.079500e+00
5.814600e+00,3.007000e+00
1.263100e+00,-8.001300e+00
5.271800e+00,1.254770e+01
5.597900e+00,9.052000e-01
-8.060000e-01,2.748100e+00
3.351800e+00,9.545600e+00
-9.780000e-02,1.969500e+00
6.004500e+00,1.192480e+01
6.684100e+00,3.620400e+00
2.450900e+00,9.811500e+00
2.618000e+00,-2.055000e+00
-2.955800e+00,5.031800e+00
2.730200e+00,2.908800e+00
5.413200e+00,1.927200e+00
4.595700e+00,1.637900e+00
9.781100e+00,6.781700e+00
5.205300e+00,9.452000e+00
7.042900e+00,4.239800e+00
1.413600e+01,6.181000e-01
7.840300e+00,-8.016000e-01
3.786000e-01,9.982000e-01
5.976000e+00,1.149620e+01
7.121900e+00,6.617500e+00
4.978000e+00,7.042200e+00
7.853600e+00,2.395000e+00
6.286800e+00,8.624500e+00
3.078100e+00,5.470700e+00
-3.851300e+00,6.925100e+00
6.516800e+00,-4.410000e+00
8.376500e+00,3.901700e+00
1.299100e+00,1.818200e+00
-2.419000e-01,-1.795300e+00
1.843600e+00,4.025500e+00
-4.508100e+00,2.889300e+00
4.747600e+00,7.975600e+00
5.542000e-01,8.920000e+00
1.001700e+00,3.750400e+00
1.135500e+01,8.650800e+00
7.433500e+00,4.892200e+00
4.496300e+00,1.997700e+00
-9.790000e-01,1.400200e+00
5.751400e+00,1.788200e+00
3.117800e+00,-2.394000e+00
1.096880e+01,-1.367600e+00
2.704300e+00,3.280600e+00
2.616500e+00,2.383000e+00
-3.325000e-01,-5.509400e+00
5.159500e+00,-3.257400e+00
6.505500e+00,-1.744000e+00
-4.397000e-01,9.996000e-01
3.756100e+00,9.666800e+00
-4.440700e+00,5.924000e+00
2.033800e+00,1.427780e+01
-9.018000e-01,6.600400e+00
1.175600e+00,8.134800e+00
5.370000e+00,1.019900e+00
5.474600e+00,7.439700e+00
-4.536500e+00,2.476900e+00
7.251500e+00,5.032700e+00
1.093800e+01,1.049660e+01
5.991200e+00,3.964600e+00
4.439100e+00,3.278100e+00
1.131940e+01,7.512000e-01
9.174700e+00,-3.437800e+00
-6.739000e-01,6.895600e+00
3.593900e+00,6.871600e+00
5.949300e+00,3.455200e+00
-3.554000e-01,2.502000e-01
7.986900e+00,3.829200e+00
-5.171900e+00,3.138700e+00
6.917300e+00,8.032000e-01
-5.293000e-01,4.243000e+00
7.697300e+00,9.003000e-01
5.846600e+00,1.510860e+01
-7.386000e-01,1.781700e+00
6.506100e+00,7.756800e+00
6.376400e+00,1.232000e-01
5.359700e+00,-2.328400e+00
6.622800e+00,1.124540e+01
1.908900e+00,1.001650e+01
5.755900e+00,4.914200e+00
1.542800e+00,3.963400e+00
3.826300e+00,-4.676300e+00
8.030000e+00,-3.340700e+00
5.472800e+00,3.199300e+00
-1.084200e+00,1.135480e+01
3.692800e+00,2.565300e+00
4.517500e+00,7.541000e+00
3.355800e+00,1.198150e+01
7.885000e-01,-1.242300e+00
5.434000e+00,6.023600e+00
6.372100e+00,4.371100e+00
4.836000e-01,9.108500e+00
8.337300e+00,3.544000e-01
9.353400e+00,-2.591100e+00
3.841800e+00,4.527900e+00
-1.066200e+00,8.682100e+00
-8.985900e+00,-3.291200e+00
2.054500e+00,8.250000e+00
-4.529200e+00,-1.083700e+00
6.622000e-01,2.608000e-01
4.060800e+00,4.715200e+00
2.784200e+00,7.304400e+00
8.683700e+00,1.207190e+01
4.619200e+00,4.931200e+00
4.118400e+00,1.101970e+01
-4.740500e+00,6.692500e+00
1.251800e+00,-2.930000e-01
7.569400e+00,1.544200e+00
2.510000e-01,-1.825800e+00
6.693500e+00,3.881500e+00
3.271500e+00,8.194000e+00
7.060800e+00,9.672700e+00
-2.560000e-02,5.448800e+00
-1.359900e+00,6.786800e+00
1.561100e+00,1.089500e+00
4.821800e+00,4.706200e+00
-5.842400e+00,3.727000e+00
2.380000e-02,8.801700e+00
-2.541800e+00,1.158700e+00
-3.697000e-01,-3.479000e-01
3.470000e-01,1.049410e+01
6.422700e+00,1.108740e+01
-9.344000e-01,1.733800e+00
2.649300e+00,-1.838100e+00
7.364100e+00,6.529700e+00
-4.657800e+00,2.404000e-01
7.761100e+00,4.730500e+00
5.147100e+00,6.996100e+00
1.033600e+01,7.638000e+00
1.032000e+00,1.135270e+01
3.325400e+00,2.482300e+00
4.430400e+00,8.834000e+00
1.951100e+00,7.382000e+00
5.050000e-01,7.303200e+00
-3.054400e+00,4.681800e+00
7.254200e+00,6.856000e-01
-2.980300e+00,9.806600e+00
2.891700e+00,3.509600e+00
3.599800e+00,6.122800e+00
-2.756900e+00,2.157500e+00
3.553300e+00,6.765800e+00
6.322000e-01,1.530700e+00
5.376700e+00,6.556000e+00
-2.561000e+00,4.484600e+00
-2.649000e+00,1.149400e+00
5.644300e+00,1.706100e+00
2.938800e+00,1.162500e+00
8.054300e+00,8.179000e-01
-5.423000e-01,7.535200e+00
3.814300e+00,2.207200e+00
6.469800e+00,-5.242000e-01
3.503700e+00,3.400000e-01
-7.209900e+00,5.295200e+00
3.455900e+00,-1.081500e+00
-1.705500e+00,5.954700e+00
4.768800e+00,1.010040e+01
1.102640e+01,1.745800e+00
-5.016000e-01,5.352300e+00
6.707300e+00,-2.440500e+00
1.333600e+00,3.400600e+00
-1.152000e-01,1.380100e+00
-4.293400e+00,7.458100e+00
9.684700e+00,3.580600e+00
1.513400e+01,5.551900e+00
5.747100e+00,1.132900e+01
5.811100e+00,5.527700e+00
1.452500e+00,1.007310e+01
8.061300e+00,1.037910e+01
4.206300e+00,-6.231800e+00
6.498000e-01,9.615400e+00
9.839100e+00,1.352700e+00
-2.769500e+00,-5.205000e-01
8.395100e+00,2.897000e-01
4.781200e+00,-1.742400e+00
-4.165700e+00,-1.983900e+00
8.744500e+00,1.277500e+01
2.379600e+00,-1.059000e+00
8.534000e+00,9.880000e-01
5.098600e+00,-1.227600e+00
8.573300e+00,4.269200e+00
8.633100e+00,4.690600e+00
2.902800e+00,-4.550000e-01
2.919700e+00,9.004100e+00
1.997300e+00,-4.170000e+00
5.066700e+00,7.413500e+00
3.496900e+00,2.773000e+00
4.193200e+00,1.427900e+00
5.107400e+00,9.027400e+00
2.146400e+00,8.414700e+00
5.252200e+00,2.921800e+00
6.420200e+00,9.471000e-01
3.342800e+00,5.006000e+00
5.687000e+00,-5.949100e+00
-1.934100e+00,2.253000e-01
1.123780e+01,-5.444000e-01
6.949800e+00,1.040670e+01
2.571000e+00,1.280000e-02
-2.680600e+00,9.240400e+00
-1.146600e+00,-8.612000e-01
3.488100e+00,4.280500e+00
4.902500e+00,4.325000e-01
3.572600e+00,8.330600e+00
-1.092000e+00,7.000800e+00
5.056500e+00,9.809400e+00
4.943700e+00,4.677000e+00
5.203500e+00,2.827900e+00
3.323500e+00,-4.288000e-01
4.660000e-01,4.215100e+00
2.428900e+00,-6.440000e-01
6.108100e+00,2.459500e+00
7.486400e+00,3.907900e+00
1.011800e+00,8.910400e+00
7.229000e-01,7.809200e+00
-4.818800e+00,1.495800e+00
8.645600e+00,7.101300e+00
2.287200e+00,5.076800e+00
5.447300e+00,1.022750e+01
3.666000e-01,7.286800e+00
8.872800e+00,6.107000e-01
3.278000e+00,-1.588000e+00
-1.171000e+00,-3.792600e+00
9.306000e-01,9.671900e+00
9.019900e+00,2.650100e+00
1.521500e+00,1.782400e+00
8.126200e+00,-6.517000e-01
5.989000e+00,7.326600e+00
7.849700e+00,-6.978500e+00
1.048680e+01,-5.962500e+00
1.042390e+01,7.083600e+00
4.097600e+00,4.034500e+00
-3.219000e-01,6.680900e+00
5.036900e+00,5.469300e+00
4.216500e+00,-1.077200e+00
5.939200e+00,2.830100e+00
4.382400e+00,-3.145900e+00
-2.107300e+00,2.874900e+00
1.131300e+00,6.066600e+00
5.858600e+00,7.671300e+00
-2.544000e-01,1.310700e+00
9.544800e+00,7.342600e+00
5.364700e+00,9.592200e+00
6.698200e+00,7.005400e+00
7.997300e+00,2.237200e+00
2.155900e+00,4.642500e+00
1.265500e+00,1.377530e+01
6.790900e+00,4.163100e+00
-4.819000e-01,2.908600e+00
9.474700e+00,1.217000e+00
-1.156600e+00,1.511700e+00
-5.353000e-01,1.041880e+01
3.101700e+00,1.130150e+01
2.318600e+00,-1.204300e+00
8.486300e+00,9.372400e+00
4.446000e+00,6.217700e+00
4.051800e+00,3.491400e+00
2.869200e+00,5.710700e+00
7.751700e+00,8.973400e+00
1.291150e+01,1.286200e+00
4.272300e+00,5.813000e+00
3.333500e+00,6.091000e+00
4.825000e+00,9.109000e-01
5.800900e+00,1.077500e+00
9.134100e+00,-4.230000e+00
3.686000e+00,8.717000e-01
7.266600e+00,6.639000e-01
-4.111000e+00,4.263700e+00
2.257600e+00,1.233630e+01
7.396400e+00,4.617900e+00
-1.688100e+00,-3.100500e+00
6.223800e+00,6.723000e-01
4.202900e+00,6.636100e+00
5.384000e-01,3.287100e+00
3.538400e+00,7.198600e+00
4.236200e+00,1.711900e+00
