7.196700e+00,-2.193400e+00
6.537500e+00,-3.818300e+00
2.505300e+00,-3.552400e+00
7.175000e+00,2.659800e+00
8.711500e+00,9.292800e+00
1.855000e+00,3.425000e-01
8.964800e+00,9.303800e+00
6.337200e+00,-3.015300e+00
1.067100e+00,-5.690000e-02
6.325300e+00,1.336100e+00
1.074480e+01,-4.300500e+00
5.787400e+00,1.094390e+01
4.107300e+00,7.376500e+00
8.808800e+00,7.404200e+00
3.231100e+00,1.609600e+00
5.264900e+00,6.814300e+00
5.759700e+00,2.462500e+00
2.107380e+01,7.977200e+00
7.885500e+00,-4.834900e+00
6.400000e+00,1.112180e+01
2.144900e+00,8.986200e+00
-1.996500e+00,1.164900e+01
5.091200e+00,9.816200e+00
6.117000e+00,4.475900e+00
3.411600e+00,1.039330e+01
9.507200e+00,9.934600e+00
1.030330e+01,-3.343400e+00
-2.261600e+00,1.165320e+01
8.988700e+00,6.999100e+00
5.664600e+00,7.098600e+00
4.994300e+00,3.623500e+00
-1.688900e+00,1.169750e+01
2.513700e+00,6.603000e+00
3.217600e+00,4.360000e+00
4.242300e+00,-5.319300e+00
7.264300e+00,4.920900e+00
5.171600e+00,8.491500e+00
5.293700e+00,-1.902600e+00
9.155000e+00,8.963000e+00
6.409500e+00,7.030500e+00
4.874000e+00,5.869900e+00
4.507300e+00,5.423900e+00
1.117490e+01,-1.337700e+00
5.762000e+00,-2.493500e+00
-2.330900e+00,-5.334000e-01
-1.653400e+00,1.001660e+01
1.683900e+00,2.108400e+00
2.832300e+00,1.814400e+00
4.453000e+00,8.464700e+00
4.705800e+00,3.914200e+00
6.527100e+00,6.538600e+00
-3.306700e+00,-2.690000e+00
5.436300e+00,-1.651400e+00
-1.140600e+00,-1.465000e-01
3.191200e+00,1.021670e+01
4.116900e+00,3.055900e+00
4.359000e-01,-2.293800e+00
9.991800e+00,-2.773800e+00
1.134900e+01,6.517800e+00
5.721300e+00,5.782300e+00
-1.030900e+00,-2.958000e+00
4.920000e+00,-5.633800e+00
7.991400e+00,2.480800e+00
2.950600e+00,-7.571300e+00
1.263930e+01,7.011200e+00
3.831300e+00,5.715000e+00
2.676900e+00,3.371700e+00
6.983400e+00,6.054600e+00
9.404800e+00,7.707400e+00
3.110500e+00,1.934900e+00
2.975300e+00,9.646400e+00
3.301600e+00,-1.547300e+00
1.516050e+01,-2.638000e-01
2.870800e+00,8.499900e+00
-8.527000e-01,4.382500e+00
1.379810e+01,2.600500e+00
9.737800e+00,5.618900e+00
5.078800e+00,8.981800e+00
4.315000e-01,3.878200e+00
-5.098600e+00,2.358100e+00
1.277900e+00,3.112200e+00
9.783000e-01,9.887600e+00
4.275800e+00,8.374800e+00
7.644800e+00,4.483400e+00
1.706000e-01,6.283100e+00
8.631100e+00,-5.892900e+00
3.668500e+00,2.189800e+00
1.492500e+00,-2.773100e+00
4.290000e-02,-2.263300e+00
5.348800e+00,7.705000e+00
3.619300e+00,8.397700e+00
-1.700000e-01,3.921500e+00
3.649000e-01,9.426000e+00
3.784200e+00,-2.700000e-02
4.860700e+00,2.950900e+00
6.958800e+00,7.640400e+00
8.578100e+00,1.398490e+01
8.036000e-01,5.982900e+00
1.982600e+00,4.640300e+00
3.700900e+00,-1.795800e+00
-2.148700e+00,2.505600e+00
3.813900e+00,7.755700e+00
9.511100e+00,-1.414500e+00
-8.637000e-01,-5.781800e+00
5.746600e+00,8.786000e+00
-3.823300e+00,1.651900e+00
-2.623500e+00,-4.685600e+00
3.242800e+00,3.355700e+00
7.619200e+00,5.739400e+00
9.611900e+00,8.490000e-02
1.076110e+01,6.460400e+00
2.998100e+00,1.142990e+01
1.265170e+01,7.826800e+00
1.143470e+01,9.073000e+00
3.747400e+00,2.687100e+00
-7.580000e-01,7.772200e+00
7.075500e+00,3.545100e+00
5.619700e+00,6.070100e+00
6.086100e+00,-1.680200e+00
9.055700e+00,3.985000e+00
-1.442000e+00,1.100430e+01
3.094100e+00,6.960500e+00
3.630200e+00,4.277100e+00
5.311600e+00,-2.578500e+00
6.270300e+00,-1.539200e+00
8.650300e+00,1.021320e+01
8.539800e+00,5.863500e+00
4.493800e+00,8.989100e+00
1.577300e+01,-1.635000e+00
-2.754500e+00,1.947300e+00
2.853300e+00,-8.177500e+00
1.363630e+01,7.052000e-01
-2.779800e+00,1.872500e+00
8.725000e-01,6.367600e+00
3.456100e+00,4.924800e+00
4.516100e+00,3.569700e+00
-1.195700e+00,1.097620e+01
6.233700e+00,1.214600e+00
2.354200e+00,1.178300e+00
5.764400e+00,2.792400e+00
6.447400e+00,5.182200e+00
4.432100e+00,-8.419400e+00
6.503300e+00,2.785000e+00
7.219100e+00,-2.457000e-01
1.155250e+01,1.233000e+00
4.169700e+00,7.025000e-01
3.612500e+00,1.247280e+01
7.889600e+00,7.160700e+00
3.780500e+00,1.132610e+01
5.923600e+00,4.675000e+00
3.366400e+00,-2.540000e-02
4.016100e+00,1.745400e+00
6.737200e+00,7.618500e+00
5.893000e+00,-7.455000e-01
-2.044800e+00,5.930600e+00
6.160500e+00,1.075250e+01
1.512300e+01,5.337100e+00
9.635000e+00,1.159630e+01
4.527800e+00,3.230500e+00
5.460300e+00,8.086000e-01
-1.560000e-01,2.501700e+00
8.186300e+00,8.779100e+00
1.052070e+01,1.810700e+00
4.166500e+00,4.723300e+00
4.428500e+00,-2.424300e+00
-1.725500e+00,5.030100e+00
4.979300e+00,8.162400e+00
-2.880700e+00,-1.189600e+00
-4.474400e+00,5.828800e+00
5.008200e+00,-4.446300e+00
8.874000e+00,8.532500e+00
5.267900e+00,1.062830e+01
2.661100e+00,1.315800e+00
-9.986000e-01,1.007950e+01
2.888600e+00,3.796100e+00
-7.634800e+00,5.157200e+00
5.581800e+00,9.946400e+00
6.136100e+00,3.767400e+00
3.858700e+00,7.198300e+00
3.381200e+00,1.273340e+01
4.020300e+00,1.174870e+01
6.346000e+00,-3.787000e-01
-3.373600e+00,3.371200e+00
3.800000e+00,1.387900e+00
-2.835900e+00,-5.788000e+00
7.911000e+00,3.384100e+00
7.358600e+00,3.519600e+00
1.036690e+01,-5.715300e+00
1.039790e+01,3.414600e+00
-1.074800e+00,8.046300e+00
9.259000e-01,3.679500e+00
4.045500e+00,-1.997600e+00
-1.490700e+00,8.942400e+00
7.004100e+00,-7.831000e-01
1.014790e+01,-8.300000e-02
2.502600e+00,5.800700e+00
9.366000e+00,7.725000e-01
4.693900e+00,1.909200e+00
-6.253600e+00,-2.864600e+00
-1.471400e+00,2.815700e+00
