footable[1]:[1,0,100,1,1,Inf];
footable[2]:[1,0,100,1,2,Inf];
footable[3]:[1,0,100,1,3,Inf];
footable[4]:[1,0,100,2,1,Inf];
footable[5]:[1,0,100,2,2,Inf];
footable[6]:[1,0,100,2,3,Inf];
footable[7]:[1,0,100,3,1,Inf];
footable[8]:[1,0,100,3,2,Inf];
footable[9]:[1,0,100,3,3,Inf];
footable[10]:[1,0,100,4,1,Inf];
footable[11]:[1,0,100,4,2,Inf];
footable[12]:[1,0,100,4,3,Inf];
footable[13]:[1,0,150,1,1,Inf];
footable[14]:[1,0,150,1,2,Inf];
footable[15]:[1,0,150,1,3,Inf];
footable[16]:[1,0,150,2,1,Inf];
footable[17]:[1,0,150,2,2,Inf];
footable[18]:[1,0,150,2,3,Inf];
footable[19]:[1,0,150,3,1,Inf];
footable[20]:[1,0,150,3,2,Inf];
footable[21]:[1,0,150,3,3,Inf];
footable[22]:[1,0,150,4,1,Inf];
footable[23]:[1,0,150,4,2,Inf];
footable[24]:[1,0,150,4,3,Inf];
footable[25]:[1,0,200,1,1,Inf];
footable[26]:[1,0,200,1,2,Inf];
footable[27]:[1,0,200,1,3,Inf];
footable[28]:[1,0,200,2,1,Inf];
footable[29]:[1,0,200,2,2,Inf];
footable[30]:[1,0,200,2,3,Inf];
footable[31]:[1,0,200,3,1,Inf];
footable[32]:[1,0,200,3,2,Inf];
footable[33]:[1,0,200,3,3,Inf];
footable[34]:[1,0,200,4,1,Inf];
footable[35]:[1,0,200,4,2,Inf];
footable[36]:[1,0,200,4,3,Inf];
footable[37]:[1,2,100,1,1,0.906341243229172];
footable[38]:[1,2,100,1,2,0.821951397663190];
footable[39]:[1,2,100,1,3,0.745419129017439];
footable[40]:[1,2,100,2,1,0.951731723221123];
footable[41]:[1,2,100,2,2,0.906341243229172];
footable[42]:[1,2,100,2,3,0.863115549409238];
footable[43]:[1,2,100,3,1,0.967517558250447];
footable[44]:[1,2,100,3,2,0.936656524262726];
footable[45]:[1,2,100,3,3,0.906341243229172];
footable[46]:[1,2,100,4,1,0.975508392526330];
footable[47]:[1,2,100,4,2,0.951731723221123];
footable[48]:[1,2,100,4,3,0.928983943364243];
footable[49]:[1,2,150,1,1,0.936470846762602];
footable[50]:[1,2,150,1,2,0.877214947950221];
footable[51]:[1,2,150,1,3,0.821708510806830];
footable[52]:[1,2,150,2,1,0.967583337987241];
footable[53]:[1,2,150,2,2,0.936470846762602];
footable[54]:[1,2,150,2,3,0.906358772837641];
footable[55]:[1,2,150,3,1,0.978323355048731];
footable[56]:[1,2,150,3,2,0.957168376363383];
footable[57]:[1,2,150,3,3,0.936470846762602];
footable[58]:[1,2,150,4,1,0.983631529149656];
footable[59]:[1,2,150,4,2,0.967583337987241];
footable[60]:[1,2,150,4,3,0.952003010842791];
footable[61]:[1,2,200,1,1,0.951936263989615];
footable[62]:[1,2,200,1,2,0.906321023768915];
footable[63]:[1,2,200,1,3,0.862891591799362];
footable[64]:[1,2,200,2,1,0.975597727850383];
footable[65]:[1,2,200,2,2,0.951936263989615];
footable[66]:[1,2,200,2,3,0.928848668697880];
footable[67]:[1,2,200,3,1,0.983614864099811];
footable[68]:[1,2,200,3,2,0.967645936763973];
footable[69]:[1,2,200,3,3,0.951936263989615];
footable[70]:[1,2,200,4,1,0.987708427002998];
footable[71]:[1,2,200,4,2,0.975597727850383];
footable[72]:[1,2,200,4,3,0.963753238728828];
footable[73]:[1,3,100,1,1,0.877133837338511];
footable[74]:[1,3,100,1,2,0.769952785652861];
footable[75]:[1,3,100,1,3,0.675868134810637];
footable[76]:[1,3,100,2,1,0.936707870437462];
footable[77]:[1,3,100,2,2,0.877133837338511];
footable[78]:[1,3,100,2,3,0.822262891989428];
footable[79]:[1,3,100,3,1,0.956971568447184];
footable[80]:[1,3,100,3,2,0.916386239254447];
footable[81]:[1,3,100,3,3,0.877133837338511];
footable[82]:[1,3,100,4,1,0.967513567690960];
footable[83]:[1,3,100,4,2,0.936707870437462];
footable[84]:[1,3,100,4,3,0.906501557521668];
footable[85]:[1,3,150,1,1,0.916356222980579];
footable[86]:[1,3,150,1,2,0.839875205418971];
footable[87]:[1,3,150,1,3,0.769777329422622];
footable[88]:[1,3,150,2,1,0.957126676351084];
footable[89]:[1,3,150,2,2,0.916356222980579];
footable[90]:[1,3,150,2,3,0.877247846250629];
footable[91]:[1,3,150,3,1,0.971036359112481];
footable[92]:[1,3,150,3,2,0.943318453934215];
footable[93]:[1,3,150,3,3,0.916356222980579];
footable[94]:[1,3,150,4,1,0.978252252238602];
footable[95]:[1,3,150,4,2,0.957126676351084];
footable[96]:[1,3,150,4,3,0.936675973866990];
footable[97]:[1,3,200,1,1,0.936441537839683];
footable[98]:[1,3,200,1,2,0.877092328150494];
footable[99]:[1,3,200,1,3,0.821504473287324];
footable[100]:[1,3,200,2,1,0.967738009800965];
footable[101]:[1,3,200,2,2,0.936441537839683];
footable[102]:[1,3,200,2,3,0.906407483259091];
footable[103]:[1,3,200,3,1,0.978222306427915];
footable[104]:[1,3,200,3,2,0.957103968357319];
footable[105]:[1,3,200,3,3,0.936441537839683];
footable[106]:[1,3,200,4,1,0.983654402371426];
footable[107]:[1,3,200,4,2,0.967738009800965];
footable[108]:[1,3,200,4,3,0.951976917306003];
footable[109]:[1,4,100,1,1,0.862962015877890];
footable[110]:[1,4,100,1,2,0.745332412501558];
footable[111]:[1,4,100,1,3,0.643735309541927];
footable[112]:[1,4,100,2,1,0.928991937648216];
footable[113]:[1,4,100,2,2,0.862962015877890];
footable[114]:[1,4,100,2,3,0.802324832559800];
footable[115]:[1,4,100,3,1,0.952197821922429];
footable[116]:[1,4,100,3,2,0.906556481977013];
footable[117]:[1,4,100,3,3,0.862962015877890];
footable[118]:[1,4,100,4,1,0.963545212694594];
footable[119]:[1,4,100,4,2,0.928991937648216];
footable[120]:[1,4,100,4,3,0.895471591535840];
footable[121]:[1,4,150,1,1,0.906461471147261];
footable[122]:[1,4,150,1,2,0.821805407321357];
footable[123]:[1,4,150,1,3,0.745055180727606];
footable[124]:[1,4,150,2,1,0.951806208473286];
footable[125]:[1,4,150,2,2,0.906461471147261];
footable[126]:[1,4,150,2,3,0.862927727693314];
footable[127]:[1,4,150,3,1,0.967692039402736];
footable[128]:[1,4,150,3,2,0.936482904184118];
footable[129]:[1,4,150,3,3,0.906461471147261];
footable[130]:[1,4,150,4,1,0.975573986669824];
footable[131]:[1,4,150,4,2,0.951806208473286];
footable[132]:[1,4,150,4,3,0.928909098908107];
footable[133]:[1,4,200,1,1,0.928799541457338];
footable[134]:[1,4,200,1,2,0.862852878949109];
footable[135]:[1,4,200,1,3,0.801588445958100];
footable[136]:[1,4,200,2,1,0.963754306628050];
footable[137]:[1,4,200,2,2,0.928799541457338];
footable[138]:[1,4,200,2,3,0.895320479843264];
footable[139]:[1,4,200,3,1,0.975540827891604];
footable[140]:[1,4,200,3,2,0.951883337625176];
footable[141]:[1,4,200,3,3,0.928799541457338];
footable[142]:[1,4,200,4,1,0.981634211512300];
footable[143]:[1,4,200,4,2,0.963754306628050];
footable[144]:[1,4,200,4,3,0.946143698147476];
footable[145]:[2,0,100,1,1,Inf];
footable[146]:[2,0,100,1,2,Inf];
footable[147]:[2,0,100,1,3,Inf];
footable[148]:[2,0,100,2,1,Inf];
footable[149]:[2,0,100,2,2,Inf];
footable[150]:[2,0,100,2,3,Inf];
footable[151]:[2,0,100,3,1,Inf];
footable[152]:[2,0,100,3,2,Inf];
footable[153]:[2,0,100,3,3,Inf];
footable[154]:[2,0,100,4,1,Inf];
footable[155]:[2,0,100,4,2,Inf];
footable[156]:[2,0,100,4,3,Inf];
footable[157]:[2,0,150,1,1,Inf];
footable[158]:[2,0,150,1,2,Inf];
footable[159]:[2,0,150,1,3,Inf];
footable[160]:[2,0,150,2,1,Inf];
footable[161]:[2,0,150,2,2,Inf];
footable[162]:[2,0,150,2,3,Inf];
footable[163]:[2,0,150,3,1,Inf];
footable[164]:[2,0,150,3,2,Inf];
footable[165]:[2,0,150,3,3,Inf];
footable[166]:[2,0,150,4,1,Inf];
footable[167]:[2,0,150,4,2,Inf];
footable[168]:[2,0,150,4,3,Inf];
footable[169]:[2,0,200,1,1,Inf];
footable[170]:[2,0,200,1,2,Inf];
footable[171]:[2,0,200,1,3,Inf];
footable[172]:[2,0,200,2,1,Inf];
footable[173]:[2,0,200,2,2,Inf];
footable[174]:[2,0,200,2,3,Inf];
footable[175]:[2,0,200,3,1,Inf];
footable[176]:[2,0,200,3,2,Inf];
footable[177]:[2,0,200,3,3,Inf];
footable[178]:[2,0,200,4,1,Inf];
footable[179]:[2,0,200,4,2,Inf];
footable[180]:[2,0,200,4,3,Inf];
footable[181]:[2,2,100,1,1,0.821951397663190];
footable[182]:[2,2,100,1,2,0.676012814729472];
footable[183]:[2,2,100,1,3,0.555985824682209];
footable[184]:[2,2,100,2,1,0.906341243229172];
footable[185]:[2,2,100,2,2,0.821951397663190];
footable[186]:[2,2,100,2,3,0.745419129017439];
footable[187]:[2,2,100,3,1,0.936656524262726];
footable[188]:[2,2,100,3,2,0.877431558156015];
footable[189]:[2,2,100,3,3,0.821951397663190];
footable[190]:[2,2,100,4,1,0.951731723221123];
footable[191]:[2,2,100,4,2,0.906341243229172];
footable[192]:[2,2,100,4,3,0.863115549409238];
footable[193]:[2,2,150,1,1,0.877214947950221];
footable[194]:[2,2,150,1,2,0.769714285318693];
footable[195]:[2,2,150,1,3,0.675387580214018];
footable[196]:[2,2,150,2,1,0.936470846762602];
footable[197]:[2,2,150,2,2,0.877214947950221];
footable[198]:[2,2,150,2,3,0.821708510806830];
footable[199]:[2,2,150,3,1,0.957168376363383];
footable[200]:[2,2,150,3,2,0.916419207222918];
footable[201]:[2,2,150,3,3,0.877214947950221];
footable[202]:[2,2,150,4,1,0.967583337987241];
footable[203]:[2,2,150,4,2,0.936470846762602];
footable[204]:[2,2,150,4,3,0.906358772837641];
footable[205]:[2,2,200,1,1,0.906321023768915];
footable[206]:[2,2,200,1,2,0.821543227698403];
footable[207]:[2,2,200,1,3,0.744695596015653];
footable[208]:[2,2,200,2,1,0.951936263989615];
footable[209]:[2,2,200,2,2,0.906321023768915];
footable[210]:[2,2,200,2,3,0.862891591799362];
footable[211]:[2,2,200,3,1,0.967645936763973];
footable[212]:[2,2,200,3,2,0.936481636794740];
footable[213]:[2,2,200,3,3,0.906321023768915];
footable[214]:[2,2,200,4,1,0.975597727850383];
footable[215]:[2,2,200,4,2,0.951936263989615];
footable[216]:[2,2,200,4,3,0.928848668697880];
footable[217]:[2,3,100,1,1,0.769952785652861];
footable[218]:[2,3,100,1,2,0.593279708989534];
footable[219]:[2,3,100,1,3,0.457150862324524];
footable[220]:[2,3,100,2,1,0.877133837338511];
footable[221]:[2,3,100,2,2,0.769952785652861];
footable[222]:[2,3,100,2,3,0.675868134810637];
footable[223]:[2,3,100,3,1,0.916386239254447];
footable[224]:[2,3,100,3,2,0.840066621300138];
footable[225]:[2,3,100,3,3,0.769952785652862];
footable[226]:[2,3,100,4,1,0.936707870437462];
footable[227]:[2,3,100,4,2,0.877133837338511];
footable[228]:[2,3,100,4,3,0.822262891989428];
footable[229]:[2,3,150,1,1,0.839875205418971];
footable[230]:[2,3,150,1,2,0.705529865439213];
footable[231]:[2,3,150,1,3,0.592673845439787];
footable[232]:[2,3,150,2,1,0.916356222980579];
footable[233]:[2,3,150,2,2,0.839875205418971];
footable[234]:[2,3,150,2,3,0.769777329422622];
footable[235]:[2,3,150,3,1,0.943318453934215];
footable[236]:[2,3,150,3,2,0.889996693874917];
footable[237]:[2,3,150,3,3,0.839875205418971];
footable[238]:[2,3,150,4,1,0.957126676351084];
footable[239]:[2,3,150,4,2,0.916356222980579];
footable[240]:[2,3,150,4,3,0.877247846250629];
footable[241]:[2,3,200,1,1,0.877092328150494];
footable[242]:[2,3,200,1,2,0.769439593828152];
footable[243]:[2,3,200,1,3,0.674999822766800];
footable[244]:[2,3,200,2,1,0.936441537839683];
footable[245]:[2,3,200,2,2,0.877092328150494];
footable[246]:[2,3,200,2,3,0.821504473287324];
footable[247]:[2,3,200,3,1,0.957103968357319];
footable[248]:[2,3,200,3,2,0.916225172753787];
footable[249]:[2,3,200,3,3,0.877092328150494];
footable[250]:[2,3,200,4,1,0.967738009800965];
footable[251]:[2,3,200,4,2,0.936441537839683];
footable[252]:[2,3,200,4,3,0.906407483259091];
footable[253]:[2,4,100,1,1,0.745332412501558];
footable[254]:[2,4,100,1,2,0.555985736751324];
footable[255]:[2,4,100,1,3,0.414737471812929];
footable[256]:[2,4,100,2,1,0.862962015877890];
footable[257]:[2,4,100,2,2,0.745332412501558];
footable[258]:[2,4,100,2,3,0.643735309541927];
footable[259]:[2,4,100,3,1,0.906556481977013];
footable[260]:[2,4,100,3,2,0.822366937992717];
footable[261]:[2,4,100,3,3,0.745332412501558];
footable[262]:[2,4,100,4,1,0.928991937648216];
footable[263]:[2,4,100,4,2,0.862962015877890];
footable[264]:[2,4,100,4,3,0.802324832559800];
footable[265]:[2,4,150,1,1,0.821805407321357];
footable[266]:[2,4,150,1,2,0.675472515386919];
footable[267]:[2,4,150,1,3,0.555195026770981];
footable[268]:[2,4,150,2,1,0.906461471147261];
footable[269]:[2,4,150,2,2,0.821805407321357];
footable[270]:[2,4,150,2,3,0.745055180727606];
footable[271]:[2,4,150,3,1,0.936482904184118];
footable[272]:[2,4,150,3,2,0.877324019802762];
footable[273]:[2,4,150,3,3,0.821805407321357];
footable[274]:[2,4,150,4,1,0.951806208473286];
footable[275]:[2,4,150,4,2,0.906461471147261];
footable[276]:[2,4,150,4,3,0.862927727693314];
footable[277]:[2,4,200,1,1,0.862852878949109];
footable[278]:[2,4,200,1,2,0.744673811403580];
footable[279]:[2,4,200,1,3,0.642680545190604];
footable[280]:[2,4,200,2,1,0.928799541457338];
footable[281]:[2,4,200,2,2,0.862852878949109];
footable[282]:[2,4,200,2,3,0.801588445958100];
footable[283]:[2,4,200,3,1,0.951883337625176];
footable[284]:[2,4,200,3,2,0.906275527675895];
footable[285]:[2,4,200,3,3,0.862852878949109];
footable[286]:[2,4,200,4,1,0.963754306628050];
footable[287]:[2,4,200,4,2,0.928799541457338];
footable[288]:[2,4,200,4,3,0.895320479843264];
footable[289]:[3,0,100,1,1,Inf];
footable[290]:[3,0,100,1,2,Inf];
footable[291]:[3,0,100,1,3,Inf];
footable[292]:[3,0,100,2,1,Inf];
footable[293]:[3,0,100,2,2,Inf];
footable[294]:[3,0,100,2,3,Inf];
footable[295]:[3,0,100,3,1,Inf];
footable[296]:[3,0,100,3,2,Inf];
footable[297]:[3,0,100,3,3,Inf];
footable[298]:[3,0,100,4,1,Inf];
footable[299]:[3,0,100,4,2,Inf];
footable[300]:[3,0,100,4,3,Inf];
footable[301]:[3,0,150,1,1,Inf];
footable[302]:[3,0,150,1,2,Inf];
footable[303]:[3,0,150,1,3,Inf];
footable[304]:[3,0,150,2,1,Inf];
footable[305]:[3,0,150,2,2,Inf];
footable[306]:[3,0,150,2,3,Inf];
footable[307]:[3,0,150,3,1,Inf];
footable[308]:[3,0,150,3,2,Inf];
footable[309]:[3,0,150,3,3,Inf];
footable[310]:[3,0,150,4,1,Inf];
footable[311]:[3,0,150,4,2,Inf];
footable[312]:[3,0,150,4,3,Inf];
footable[313]:[3,0,200,1,1,Inf];
footable[314]:[3,0,200,1,2,Inf];
footable[315]:[3,0,200,1,3,Inf];
footable[316]:[3,0,200,2,1,Inf];
footable[317]:[3,0,200,2,2,Inf];
footable[318]:[3,0,200,2,3,Inf];
footable[319]:[3,0,200,3,1,Inf];
footable[320]:[3,0,200,3,2,Inf];
footable[321]:[3,0,200,3,3,Inf];
footable[322]:[3,0,200,4,1,Inf];
footable[323]:[3,0,200,4,2,Inf];
footable[324]:[3,0,200,4,3,Inf];
footable[325]:[3,2,100,1,1,0.745419129017439];
footable[326]:[3,2,100,1,2,0.555985824682209];
footable[327]:[3,2,100,1,3,0.414693191003856];
footable[328]:[3,2,100,2,1,0.863115549409238];
footable[329]:[3,2,100,2,2,0.745419129017439];
footable[330]:[3,2,100,2,3,0.643772063063205];
footable[331]:[3,2,100,3,1,0.906341243229172];
footable[332]:[3,2,100,3,2,0.821951397663190];
footable[333]:[3,2,100,3,3,0.745419129017439];
footable[334]:[3,2,100,4,1,0.928983943364243];
footable[335]:[3,2,100,4,2,0.863115549409238];
footable[336]:[3,2,100,4,3,0.802305557358723];
footable[337]:[3,2,150,1,1,0.821708510806830];
footable[338]:[3,2,150,1,2,0.675387580214018];
footable[339]:[3,2,150,1,3,0.555121892384269];
footable[340]:[3,2,150,2,1,0.906358772837641];
footable[341]:[3,2,150,2,2,0.821708510806830];
footable[342]:[3,2,150,2,3,0.744964242601676];
footable[343]:[3,2,150,3,1,0.936470846762602];
footable[344]:[3,2,150,3,2,0.877214947950221];
footable[345]:[3,2,150,3,3,0.821708510806830];
footable[346]:[3,2,150,4,1,0.952003010842791];
footable[347]:[3,2,150,4,2,0.906358772837641];
footable[348]:[3,2,150,4,3,0.863089760662998];
footable[349]:[3,2,200,1,1,0.862891591799362];
footable[350]:[3,2,200,1,2,0.744695596015653];
footable[351]:[3,2,200,1,3,0.642689691260843];
footable[352]:[3,2,200,2,1,0.928848668697880];
footable[353]:[3,2,200,2,2,0.862891591799362];
footable[354]:[3,2,200,2,3,0.801618093765305];
footable[355]:[3,2,200,3,1,0.951936263989615];
footable[356]:[3,2,200,3,2,0.906321023768915];
footable[357]:[3,2,200,3,3,0.862891591799362];
footable[358]:[3,2,200,4,1,0.963753238728828];
footable[359]:[3,2,200,4,2,0.928848668697880];
footable[360]:[3,2,200,4,3,0.895317605863956];
footable[361]:[3,3,100,1,1,0.675868134810637];
footable[362]:[3,3,100,1,2,0.457150862324524];
footable[363]:[3,3,100,1,3,0.309257986645764];
footable[364]:[3,3,100,2,1,0.822262891989428];
footable[365]:[3,3,100,2,2,0.675868134810637];
footable[366]:[3,3,100,2,3,0.556196360408391];
footable[367]:[3,3,100,3,1,0.877133837338511];
footable[368]:[3,3,100,3,2,0.769952785652862];
footable[369]:[3,3,100,3,3,0.675868134810637];
footable[370]:[3,3,100,4,1,0.906501557521668];
footable[371]:[3,3,100,4,2,0.822262891989428];
footable[372]:[3,3,100,4,3,0.745510390627190];
footable[373]:[3,3,150,1,1,0.769777329422622];
footable[374]:[3,3,150,1,2,0.592673845439787];
footable[375]:[3,3,150,1,3,0.456316080322135];
footable[376]:[3,3,150,2,1,0.877247846250629];
footable[377]:[3,3,150,2,2,0.769777329422622];
footable[378]:[3,3,150,2,3,0.675430327610789];
footable[379]:[3,3,150,3,1,0.916356222980579];
footable[380]:[3,3,150,3,2,0.839875205418971];
footable[381]:[3,3,150,3,3,0.769777329422622];
footable[382]:[3,3,150,4,1,0.936675973866990];
footable[383]:[3,3,150,4,2,0.877247846250629];
footable[384]:[3,3,150,4,3,0.821763581265253];
footable[385]:[3,3,200,1,1,0.821504473287324];
footable[386]:[3,3,200,1,2,0.674999822766800];
footable[387]:[3,3,200,1,3,0.554622115195328];
footable[388]:[3,3,200,2,1,0.906407483259091];
footable[389]:[3,3,200,2,2,0.821504473287324];
footable[390]:[3,3,200,2,3,0.744766952246484];
footable[391]:[3,3,200,3,1,0.936441537839683];
footable[392]:[3,3,200,3,2,0.877092328150494];
footable[393]:[3,3,200,3,3,0.821504473287324];
footable[394]:[3,3,200,4,1,0.951976917306003];
footable[395]:[3,3,200,4,2,0.906407483259091];
footable[396]:[3,3,200,4,3,0.862922587120546];
footable[397]:[3,4,100,1,1,0.643735309541927];
footable[398]:[3,4,100,1,2,0.414737471812929];
footable[399]:[3,4,100,1,3,0.267196142564059];
footable[400]:[3,4,100,2,1,0.802324832559800];
footable[401]:[3,4,100,2,2,0.643735309541927];
footable[402]:[3,4,100,2,3,0.516843525560737];
footable[403]:[3,4,100,3,1,0.862962015877890];
footable[404]:[3,4,100,3,2,0.745332412501558];
footable[405]:[3,4,100,3,3,0.643735309541927];
footable[406]:[3,4,100,4,1,0.895471591535840];
footable[407]:[3,4,100,4,2,0.802324832559800];
footable[408]:[3,4,100,4,3,0.718666890845800];
footable[409]:[3,4,150,1,1,0.745055180727606];
footable[410]:[3,4,150,1,2,0.555195026770981];
footable[411]:[3,4,150,1,3,0.413714638733463];
footable[412]:[3,4,150,2,1,0.862927727693314];
footable[413]:[3,4,150,2,2,0.745055180727606];
footable[414]:[3,4,150,2,3,0.643059103568885];
footable[415]:[3,4,150,3,1,0.906461471147261];
footable[416]:[3,4,150,3,2,0.821805407321357];
footable[417]:[3,4,150,3,3,0.745055180727606];
footable[418]:[3,4,150,4,1,0.928909098908107];
footable[419]:[3,4,150,4,2,0.862927727693314];
footable[420]:[3,4,150,4,3,0.801850598725307];
footable[421]:[3,4,200,1,1,0.801588445958100];
footable[422]:[3,4,200,1,2,0.642680545190604];
footable[423]:[3,4,200,1,3,0.515274063276104];
footable[424]:[3,4,200,2,1,0.895320479843264];
footable[425]:[3,4,200,2,2,0.801588445958100];
footable[426]:[3,4,200,2,3,0.717818581282534];
footable[427]:[3,4,200,3,1,0.928799541457338];
footable[428]:[3,4,200,3,2,0.862852878949109];
footable[429]:[3,4,200,3,3,0.801588445958100];
footable[430]:[3,4,200,4,1,0.946143698147476];
footable[431]:[3,4,200,4,2,0.895320479843264];
footable[432]:[3,4,200,4,3,0.847171667543485];
footable[433]:[4,0,100,1,1,Inf];
footable[434]:[4,0,100,1,2,Inf];
footable[435]:[4,0,100,1,3,Inf];
footable[436]:[4,0,100,2,1,Inf];
footable[437]:[4,0,100,2,2,Inf];
footable[438]:[4,0,100,2,3,Inf];
footable[439]:[4,0,100,3,1,Inf];
footable[440]:[4,0,100,3,2,Inf];
footable[441]:[4,0,100,3,3,Inf];
footable[442]:[4,0,100,4,1,Inf];
footable[443]:[4,0,100,4,2,Inf];
footable[444]:[4,0,100,4,3,Inf];
footable[445]:[4,0,150,1,1,Inf];
footable[446]:[4,0,150,1,2,Inf];
footable[447]:[4,0,150,1,3,Inf];
footable[448]:[4,0,150,2,1,Inf];
footable[449]:[4,0,150,2,2,Inf];
footable[450]:[4,0,150,2,3,Inf];
footable[451]:[4,0,150,3,1,Inf];
footable[452]:[4,0,150,3,2,Inf];
footable[453]:[4,0,150,3,3,Inf];
footable[454]:[4,0,150,4,1,Inf];
footable[455]:[4,0,150,4,2,Inf];
footable[456]:[4,0,150,4,3,Inf];
footable[457]:[4,0,200,1,1,Inf];
footable[458]:[4,0,200,1,2,Inf];
footable[459]:[4,0,200,1,3,Inf];
footable[460]:[4,0,200,2,1,Inf];
footable[461]:[4,0,200,2,2,Inf];
footable[462]:[4,0,200,2,3,Inf];
footable[463]:[4,0,200,3,1,Inf];
footable[464]:[4,0,200,3,2,Inf];
footable[465]:[4,0,200,3,3,Inf];
footable[466]:[4,0,200,4,1,Inf];
footable[467]:[4,0,200,4,2,Inf];
footable[468]:[4,0,200,4,3,Inf];
footable[469]:[4,2,100,1,1,0.676012814729472];
footable[470]:[4,2,100,1,2,0.457269789140404];
footable[471]:[4,2,100,1,3,0.309307243153646];
footable[472]:[4,2,100,2,1,0.821951397663190];
footable[473]:[4,2,100,2,2,0.676012814729472];
footable[474]:[4,2,100,2,3,0.555985824682209];
footable[475]:[4,2,100,3,1,0.877431558156015];
footable[476]:[4,2,100,3,2,0.770351890880331];
footable[477]:[4,2,100,3,3,0.676012814729472];
footable[478]:[4,2,100,4,1,0.906341243229172];
footable[479]:[4,2,100,4,2,0.821951397663190];
footable[480]:[4,2,100,4,3,0.745419129017439];
footable[481]:[4,2,150,1,1,0.769714285318693];
footable[482]:[4,2,150,1,2,0.592620394616274];
footable[483]:[4,2,150,1,3,0.456271812559303];
footable[484]:[4,2,150,2,1,0.877214947950221];
footable[485]:[4,2,150,2,2,0.769714285318693];
footable[486]:[4,2,150,2,3,0.675387580214018];
footable[487]:[4,2,150,3,1,0.916419207222918];
footable[488]:[4,2,150,3,2,0.839869606034122];
footable[489]:[4,2,150,3,3,0.769714285318693];
footable[490]:[4,2,150,4,1,0.936470846762602];
footable[491]:[4,2,150,4,2,0.877214947950221];
footable[492]:[4,2,150,4,3,0.821708510806830];
footable[493]:[4,2,200,1,1,0.821543227698403];
footable[494]:[4,2,200,1,2,0.675036336528232];
footable[495]:[4,2,200,1,3,0.554656213173410];
footable[496]:[4,2,200,2,1,0.906321023768915];
footable[497]:[4,2,200,2,2,0.821543227698403];
footable[498]:[4,2,200,2,3,0.744695596015653];
footable[499]:[4,2,200,3,1,0.936481636794740];
footable[500]:[4,2,200,3,2,0.877131772638886];
footable[501]:[4,2,200,3,3,0.821543227698403];
footable[502]:[4,2,200,4,1,0.951936263989615];
footable[503]:[4,2,200,4,2,0.906321023768915];
footable[504]:[4,2,200,4,3,0.862891591799362];
footable[505]:[4,3,100,1,1,0.593279708989534];
footable[506]:[4,3,100,1,2,0.352290406460158];
footable[507]:[4,3,100,1,3,0.209208405866673];
footable[508]:[4,3,100,2,1,0.769952785652861];
footable[509]:[4,3,100,2,2,0.593279708989534];
footable[510]:[4,3,100,2,3,0.457150862324524];
footable[511]:[4,3,100,3,1,0.840066621300138];
footable[512]:[4,3,100,3,2,0.706140518412167];
footable[513]:[4,3,100,3,3,0.593279708989534];
footable[514]:[4,3,100,4,1,0.877133837338511];
footable[515]:[4,3,100,4,2,0.769952785652861];
footable[516]:[4,3,100,4,3,0.675868134810637];
footable[517]:[4,3,150,1,1,0.705529865439213];
footable[518]:[4,3,150,1,2,0.497869865052923];
footable[519]:[4,3,150,1,3,0.351329930338378];
footable[520]:[4,3,150,2,1,0.839875205418971];
footable[521]:[4,3,150,2,2,0.705529865439213];
footable[522]:[4,3,150,2,3,0.592673845439787];
footable[523]:[4,3,150,3,1,0.889996693874917];
footable[524]:[4,3,150,3,2,0.792417951656907];
footable[525]:[4,3,150,3,3,0.705529865439213];
footable[526]:[4,3,150,4,1,0.916356222980579];
footable[527]:[4,3,150,4,2,0.839875205418971];
footable[528]:[4,3,150,4,3,0.769777329422622];
footable[529]:[4,3,200,1,1,0.769439593828152];
footable[530]:[4,3,200,1,2,0.592151313910969];
footable[531]:[4,3,200,1,3,0.455713813912222];
footable[532]:[4,3,200,2,1,0.877092328150494];
footable[533]:[4,3,200,2,2,0.769439593828152];
footable[534]:[4,3,200,2,3,0.674999822766800];
footable[535]:[4,3,200,3,1,0.916225172753787];
footable[536]:[4,3,200,3,2,0.839630865087968];
footable[537]:[4,3,200,3,3,0.769439593828152];
footable[538]:[4,3,200,4,1,0.936441537839683];
footable[539]:[4,3,200,4,2,0.877092328150494];
footable[540]:[4,3,200,4,3,0.821504473287324];
footable[541]:[4,4,100,1,1,0.555985736751324];
footable[542]:[4,4,100,1,2,0.309370490087010];
footable[543]:[4,4,100,1,3,0.172138517054829];
footable[544]:[4,4,100,2,1,0.745332412501558];
footable[545]:[4,4,100,2,2,0.555985736751324];
footable[546]:[4,4,100,2,3,0.414737471812929];
footable[547]:[4,4,100,3,1,0.822366937992717];
footable[548]:[4,4,100,3,2,0.676160150228983];
footable[549]:[4,4,100,3,3,0.555985736751324];
footable[550]:[4,4,100,4,1,0.862962015877890];
footable[551]:[4,4,100,4,2,0.745332412501558];
footable[552]:[4,4,100,4,3,0.643735309541927];
footable[553]:[4,4,150,1,1,0.675472515386919];
footable[554]:[4,4,150,1,2,0.456333811645909];
footable[555]:[4,4,150,1,3,0.308286424972101];
footable[556]:[4,4,150,2,1,0.821805407321357];
footable[557]:[4,4,150,2,2,0.675472515386919];
footable[558]:[4,4,150,2,3,0.555195026770981];
footable[559]:[4,4,150,3,1,0.877324019802762];
footable[560]:[4,4,150,3,2,0.769752959962595];
footable[561]:[4,4,150,3,3,0.675472515386919];
footable[562]:[4,4,150,4,1,0.906461471147261];
footable[563]:[4,4,150,4,2,0.821805407321357];
footable[564]:[4,4,150,4,3,0.745055180727606];
footable[565]:[4,4,200,1,1,0.744673811403580];
footable[566]:[4,4,200,1,2,0.554656325345607];
footable[567]:[4,4,200,1,3,0.413124390202178];
footable[568]:[4,4,200,2,1,0.862852878949109];
footable[569]:[4,4,200,2,2,0.744673811403580];
footable[570]:[4,4,200,2,3,0.642680545190604];
footable[571]:[4,4,200,3,1,0.906275527675895];
footable[572]:[4,4,200,3,2,0.821510698715415];
footable[573]:[4,4,200,3,3,0.744673811403580];
footable[574]:[4,4,200,4,1,0.928799541457338];
footable[575]:[4,4,200,4,2,0.862852878949109];
footable[576]:[4,4,200,4,3,0.801588445958100];
