4.417000e-01,1.013100e+00,1.303400e+00
4.382900e+00,4.827000e-01,1.139600e+00
5.621000e-01,8.725000e-01,9.075000e-01
2.043000e+00,9.835000e-01,6.400600e+00
3.410200e+00,2.062800e+00,9.422700e+00
8.299000e-01,2.990400e+00,6.703000e-01
4.439600e+00,1.280000e-02,2.869000e-01
4.026700e+00,2.711200e+00,1.093700e+00
1.129000e+00,4.475200e+00,5.485200e+00
1.912900e+00,3.169000e-01,4.050000e+00
1.483400e+00,3.219000e+00,3.356700e+00
2.324500e+00,2.165700e+00,7.632700e+00
1.499000e+00,3.710900e+00,7.226000e-01
4.073200e+00,2.914000e-01,2.410600e+00
3.798900e+00,4.367700e+00,7.740100e+00
3.288600e+00,4.026200e+00,1.300900e+00
2.576700e+00,9.870000e-01,4.506900e+00
3.563100e+00,1.690500e+00,3.216700e+00
4.025200e+00,2.839500e+00,1.499820e+01
2.910800e+00,2.762700e+00,7.108300e+00
4.871200e+00,2.134800e+00,7.924400e+00
3.258900e+00,3.661000e-01,1.596000e-01
7.030000e-01,1.527700e+00,-4.167600e+00
2.174100e+00,4.307600e+00,8.112000e+00
2.845200e+00,2.948700e+00,-4.322600e+00
5.256000e-01,2.160200e+00,4.568500e+00
4.149900e+00,2.961700e+00,4.070800e+00
3.038800e+00,2.116700e+00,6.715000e-01
4.900500e+00,1.950600e+00,4.747200e+00
4.611300e+00,4.150500e+00,6.690200e+00
8.526000e-01,3.994500e+00,9.949600e+00
3.243000e-01,2.774200e+00,1.097800e+00
2.054600e+00,2.020500e+00,1.715700e+00
3.149000e-01,3.395900e+00,2.543200e+00
3.373600e+00,2.391000e-01,1.976900e+00
1.753900e+00,5.071000e-01,1.016400e+00
1.342800e+00,3.638800e+00,4.391900e+00
2.433700e+00,2.027700e+00,3.962800e+00
8.541000e-01,2.659000e+00,-2.049500e+00
2.251100e+00,2.762000e-01,-2.505300e+00
4.028800e+00,1.795700e+00,8.287400e+00
5.348000e-01,2.393800e+00,8.741000e-01
4.477300e+00,4.752000e+00,2.891600e+00
2.060000e-02,9.850000e-02,-6.532200e+00
3.496000e-01,2.929300e+00,-2.852700e+00
2.918700e+00,1.143100e+00,1.134590e+01
6.870000e-02,1.308100e+00,-5.171000e-01
2.021000e+00,4.390700e+00,3.798600e+00
6.411000e-01,4.751100e+00,4.473900e+00
4.352400e+00,1.415200e+00,2.133200e+00
2.319700e+00,4.331200e+00,8.962900e+00
8.082000e-01,6.605000e-01,7.589800e+00
4.535500e+00,4.008200e+00,6.159500e+00
6.267000e-01,2.285300e+00,7.889100e+00
1.084000e+00,1.824000e-01,-1.883100e+00
4.203100e+00,4.814000e-01,4.164900e+00
1.151500e+00,1.197000e-01,-3.058900e+00
3.611700e+00,3.532600e+00,1.564700e+00
4.218700e+00,9.049000e-01,1.922100e+00
1.968800e+00,1.244400e+00,-4.774600e+00
1.077800e+00,3.790600e+00,-4.833000e-01
2.688300e+00,3.292100e+00,3.043400e+00
9.064000e-01,3.899300e+00,-1.199800e+00
3.505700e+00,3.397100e+00,2.132000e+00
2.437500e+00,4.167000e-01,4.355300e+00
2.340000e-01,2.932400e+00,-6.426000e-01
2.987800e+00,3.242000e-01,3.510100e+00
4.495600e+00,1.792900e+00,4.056100e+00
3.674000e+00,2.758700e+00,2.103600e+00
1.476000e-01,4.796600e+00,-1.000700e+00
4.129700e+00,3.772200e+00,2.010700e+00
2.925000e-01,2.115200e+00,-2.524900e+00
4.314400e+00,1.578500e+00,6.428600e+00
4.937900e+00,2.301800e+00,4.459800e+00
5.427000e-01,3.944400e+00,4.366100e+00
2.129500e+00,4.760800e+00,9.390600e+00
4.417200e+00,3.740100e+00,4.713300e+00
2.064400e+00,2.011900e+00,7.861900e+00
2.458400e+00,4.919400e+00,5.754100e+00
3.779300e+00,1.462600e+00,1.323780e+01
2.888100e+00,1.338000e-01,5.091000e-01
1.896100e+00,3.603600e+00,5.162400e+00
2.663500e+00,3.943500e+00,3.628700e+00
1.014100e+00,3.385400e+00,3.645200e+00
3.121800e+00,4.116900e+00,6.389600e+00
3.405900e+00,3.873100e+00,1.028900e+00
1.675000e+00,1.126300e+00,3.178100e+00
4.546000e-01,2.748900e+00,-1.001100e+00
4.434500e+00,1.822400e+00,4.153000e+00
3.027000e-01,4.072400e+00,5.880000e-01
7.612000e-01,4.336500e+00,7.530900e+00
4.829800e+00,7.361000e-01,4.510200e+00
4.806500e+00,4.611400e+00,1.971500e+00
2.785300e+00,2.364900e+00,4.111700e+00
4.182100e+00,4.272800e+00,6.592800e+00
2.725500e+00,4.255800e+00,2.944600e+00
3.053900e+00,2.284300e+00,6.609300e+00
1.877000e+00,1.114600e+00,5.002100e+00
1.427700e+00,4.214000e-01,3.538800e+00
4.312700e+00,3.853800e+00,7.655000e-01
2.270400e+00,4.500000e-03,2.810700e+00
1.773900e+00,1.430200e+00,-3.392400e+00
3.169700e+00,2.701000e+00,2.567000e-01
3.450100e+00,3.432500e+00,5.151300e+00
3.313100e+00,4.373500e+00,9.638100e+00
2.674200e+00,1.060300e+00,8.119300e+00
8.887000e-01,6.885000e-01,1.300230e+01
4.153000e-01,4.285000e-01,-4.253700e+00
3.102500e+00,1.489700e+00,5.194700e+00
4.054400e+00,2.870000e-02,6.086800e+00
9.540000e-01,4.205300e+00,4.474000e+00
1.699400e+00,2.852800e+00,9.973500e+00
1.031100e+00,2.763700e+00,1.240910e+01
3.719100e+00,3.483000e-01,7.887600e+00
4.485000e-01,2.240000e+00,5.534800e+00
1.685300e+00,2.087900e+00,5.121900e+00
3.710600e+00,1.120900e+00,8.043100e+00
3.443200e+00,4.394200e+00,1.279540e+01
4.430500e+00,1.444600e+00,-1.156100e+00
1.670800e+00,3.761900e+00,7.842300e+00
3.719700e+00,4.598300e+00,-9.883000e-01
4.851100e+00,2.069300e+00,-2.282500e+00
8.992000e-01,3.729700e+00,4.860600e+00
1.883600e+00,1.722900e+00,-4.073000e-01
2.401100e+00,1.169400e+00,-2.254900e+00
1.405100e+00,2.830200e+00,7.039500e+00
4.499000e+00,4.541200e+00,1.991800e+00
4.552100e+00,9.172000e-01,6.120600e+00
1.907700e+00,2.998700e+00,2.663400e+00
4.775600e+00,1.135400e+00,4.868100e+00
1.858500e+00,1.110000e-01,1.408500e+00
4.398900e+00,2.835800e+00,1.178430e+01
1.061000e+00,3.533400e+00,9.047300e+00
3.176100e+00,1.595900e+00,8.557100e+00
4.486300e+00,2.964000e+00,8.137300e+00
4.348700e+00,3.259700e+00,7.465200e+00
4.316900e+00,4.006800e+00,1.539300e+00
1.194700e+00,3.231000e+00,5.064200e+00
3.330700e+00,4.751400e+00,3.789100e+00
2.592900e+00,2.881800e+00,7.549800e+00
1.520500e+00,1.854700e+00,6.221500e+00
1.935000e+00,1.638000e+00,8.229900e+00
3.748300e+00,1.388200e+00,1.093230e+01
4.436000e-01,3.573200e+00,1.569600e+00
4.038900e+00,4.711000e-01,6.085000e+00
3.883000e+00,1.566900e+00,4.532600e+00
3.598000e-01,3.145600e+00,2.825200e+00
3.769600e+00,2.585500e+00,5.141600e+00
6.562000e-01,3.112800e+00,4.437400e+00
4.480000e-01,2.969000e-01,-3.668700e+00
1.470400e+00,2.595600e+00,5.436900e+00
1.977500e+00,5.160000e-01,6.171300e+00
4.244200e+00,2.188000e+00,6.352500e+00
4.593800e+00,4.849500e+00,1.179190e+01
2.017400e+00,3.610400e+00,1.055150e+01
3.710700e+00,2.625400e+00,-1.081100e+00
1.582400e+00,3.000000e+00,-6.344000e-01
3.264600e+00,1.662500e+00,1.884200e+00
3.646500e+00,3.323400e+00,1.218190e+01
5.728000e-01,4.140000e+00,-1.518300e+00
3.696300e+00,3.343600e+00,8.699600e+00
3.198900e+00,4.920300e+00,4.869600e+00
5.774000e-01,3.280800e+00,3.395300e+00
2.891000e+00,1.428000e+00,2.884500e+00
3.249100e+00,4.733900e+00,4.555900e+00
1.107500e+00,1.323500e+00,6.756900e+00
6.375000e-01,4.292900e+00,5.252900e+00
5.685000e-01,1.669300e+00,3.653300e+00
1.087000e+00,4.578900e+00,2.919300e+00
4.237000e-01,3.294100e+00,2.881100e+00
5.412000e-01,7.621000e-01,-5.633000e-01
2.897100e+00,4.715300e+00,2.641400e+00
6.843000e-01,1.118200e+00,4.608000e-01
9.762000e-01,2.248400e+00,1.589000e-01
2.619000e-01,1.674200e+00,5.062000e-01
4.853900e+00,2.499000e-01,4.340100e+00
3.907600e+00,4.413000e-01,4.142100e+00
3.457500e+00,1.622900e+00,5.317900e+00
4.143800e+00,3.357400e+00,2.731800e+00
4.691200e+00,4.445800e+00,3.060000e-01
1.964000e-01,9.720000e-02,-2.038800e+00
2.273700e+00,1.219900e+00,3.080200e+00
1.092600e+00,4.529100e+00,7.728700e+00
8.794000e-01,3.353400e+00,-3.258000e+00
1.620500e+00,4.920100e+00,8.757400e+00
2.949700e+00,4.394100e+00,4.174400e+00
3.813800e+00,1.444200e+00,4.147700e+00
3.660000e-01,7.437000e-01,-8.104500e+00
4.228000e+00,3.322900e+00,7.861000e+00
8.924000e-01,3.242800e+00,-1.368900e+00
7.582000e-01,4.769500e+00,2.310400e+00
2.582300e+00,3.537700e+00,6.757000e-01
2.269100e+00,4.151700e+00,4.591400e+00
2.856500e+00,4.777000e-01,-5.092300e+00
1.531900e+00,2.366500e+00,2.269700e+00
2.676000e+00,1.132500e+00,1.623000e-01
4.174000e+00,7.172000e-01,3.686700e+00
5.018000e-01,4.497900e+00,-9.236000e-01
4.843300e+00,1.368800e+00,2.157000e+00
3.224000e+00,3.950700e+00,1.464800e+00
