3.784368e-01,4.248631e+00,2.861727e+00
2.036596e+00,4.616332e+00,2.964502e+00
2.897360e+00,6.017575e+00,1.411596e+00
3.181598e-02,5.186697e+00,7.318379e+00
6.605569e+00,6.952637e+00,-5.828244e-01
5.461199e-01,1.401105e+00,-2.275738e+00
5.493916e+00,3.133292e+00,2.725888e-01
6.339834e+00,1.082766e+00,1.320666e+01
6.433217e+00,2.254050e+00,9.911756e+00
4.565163e+00,9.484616e-01,5.205591e+00
3.323404e+00,3.857388e+00,5.282428e+00
1.619344e+00,3.996696e+00,1.024547e+01
6.468903e+00,6.878668e+00,9.439779e+00
1.824760e+00,2.695892e+00,6.113658e+00
2.349341e-01,7.928425e+00,3.041592e+00
1.448866e+00,2.862475e+00,-7.555656e+00
9.070633e-01,5.684113e+00,-8.982863e+00
9.878976e-01,7.383743e-02,3.376235e+00
9.249232e-01,5.597787e+00,-3.398901e+00
7.311280e+00,5.170155e+00,1.464430e+01
5.315576e-01,6.477218e+00,-3.734384e+00
1.405798e+00,7.682867e-01,-3.434419e+00
5.354129e+00,7.792990e+00,5.365236e+00
7.999908e+00,6.866544e+00,7.211320e+00
1.007901e+00,3.159679e+00,2.880842e+00
2.988825e-01,3.074968e+00,-3.850321e+00
7.598867e+00,1.698345e+00,2.529720e-02
4.213312e+00,7.315202e-01,4.549207e+00
2.846195e+00,7.521813e+00,1.244178e+00
3.615436e+00,6.009456e+00,5.832143e+00
5.107837e+00,3.665667e+00,7.823831e+00
2.448418e+00,6.389303e+00,9.876664e+00
1.126001e+00,2.446251e-01,-3.429373e+00
2.288928e+00,4.367237e+00,1.684770e+00
4.081353e-01,1.372838e+00,-4.434051e+00
5.363447e+00,3.112222e+00,3.019104e+00
7.766165e+00,2.457921e+00,8.516947e+00
1.289180e+00,3.994412e+00,5.122339e+00
3.715406e+00,2.107354e+00,5.297507e+00
4.979895e+00,7.936523e+00,7.608402e+00
7.925484e+00,5.547459e+00,4.586217e+00
3.519101e+00,5.567675e+00,-2.848486e-01
5.291886e+00,1.781632e+00,-6.788486e-01
8.139036e-01,1.917095e+00,8.996893e-01
1.326242e+00,3.942920e+00,5.860158e+00
2.460242e-01,1.829189e+00,-1.673090e+00
3.961056e+00,6.459806e+00,1.108393e+01
2.401557e-01,3.788292e+00,1.327692e+00
3.592179e+00,6.042130e+00,-1.162453e+00
7.299286e+00,7.597721e-01,-3.930328e+00
3.752131e+00,4.909147e+00,1.748647e+00
2.482956e+00,5.150551e+00,2.622734e+00
2.444122e+00,2.934008e+00,7.886186e+00
4.633442e+00,5.412818e-01,1.863521e+00
2.620878e+00,4.915623e+00,5.858908e+00
3.778592e+00,2.555370e+00,6.480862e+00
5.726138e+00,1.603469e+00,2.381977e+00
1.292032e+00,1.335018e+00,-2.957703e+00
1.878461e+00,3.366409e+00,6.743629e-01
6.608585e+00,1.165376e-01,5.291183e+00
6.039135e-01,4.130117e+00,3.166577e+00
2.380398e+00,1.850816e+00,-1.250226e+00
7.432510e+00,1.768755e+00,8.182168e+00
6.078648e+00,5.493404e+00,7.873521e+00
6.938069e+00,2.603002e+00,5.890768e+00
3.021800e+00,3.521023e+00,-2.005518e+00
6.270154e+00,6.616834e+00,1.079850e+01
2.418016e+00,5.487281e+00,5.067654e+00
5.879918e+00,5.306724e+00,6.924629e+00
4.313486e+00,6.114872e+00,1.674380e+00
7.233422e+00,1.056469e+00,1.057970e+01
6.984619e+00,4.914436e+00,-4.415288e-01
1.620217e+00,7.423493e+00,5.629721e+00
4.102929e+00,3.082137e+00,7.929503e+00
5.413020e+00,3.839661e+00,8.736479e+00
7.480437e+00,4.281404e+00,5.926298e+00
7.104071e+00,4.712648e+00,1.527879e+01
3.843000e+00,7.538453e+00,7.598429e-01
7.658248e+00,5.265316e-01,7.695468e+00
5.400450e+00,2.804469e+00,9.280698e+00
6.100766e+00,4.114240e+00,5.800411e+00
4.611494e+00,4.667728e-01,2.031305e+00
4.453896e+00,4.378214e+00,6.210507e+00
1.951760e+00,1.263362e+00,6.443215e+00
3.649174e+00,4.544107e+00,4.550504e+00
5.412006e+00,3.672406e+00,4.711206e-01
7.848688e+00,6.919082e+00,-1.084011e+00
6.220173e+00,4.825014e+00,8.666786e+00
2.078260e+00,1.541011e-02,1.630692e+00
7.580000e+00,6.527270e+00,1.012288e+01
1.110960e+00,1.547213e+00,2.706251e+00
2.581126e+00,7.134175e+00,1.071678e+01
5.529375e+00,6.283423e+00,7.000162e+00
3.191755e+00,3.215075e+00,2.867748e+00
4.484697e+00,1.631670e+00,8.399614e+00
2.039451e+00,4.787484e+00,6.733465e+00
4.478849e+00,7.449542e+00,-6.802308e-01
7.262151e+00,2.474981e+00,4.393800e+00
4.694053e+00,1.404754e+00,8.669411e+00
1.692043e+00,6.895396e+00,3.339505e+00
3.968505e+00,7.324935e+00,9.196153e+00
6.906946e+00,1.931237e+00,-6.308076e-01
1.841812e+00,3.269340e+00,5.953739e+00
5.491185e+00,3.027587e-01,7.228275e-01
1.843394e+00,7.018814e+00,2.491122e+00
7.538350e-01,1.298449e+00,4.860417e+00
5.635893e+00,7.020082e+00,9.039329e+00
8.898839e-01,2.384218e+00,-1.394629e+00
2.429198e+00,3.310583e+00,8.265320e+00
4.082032e+00,6.018521e+00,-5.609995e+00
1.539216e+00,3.612398e+00,2.855802e+00
5.970343e-01,6.342016e+00,3.174634e+00
6.258927e+00,5.240943e+00,1.484492e+01
3.253639e+00,4.407516e+00,-6.097703e+00
5.581439e+00,1.953496e+00,8.610475e+00
3.449612e+00,3.117374e+00,-2.229542e+00
1.157408e+00,4.180069e-01,-1.120730e+00
7.849335e+00,2.634667e+00,1.623489e+01
6.457105e+00,4.484861e+00,4.170679e+00
6.248755e+00,5.352223e+00,1.317791e+01
3.127264e+00,6.578697e+00,9.253446e+00
6.515476e+00,2.812982e+00,8.526453e+00
1.924149e+00,4.327803e+00,3.776857e+00
5.344415e+00,3.490832e+00,7.534617e+00
3.134653e-02,1.080564e+00,3.735381e+00
6.882193e+00,5.599240e+00,1.348312e+01
1.360866e+00,6.366023e+00,5.115048e+00
3.810678e+00,7.011716e+00,7.049617e+00
9.283301e-02,2.171501e+00,3.399574e-01
2.977007e+00,2.661722e+00,-1.089655e+00
6.930999e+00,5.350498e+00,6.640881e-01
5.631407e+00,4.092609e+00,8.911004e+00
3.069326e-01,3.263925e+00,1.524502e+00
3.658706e+00,1.141303e-01,2.303467e+00
6.305067e+00,6.388723e+00,8.816818e+00
1.056927e+00,5.117282e+00,7.666065e-01
5.948573e+00,4.417333e+00,-2.319890e+00
5.581172e+00,2.276174e+00,1.031128e+01
2.472313e+00,2.802279e+00,-1.736264e+00
5.306115e+00,7.165497e+00,3.951415e+00
1.400801e+00,2.788986e-01,-4.890683e+00
4.704251e+00,7.732509e-01,6.089748e+00
4.270915e+00,6.774982e+00,8.927864e+00
5.395626e+00,5.319194e+00,9.559397e+00
2.407522e+00,7.482144e+00,3.317135e+00
1.672687e+00,9.395307e-02,5.601547e-01
1.520430e+00,2.747637e+00,7.411552e+00
7.393741e-01,4.027895e-01,5.830879e+00
4.901801e+00,1.071317e+00,1.086794e+01
6.923554e+00,9.445124e-01,-4.516868e+00
3.199825e+00,3.683366e+00,7.586485e+00
6.000696e+00,5.829357e+00,7.166074e+00
5.407677e+00,2.082164e-01,2.715402e+00
6.288446e+00,6.253122e+00,1.196072e+00
3.038110e+00,3.303159e+00,5.505043e+00
5.311512e+00,3.728266e+00,2.503842e+00
5.631513e+00,5.179610e+00,4.050812e+00
5.858567e-01,5.608773e-01,7.335262e+00
2.224092e+00,6.530423e+00,-2.323253e+00
3.212228e+00,5.754897e+00,7.046497e+00
7.545533e+00,2.458889e+00,6.337572e+00
9.309181e-01,1.026725e+00,6.408959e+00
1.446393e-01,1.301177e+00,6.895405e+00
3.833454e+00,2.809013e+00,-1.998828e+00
3.781375e+00,4.733513e+00,7.272491e+00
1.775424e+00,6.345244e+00,-5.683796e+00
1.194500e+00,1.631037e+00,-3.289163e+00
9.103777e-01,7.945502e+00,3.391999e+00
6.287978e+00,4.461162e+00,1.578701e+01
7.609361e-01,3.795339e+00,1.301100e+00
3.755359e+00,6.246366e+00,1.051273e+01
1.704464e+00,1.047190e+00,3.905223e+00
7.048727e+00,5.576391e+00,1.477330e+00
2.804966e+00,7.731235e+00,7.823059e+00
6.120238e+00,6.119834e+00,8.247618e-01
2.428963e+00,4.451873e+00,9.760448e+00
7.788198e-01,1.686525e+00,9.865955e-01
5.631461e+00,6.661425e+00,-2.175385e+00
7.989088e+00,7.752353e+00,1.497280e+01
7.701578e+00,3.799265e+00,1.237782e+01
3.169751e+00,1.860427e-02,6.003417e+00
9.047702e-02,5.831890e+00,-2.615120e+00
7.844683e+00,4.216835e+00,7.246792e+00
6.201172e+00,6.881841e+00,7.231445e+00
4.299764e+00,3.487257e+00,8.283408e+00
7.830021e-01,7.897789e+00,8.200080e+00
7.782145e+00,5.237797e-01,1.430012e+00
6.669582e+00,7.304386e+00,6.502435e+00
3.499045e+00,2.287283e+00,-1.962969e+00
5.597257e+00,4.062169e+00,7.067036e+00
5.974615e+00,2.722618e+00,3.444496e+00
6.433159e-01,1.235590e+00,4.918869e-01
2.466943e+00,4.607891e-01,1.977513e+00
1.765405e+00,2.507718e-01,2.823683e+00
3.407643e+00,1.153307e+00,8.234979e+00
4.538020e+00,1.767077e+00,7.395953e+00
3.531709e+00,3.780804e+00,5.219961e-01
3.872817e+00,7.485964e+00,2.353186e+00
2.188246e+00,7.858547e+00,3.485816e+00
6.563066e+00,6.827802e+00,3.732818e+00
5.259952e+00,7.742708e+00,4.801190e+00
4.742217e+00,3.020120e+00,-4.539592e+00
3.867514e+00,2.821783e+00,-3.677163e-02
2.621790e+00,5.555484e+00,4.069047e+00
5.864647e+00,3.161005e+00,1.406309e+01
7.623033e+00,5.532975e+00,2.914755e+00
6.765499e+00,3.699151e+00,9.659222e+00
6.395940e-01,1.322312e+00,5.477936e+00
4.999479e-01,4.618709e+00,-7.962333e-02
1.376779e+00,3.253906e+00,1.485056e+00
9.956402e-01,3.245704e-01,-7.503513e-02
7.185371e+00,2.936486e+00,8.430745e+00
7.413716e+00,7.257851e+00,6.212405e+00
6.068907e+00,4.256700e+00,8.990637e+00
2.980971e+00,5.730340e+00,9.899133e+00
7.359445e+00,1.670265e+00,1.069190e+01
3.381726e+00,4.268405e+00,7.588009e-01
5.203862e+00,2.136557e+00,-1.220965e+00
5.979110e+00,4.069303e+00,5.934465e+00
4.973809e+00,7.562288e+00,1.074593e+00
2.708598e+00,6.187520e+00,7.711004e+00
5.589488e+00,5.956295e+00,3.749978e+00
9.807606e-01,1.603376e+00,2.894774e+00
9.614506e-01,4.211876e+00,-3.030992e+00
5.737366e+00,6.435360e+00,4.129561e+00
7.483307e+00,6.126099e+00,6.612224e+00
1.935105e+00,7.312103e-01,1.288560e+00
1.825246e+00,5.377832e+00,6.632034e+00
2.024676e+00,1.318458e+00,3.623818e-01
3.464057e+00,2.983347e+00,6.323708e+00
3.955826e+00,4.245421e+00,1.039691e+01
4.498873e+00,3.795741e+00,9.325682e+00
6.448289e+00,7.793131e+00,1.051980e+01
6.982907e+00,7.530711e+00,8.569140e+00
4.136122e+00,1.802875e+00,-1.647104e+00
1.746152e+00,5.598620e+00,3.523652e+00
9.037230e-01,3.133108e+00,-3.372502e+00
1.748572e+00,7.162787e-01,2.567440e+00
2.368114e+00,7.890089e+00,1.059418e+01
5.346709e+00,5.188105e+00,6.735906e+00
9.443098e-01,5.909489e+00,-4.263378e+00
5.445892e-01,5.915420e+00,6.544683e+00
7.812836e+00,2.307944e+00,1.250269e+01
6.726476e+00,3.299845e+00,5.603824e+00
7.424270e+00,5.364417e-01,-1.191489e+00
3.918653e+00,3.346689e+00,4.566856e+00
3.747803e-02,7.889239e+00,5.112666e+00
6.761088e+00,4.196450e-01,9.907427e+00
3.053940e+00,7.825713e+00,5.987919e+00
1.905811e+00,5.271723e+00,-7.817344e-01
5.796598e-03,1.231127e+00,-2.453851e+00
3.619605e+00,7.464082e+00,9.751445e+00
3.248929e+00,5.000691e+00,1.238563e+00
5.009598e+00,7.789976e+00,8.046924e-01
3.418181e+00,3.953317e+00,5.088197e-01
1.092148e+00,6.007890e+00,4.215924e+00
3.773743e+00,6.070528e+00,3.783276e+00
3.335203e+00,8.068071e-02,-7.631736e+00
6.525398e+00,2.022098e+00,2.717244e+00
1.039380e+00,6.468819e+00,2.516154e+00
2.329097e+00,5.703455e+00,7.047769e+00
1.351439e+00,4.132630e+00,-8.120605e+00
1.989887e+00,7.299851e+00,4.497138e+00
2.801526e-01,7.659350e+00,2.800150e+00
4.354267e+00,3.454717e+00,1.007430e+01
4.871487e+00,1.074157e+00,5.596592e+00
5.220656e+00,6.453788e+00,5.830856e+00
5.947131e+00,4.813276e+00,9.615592e+00
1.226429e+00,3.715180e-01,-1.134080e+00
3.692674e+00,6.545541e+00,4.392078e+00
3.013183e+00,5.848839e+00,1.281573e+00
5.007906e+00,2.584668e+00,3.453761e+00
5.739924e+00,6.436724e+00,2.454788e-01
2.842095e+00,1.101888e+00,-2.786936e+00
5.770179e+00,2.148280e-01,9.751899e+00
1.704946e+00,3.419673e+00,2.861566e+00
1.813759e+00,4.972651e+00,5.778375e+00
6.732982e+00,7.551535e+00,8.244869e+00
5.662887e+00,5.754355e+00,1.158186e+01
3.651683e+00,2.934189e+00,7.258534e+00
3.527850e+00,6.287721e+00,6.543025e+00
3.498970e+00,6.900383e+00,4.412749e+00
7.238781e-01,6.463092e+00,3.356227e+00
7.401208e+00,1.298604e+00,9.546286e+00
3.360485e+00,7.919165e+00,1.493854e+00
7.525022e+00,7.914022e+00,6.097720e+00
7.446015e+00,1.065342e+00,1.437911e+01
5.943403e+00,3.890683e+00,7.372884e+00
7.002604e+00,4.190524e+00,3.668667e+00
4.350401e+00,5.335032e-01,4.661521e+00
3.137178e+00,7.158011e+00,1.194099e+01
6.582580e+00,4.596459e+00,2.238051e+00
4.340212e+00,6.729427e+00,6.068704e+00
1.312823e+00,5.566933e+00,5.052141e+00
7.527693e+00,2.663004e-01,6.564497e+00
1.100968e+00,2.632250e+00,5.290998e+00
3.357987e+00,4.601786e+00,6.343098e+00
7.746815e+00,4.021472e+00,1.084614e+01
4.903720e-01,1.221175e+00,-6.512056e+00
2.977482e+00,3.966832e+00,4.774789e+00
2.957641e+00,4.959061e+00,3.048297e+00
5.647995e+00,6.360378e+00,6.965901e+00
2.719460e+00,1.922476e+00,2.826714e+00
1.083160e+00,4.098374e+00,6.444811e+00
3.156669e+00,6.398901e+00,3.153777e+00
4.581346e+00,1.989970e+00,8.108015e+00
3.173976e+00,6.060614e+00,1.516930e+00
1.994916e+00,3.134906e+00,-3.654696e+00
7.998041e+00,3.579237e+00,9.829666e+00
7.128262e+00,4.839735e+00,7.980240e+00
4.034132e+00,7.295492e-01,-2.095795e-01
2.226048e-01,1.338233e+00,-5.795938e+00
7.574719e+00,8.468611e-01,7.735083e+00
5.389123e+00,1.991562e+00,1.139447e+01
2.772014e+00,1.314511e+00,1.033083e+01
2.289462e+00,1.258647e+00,8.406720e+00
5.890430e-01,1.502795e-01,-3.724594e+00
7.683305e+00,7.197353e-01,9.814339e+00
2.797560e+00,3.429534e+00,6.174121e+00
2.473122e+00,2.700796e+00,-4.235249e+00
3.969507e+00,4.352298e-01,4.861819e-01
2.658001e+00,7.879506e+00,9.728725e+00
2.376852e+00,2.276878e+00,2.795757e+00
3.512076e+00,1.133638e+00,2.887302e+00
2.666037e+00,7.048891e+00,-1.270273e+00
6.094445e+00,7.768136e+00,6.228119e+00
5.185382e+00,1.826968e+00,3.353460e+00
2.504311e+00,4.186005e+00,7.354193e+00
3.847517e+00,1.895937e+00,1.169534e+00
2.069699e-01,3.318902e+00,-1.163156e-01
1.195305e+00,4.045350e+00,3.281378e-01
6.358692e+00,1.834914e+00,7.006070e+00
7.895160e+00,3.598645e+00,7.878229e+00
2.612830e+00,4.640440e+00,-2.240164e+00
6.511280e+00,7.747023e+00,8.855015e+00
6.269266e+00,6.551902e+00,2.410747e-01
3.970015e+00,6.309825e+00,-4.883378e-01
1.510391e+00,1.261583e+00,1.036403e+00
1.421867e+00,2.330254e+00,-7.410648e+00
2.291426e+00,7.891155e+00,3.578228e+00
5.127395e+00,5.255905e+00,7.146009e+00
5.012783e+00,1.309618e+00,9.210626e+00
6.812560e+00,4.451655e+00,1.230152e+01
1.528598e+00,6.282542e+00,4.373241e+00
3.426682e+00,6.291625e+00,4.864721e+00
3.136928e+00,3.164984e+00,5.957283e+00
6.016450e+00,4.631705e+00,1.527399e+01
7.917214e+00,4.707467e+00,8.940034e+00
1.963734e+00,4.348956e+00,3.164643e+00
2.150515e+00,2.226867e-01,-4.737192e+00
6.420260e+00,1.526166e+00,3.335245e+00
7.226538e+00,6.247970e+00,1.278342e+00
3.407910e+00,6.394836e+00,9.427394e+00
6.977625e-01,4.296963e+00,-3.911231e+00
4.271100e+00,2.803512e+00,6.786132e+00
6.556355e+00,6.494792e+00,7.548702e+00
1.170185e+00,3.542509e+00,1.418854e+00
3.318144e+00,7.341614e+00,8.804616e+00
1.771843e+00,3.205948e+00,9.867373e-01
3.444486e-01,5.199936e+00,-3.532398e+00
1.730966e+00,2.115603e+00,6.194667e-01
7.798465e+00,7.082814e+00,1.320828e+01
4.414830e+00,5.803254e+00,8.690097e+00
6.314415e+00,2.346516e+00,5.655006e+00
5.424839e+00,7.766079e+00,2.324503e+00
2.955101e+00,6.077033e+00,3.509088e+00
5.487584e+00,1.241339e+00,9.543773e+00
4.816597e+00,7.881622e+00,2.248013e-01
6.220490e+00,4.979999e+00,8.405209e+00
7.976855e+00,5.427933e+00,1.074109e+01
6.101828e-02,7.109503e-01,3.082519e+00
3.758496e+00,2.539842e-01,-8.505071e-01
4.371862e+00,1.231545e+00,2.646826e+00
3.334149e+00,3.799427e+00,-5.773908e+00
3.667832e+00,5.396738e+00,-1.512484e+00
3.186142e-01,2.990063e+00,4.433995e+00
4.779336e+00,4.056742e+00,7.331617e-01
6.508911e+00,2.879436e-01,8.544769e+00
3.402386e+00,6.279329e-01,2.982368e+00
5.605913e+00,4.241987e+00,3.316345e+00
6.153778e+00,2.554448e+00,1.594761e+00
2.981140e-01,6.140021e-01,1.114270e+00
7.975633e+00,4.279336e+00,8.524950e+00
7.217998e+00,2.162242e+00,2.029600e-01
2.622073e+00,7.603011e+00,5.422673e+00
8.782516e-03,3.923751e+00,-2.710165e-01
6.511417e+00,5.119502e+00,8.713849e+00
6.582409e+00,4.330752e-01,6.518765e+00
6.690732e+00,3.710150e+00,-1.747306e+00
7.524927e-01,3.001783e+00,9.603989e+00
4.614157e+00,5.307291e+00,6.861778e+00
2.971956e+00,1.497217e+00,7.014935e+00
7.891767e+00,2.542461e+00,5.766745e+00
5.046689e+00,1.897753e+00,1.157102e+01
2.657133e+00,3.880607e+00,3.337505e+00
1.916031e+00,1.216863e+00,7.925761e+00
6.971771e+00,7.721888e+00,8.484276e+00
4.019753e+00,1.204505e+00,1.749214e-01
4.770395e+00,4.121927e+00,4.963395e+00
5.921084e+00,7.949679e+00,1.572877e+00
