2.054969e+00,3.538561e+00,5.373964e+00,4.006819e+00,8.296329e+00
1.586765e+00,1.847408e+00,4.034479e+00,3.905499e+00,2.906283e+00
4.816892e+00,2.978437e+00,6.704915e+00,5.497124e+00,2.032433e+01
2.154692e+00,6.425128e+00,4.103732e+00,4.370770e+00,1.325293e+01
1.580067e+00,6.745331e+00,5.418823e+00,6.097079e+00,1.271290e+01
3.019774e+00,4.945543e+00,6.532753e+00,6.696541e+00,1.688873e+01
6.958909e+00,6.207325e+00,6.843659e+00,6.845837e+00,7.424827e+00
6.167056e+00,6.880107e+00,3.558225e+00,2.008289e+00,2.623932e+01
6.304650e+00,5.391463e+00,2.080273e+00,6.673799e+00,8.664260e+00
4.309619e+00,6.170682e+00,3.701715e+00,3.921293e+00,3.592516e+00
4.089795e+00,1.816175e+00,5.940032e+00,1.187835e+00,8.687908e+00
6.012002e+00,6.962071e+00,4.546979e+00,1.236567e+00,6.413621e+00
6.530368e+00,6.561331e+00,6.828923e+00,2.432317e+00,1.322895e+01
4.916059e+00,6.919760e+00,1.201664e+00,6.119484e+00,5.455708e+00
4.045413e+00,3.723184e+00,4.624119e+00,2.748530e+00,1.418548e+01
2.983803e+00,6.275900e+00,6.374221e+00,3.505481e+00,4.005541e+00
6.998513e+00,4.205003e+00,3.204642e+00,1.198568e+00,5.825441e+00
3.300835e+00,5.659745e+00,4.423776e+00,1.686491e+00,-1.504278e+00
6.565009e+00,1.205305e+00,2.008765e+00,1.260570e+00,1.461470e+00
5.064096e+00,2.747111e+00,5.631039e+00,3.329665e+00,1.139929e+01
5.525143e+00,5.958402e+00,6.913614e+00,6.049698e+00,1.930114e+01
2.286571e+00,2.009865e+00,4.072222e+00,2.928483e+00,7.723212e+00
6.960554e+00,1.160063e+00,2.030302e+00,2.638669e+00,1.781087e+01
6.561390e+00,3.536520e+00,2.140418e+00,6.667007e+00,9.186272e+00
5.417111e+00,3.653949e+00,6.083748e+00,6.822586e+00,-1.968967e+00
5.208800e+00,1.191721e+00,1.404361e+00,4.525301e+00,-2.267934e+00
3.207787e+00,6.272654e+00,1.047059e+00,2.443558e+00,2.382901e+01
4.782152e+00,3.065988e+00,5.378653e+00,6.344213e+00,6.739864e+00
3.573486e+00,1.205564e+00,1.080693e+00,3.987506e+00,-5.755668e+00
2.713420e+00,5.825359e+00,6.056876e+00,5.378326e+00,1.856305e+01
2.184910e+00,4.374180e+00,3.886367e+00,5.041123e+00,2.703132e+00
6.217657e+00,6.549309e+00,2.265508e+00,1.719336e+00,1.378006e+01
1.294072e+00,3.356997e+00,6.190181e+00,1.520443e+00,1.410654e+00
4.321604e+00,3.538824e+00,4.516237e+00,3.232248e+00,1.169966e+01
2.907910e+00,4.808016e+00,4.058058e+00,6.072859e+00,1.492921e+01
6.256905e+00,6.432761e+00,1.150141e+00,1.025523e+00,4.136257e+01
3.697307e+00,2.193935e+00,4.510010e+00,4.809105e+00,2.408669e+00
4.167733e+00,5.747562e+00,3.149808e+00,3.771661e+00,7.185388e+00
2.072052e+00,6.210996e+00,2.378156e+00,6.734707e+00,-9.624295e+00
3.839683e+00,6.451623e+00,5.530501e+00,1.752080e+00,1.863562e+01
3.162800e+00,6.163656e+00,5.431602e+00,5.302576e+00,1.709095e+01
1.354821e+00,3.049439e+00,1.719286e+00,3.479031e+00,1.048210e+01
2.252045e+00,1.945655e+00,5.389911e+00,2.273011e+00,3.627558e+00
4.929293e+00,5.772519e+00,6.512572e+00,5.734953e+00,7.859396e+00
1.390960e+00,2.121518e+00,6.643317e+00,3.612256e+00,4.359612e+00
6.521098e+00,5.287929e+00,4.621357e+00,1.970415e+00,2.062304e+01
3.471265e+00,3.749882e+00,3.999043e+00,6.508024e+00,1.195315e+01
4.636607e+00,2.569961e+00,1.016226e+00,4.655490e+00,-1.154278e+00
1.707957e+00,4.315403e+00,5.848742e+00,2.016238e+00,2.762234e+00
3.131614e+00,1.370519e+00,6.591286e+00,3.505349e+00,1.731768e+01
1.686396e+00,5.263227e+00,1.937432e+00,5.784539e+00,2.098101e+01
2.367143e+00,5.965004e+00,6.993104e+00,2.594357e+00,4.710395e+00
2.290254e+00,6.405995e+00,1.418277e+00,5.352868e+00,5.068972e+00
6.050459e+00,6.563508e+00,2.319034e+00,5.997130e+00,1.842378e+01
4.652604e+00,1.797328e+00,1.782670e+00,3.483756e+00,-5.568296e+00
4.468228e+00,6.432766e+00,5.496410e+00,3.999745e+00,-6.052566e+00
4.710985e+00,3.146945e+00,6.410244e+00,2.115141e+00,1.076283e+01
3.697224e+00,1.396236e+00,6.360111e+00,5.161643e+00,6.401014e+00
5.059006e+00,3.580331e+00,4.843103e+00,5.326168e+00,2.134524e+01
2.769317e+00,4.633890e+00,5.668169e+00,2.892799e+00,1.120574e+01
2.548049e+00,4.722182e+00,6.596842e+00,4.650668e+00,9.877673e+00
6.406445e+00,4.010601e+00,3.294473e+00,4.578062e+00,9.980749e+00
3.151521e+00,6.552315e+00,4.223694e+00,6.123063e+00,1.451736e+00
5.234152e+00,2.542184e+00,3.216405e+00,1.620299e+00,-5.216208e-01
6.249668e+00,6.732967e+00,6.623791e+00,2.102547e+00,3.365719e+01
4.052130e+00,6.710289e+00,5.539502e+00,2.863623e+00,2.935039e+01
4.168782e+00,5.775082e+00,2.898881e+00,4.102030e+00,3.927753e+00
6.774932e+00,6.052819e+00,3.735145e+00,6.321482e+00,2.796608e+01
6.020700e+00,1.059276e+00,3.591393e+00,5.185654e+00,1.336752e+00
6.770719e+00,5.844368e+00,4.950403e+00,5.305685e+00,1.117654e+01
1.433910e+00,6.386016e+00,5.936568e+00,6.926141e+00,-4.100734e-01
1.998927e+00,2.591740e+00,2.769673e+00,3.461030e+00,1.807214e+01
3.875758e+00,4.350219e+00,6.355334e+00,5.277317e+00,-5.603771e+00
6.878419e+00,6.483742e+00,4.600448e+00,5.773645e+00,4.433272e+00
6.433612e+00,2.528743e+00,6.590849e+00,5.707093e+00,4.282884e+00
5.301065e+00,5.344574e+00,1.586632e+00,5.959004e+00,1.034447e+01
1.523825e+00,1.662597e+00,4.995579e+00,4.234913e+00,-6.057421e+00
4.465436e+00,5.574495e+00,2.362884e+00,2.718243e+00,1.624524e+01
6.102117e+00,4.986253e+00,1.006929e+00,3.809204e+00,1.864687e+01
4.316733e+00,2.921054e+00,2.521684e+00,2.777729e+00,1.244397e+01
4.257429e+00,2.685882e+00,4.247387e+00,5.804076e+00,1.277660e+00
2.066577e+00,2.324678e+00,4.256574e+00,1.705576e+00,1.138465e+01
3.069415e+00,2.660228e+00,5.905055e+00,4.427146e+00,9.810217e+00
2.899791e+00,5.997096e+00,4.682727e+00,2.573355e+00,1.053135e+00
4.431604e+00,2.976902e+00,2.947320e+00,3.635223e+00,2.107986e+01
5.293921e+00,5.003239e+00,4.998101e+00,1.882230e+00,1.947006e+01
6.468848e+00,2.139136e+00,1.406541e+00,5.209251e+00,4.371340e+00
3.216583e+00,6.628265e+00,2.824719e+00,1.142850e+00,1.645497e+01
3.176172e+00,4.300469e+00,5.616573e+00,6.941684e+00,5.707102e+00
1.806224e+00,3.799721e+00,3.072945e+00,1.906010e+00,7.044325e+00
2.747552e+00,1.701305e+00,4.421536e+00,4.521665e+00,-1.012701e+01
1.428987e+00,2.209557e+00,5.157922e+00,1.137337e+00,1.059235e+01
3.048051e+00,2.902048e+00,3.099569e+00,4.762097e+00,2.044596e-01
3.539312e+00,3.451850e+00,2.300236e+00,1.388413e+00,6.874108e+00
6.520992e+00,1.670275e+00,5.535936e+00,5.526923e+00,-4.306190e-01
1.266634e+00,3.341385e+00,5.433899e+00,6.074378e+00,-2.249374e+00
5.854015e+00,3.484594e+00,4.346463e+00,2.705782e+00,1.556467e+01
4.160567e+00,5.252991e+00,4.135969e+00,2.140156e+00,1.324384e+01
1.227819e+00,1.564499e+00,1.686480e+00,6.703610e+00,1.804005e+01
3.290789e+00,1.912086e+00,6.488436e+00,4.480651e+00,8.172846e+00
