2.288600e+00,3.547100e+00,6.329800e+00,8.998700e+00
6.469700e+00,2.865900e+00,6.342800e+00,2.132700e+00
4.090100e+00,4.686100e+00,4.180000e-02,7.952000e+00
5.446600e+00,5.066300e+00,1.555900e+00,6.778900e+00
5.906000e-01,5.371300e+00,6.764100e+00,6.716400e+00
4.782500e+00,3.418800e+00,5.972700e+00,1.739200e+01
5.247800e+00,6.361700e+00,2.015200e+00,1.096120e+01
6.435200e+00,4.321000e-01,1.274000e+00,-4.623100e+00
5.166300e+00,5.081200e+00,6.020900e+00,9.763000e+00
4.999200e+00,4.418700e+00,2.966100e+00,1.613060e+01
6.606400e+00,6.898200e+00,9.682000e-01,6.943500e+00
2.022000e+00,6.309900e+00,4.664000e+00,1.029550e+01
5.572400e+00,5.014400e+00,5.468100e+00,5.706000e+00
3.386400e+00,6.765100e+00,3.715600e+00,7.975800e+00
5.946000e+00,6.335800e+00,7.776000e-01,9.140200e+00
6.171600e+00,4.937800e+00,1.533500e+00,7.264200e+00
6.520100e+00,1.994300e+00,6.363600e+00,1.127540e+01
4.393600e+00,6.217100e+00,5.509100e+00,1.226080e+01
3.417800e+00,3.245600e+00,6.027400e+00,1.047520e+01
2.387400e+00,6.188900e+00,5.059100e+00,1.197400e+00
6.979700e+00,1.253800e+00,6.543700e+00,7.506400e+00
1.652700e+00,5.576400e+00,2.094500e+00,1.394000e+00
5.620800e+00,2.274300e+00,4.967000e+00,9.715100e+00
5.124500e+00,4.160800e+00,2.714600e+00,2.320000e-01
3.750400e+00,5.072000e+00,1.520500e+00,1.332030e+01
1.853400e+00,5.276500e+00,6.575300e+00,9.842900e+00
2.388500e+00,6.992800e+00,6.090400e+00,1.770010e+01
5.992800e+00,9.860000e-02,5.634000e+00,9.987200e+00
1.353500e+00,6.522600e+00,1.587400e+00,3.632500e+00
6.080700e+00,4.658000e+00,6.874100e+00,2.360400e+01
6.468500e+00,5.677600e+00,5.802400e+00,1.298460e+01
6.240000e-02,3.809500e+00,1.391000e-01,1.263900e+00
6.734600e+00,5.490500e+00,4.984100e+00,1.694140e+01
3.151900e+00,1.751500e+00,5.788200e+00,2.406830e+01
3.351200e+00,1.564600e+00,3.367100e+00,1.134000e-01
3.966900e+00,1.688600e+00,3.447000e-01,-6.263600e+00
5.030600e+00,3.263100e+00,1.930200e+00,1.454580e+01
3.550000e+00,2.522300e+00,3.076500e+00,7.090800e+00
1.016500e+00,3.587500e+00,6.866000e-01,-4.422500e+00
3.074400e+00,1.405000e+00,1.502400e+00,5.302200e+00
4.741800e+00,2.769000e-01,5.140500e+00,8.995500e+00
5.939900e+00,4.016200e+00,3.154900e+00,1.114220e+01
5.756900e+00,5.540800e+00,6.166700e+00,1.009220e+01
4.254300e+00,3.730400e+00,3.775100e+00,7.924000e+00
3.803000e-01,4.772000e+00,4.239200e+00,-2.587000e-01
6.233600e+00,3.717600e+00,2.758100e+00,1.287790e+01
5.949000e+00,1.524000e+00,2.536900e+00,2.054300e+00
3.093400e+00,8.343000e-01,3.157700e+00,1.926980e+01
2.061900e+00,1.036700e+00,7.689000e-01,1.347730e+01
1.284200e+00,2.495200e+00,4.400000e-03,2.732500e+00
1.620700e+00,3.662600e+00,6.329900e+00,2.550300e+00
5.914500e+00,2.320500e+00,2.674000e+00,-6.676900e+00
3.737100e+00,9.999000e-01,7.957000e-01,8.779000e-01
5.441100e+00,4.825900e+00,5.413500e+00,1.558820e+01
5.226200e+00,3.442800e+00,4.879100e+00,7.171400e+00
5.412300e+00,5.556100e+00,2.829600e+00,1.322320e+01
6.837200e+00,4.092300e+00,3.049600e+00,6.157500e+00
6.808700e+00,5.008700e+00,7.715000e-01,1.578700e+00
3.748900e+00,2.642600e+00,6.553200e+00,8.843200e+00
6.683000e+00,1.748900e+00,3.081300e+00,5.229900e+00
2.834600e+00,2.592700e+00,1.963100e+00,-1.034300e+00
9.539000e-01,2.132100e+00,9.849000e-01,3.096300e+00
1.696000e-01,3.561000e-01,2.170700e+00,-2.737100e+00
3.324400e+00,7.422000e-01,4.283900e+00,-1.557800e+00
2.780500e+00,2.334000e+00,5.428700e+00,1.549780e+01
5.511800e+00,1.393000e+00,6.525200e+00,2.082930e+01
2.269100e+00,5.083300e+00,5.615200e+00,9.412500e+00
3.548900e+00,5.259000e-01,2.507700e+00,1.605740e+01
4.750100e+00,3.857400e+00,1.325100e+00,1.163420e+01
2.345400e+00,4.711500e+00,4.243500e+00,1.419580e+01
1.802400e+00,1.775500e+00,7.468000e-01,-2.034100e+00
1.920200e+00,4.856500e+00,1.291600e+00,1.193330e+01
1.559000e-01,3.457300e+00,5.728900e+00,5.513300e+00
5.636700e+00,1.367800e+00,2.917100e+00,8.465000e-01
2.694200e+00,2.180800e+00,1.466500e+00,1.101320e+01
4.902300e+00,4.573600e+00,6.843800e+00,3.899800e+00
6.896900e+00,3.396000e+00,3.302900e+00,1.496810e+01
4.269400e+00,1.020200e+00,6.305600e+00,1.454730e+01
2.595000e+00,3.639900e+00,2.306700e+00,1.680900e+00
1.674000e-01,6.100500e+00,1.268900e+00,4.929400e+00
1.980800e+00,4.463600e+00,4.813000e-01,2.666300e+00
2.389000e+00,1.331900e+00,6.081600e+00,1.424710e+01
5.288300e+00,6.898600e+00,5.683200e+00,4.780500e+00
1.323000e-01,1.329800e+00,2.553300e+00,1.010460e+01
5.007100e+00,3.386700e+00,7.934000e-01,-6.203000e-01
4.711700e+00,2.153000e+00,3.838700e+00,6.261600e+00
6.358700e+00,1.084400e+00,2.152900e+00,5.530700e+00
2.217500e+00,5.082600e+00,6.718400e+00,6.119800e+00
6.903800e+00,2.724100e+00,5.944000e-01,3.471500e+00
1.843000e-01,3.589900e+00,3.787000e+00,-5.521300e+00
6.933900e+00,1.154100e+00,6.712000e-01,5.693800e+00
5.631600e+00,4.861000e-01,1.344500e+00,3.011300e+00
5.282200e+00,2.285200e+00,5.157400e+00,3.815800e+00
5.730500e+00,6.752700e+00,2.609900e+00,4.371000e-01
6.302000e-01,1.364900e+00,4.730700e+00,-8.754000e-01
6.293000e+00,8.185000e-01,6.239100e+00,1.051440e+01
6.500300e+00,6.850000e-01,6.921600e+00,1.594900e+00
1.070300e+00,1.159300e+00,1.019400e+00,-5.488100e+00
6.213300e+00,5.039000e-01,1.625100e+00,-1.231800e+00
1.213700e+00,9.749000e-01,1.755400e+00,3.039400e+00
