5.410728e+00,5.204597e+00,4.380198e+00,2.105234e+01
4.947179e+00,4.282715e+00,5.752468e+00,-1.005825e+01
4.800960e+00,5.943800e+00,4.776572e+00,1.035415e+01
4.287502e+00,5.289738e+00,5.584733e+00,1.535164e+01
5.392152e+00,5.831065e+00,5.681535e+00,9.553393e+00
4.106124e+00,4.262089e+00,5.094837e+00,9.009099e+00
4.021561e+00,4.505281e+00,4.072546e+00,1.839930e+01
5.999108e+00,4.139977e+00,5.268558e+00,-2.530005e+00
5.498674e+00,4.612944e+00,4.352685e+00,1.837751e+01
4.542254e+00,4.812606e+00,5.734644e+00,3.210672e+01
4.232503e+00,4.291986e+00,4.672260e+00,1.156832e+01
4.140511e+00,4.782463e+00,4.873126e+00,2.137000e+01
4.030017e+00,4.159935e+00,4.167831e+00,1.455317e+01
5.380553e+00,5.725135e+00,4.616935e+00,1.150445e+01
4.170301e+00,4.047858e+00,5.985796e+00,-4.907545e+00
4.412343e+00,5.588121e+00,5.503942e+00,-3.668861e+00
4.582517e+00,4.036482e+00,4.739971e+00,-7.119937e+00
5.063373e+00,4.899731e+00,5.894608e+00,4.886711e+00
4.513627e+00,5.731365e+00,5.574108e+00,5.466095e+00
5.211484e+00,4.338680e+00,4.811330e+00,-6.288618e+00
4.219140e+00,4.934199e+00,4.602704e+00,8.048853e+00
5.121536e+00,5.003285e+00,5.060244e+00,2.407940e+01
5.313054e+00,4.561092e+00,5.308908e+00,3.098154e+01
5.429640e+00,5.637554e+00,4.779774e+00,8.574758e+00
5.443704e+00,5.280119e+00,5.836345e+00,1.650389e+01
4.230616e+00,4.516731e+00,5.024347e+00,1.172083e+01
5.857125e+00,4.767989e+00,5.845472e+00,6.229480e+00
4.515194e+00,5.577671e+00,5.415760e+00,2.091418e+01
4.687605e+00,5.168121e+00,4.334348e+00,9.509885e-01
5.370595e+00,5.671225e+00,4.716815e+00,6.770498e+00
5.465570e+00,5.462823e+00,5.901815e+00,4.133220e+00
4.435798e+00,5.856031e+00,4.796705e+00,1.446890e+01
5.774099e+00,4.920959e+00,4.429459e+00,1.797835e+00
4.835293e+00,4.675355e+00,4.379094e+00,-6.802700e+00
4.595872e+00,5.385618e+00,4.845291e+00,1.847389e+01
5.567764e+00,5.523766e+00,4.652049e+00,1.204924e+01
5.298088e+00,5.398089e+00,5.755696e+00,2.048624e-01
5.451699e+00,4.251451e+00,4.495700e+00,1.058530e+01
4.404654e+00,4.023321e+00,5.027918e+00,1.156741e+01
4.578012e+00,4.810251e+00,4.431688e+00,1.428298e+01
4.038330e+00,4.023931e+00,4.200669e+00,4.274071e+00
5.971155e+00,4.094677e+00,4.336265e+00,6.142786e+00
5.660151e+00,4.257473e+00,4.967307e+00,9.973597e-01
4.688463e+00,5.635231e+00,5.783568e+00,1.360537e+00
4.661888e+00,4.758218e+00,5.834669e+00,1.350230e+01
4.274291e+00,4.063097e+00,4.274216e+00,8.416783e+00
5.567395e+00,4.867766e+00,4.210402e+00,2.035896e+01
5.290126e+00,4.565414e+00,4.236129e+00,2.391534e+01
5.259312e+00,5.910363e+00,4.586806e+00,-7.733737e-01
4.401014e+00,5.825104e+00,5.744143e+00,6.660405e+00
5.839457e+00,4.692194e+00,5.470977e+00,5.072688e+00
4.882629e+00,4.053196e+00,5.267284e+00,1.685013e+01
4.343811e+00,4.462759e+00,5.480495e+00,1.110664e+01
5.032107e+00,4.668805e+00,4.208096e+00,1.577054e+01
5.157128e+00,4.950963e+00,5.246376e+00,2.118169e+01
5.692548e+00,4.796877e+00,5.445847e+00,6.536666e+00
4.162777e+00,5.590181e+00,5.327579e+00,8.361235e+00
4.892817e+00,4.072020e+00,4.609640e+00,-4.989747e+00
4.814256e+00,5.915816e+00,5.533220e+00,-5.370742e+00
5.107842e+00,5.101625e+00,4.472385e+00,-2.676964e+00
5.688132e+00,5.035070e+00,5.067385e+00,5.920138e+00
5.457282e+00,5.515825e+00,4.861153e+00,3.039066e-01
4.074020e+00,4.797201e+00,4.462233e+00,1.565928e+01
5.708421e+00,4.976556e+00,4.378188e+00,1.264223e+01
5.639517e+00,4.134191e+00,4.913670e+00,1.829754e+01
5.769505e+00,5.692341e+00,4.392330e+00,1.604905e+01
4.036972e+00,4.739760e+00,5.140889e+00,1.070231e+01
5.548892e+00,5.742348e+00,5.498467e+00,1.677275e+01
4.445695e+00,5.830579e+00,4.004339e+00,1.267928e+01
5.470711e+00,4.469796e+00,5.679154e+00,5.937234e+00
4.116872e+00,5.445831e+00,4.716477e+00,1.941319e+01
5.021436e+00,4.082037e+00,4.050359e+00,-6.661845e+00
4.008852e+00,4.706650e+00,4.346896e+00,1.198333e+01
4.734241e+00,5.054493e+00,5.165197e+00,9.161235e+00
4.776818e+00,5.317407e+00,4.854286e+00,-5.327765e+00
5.259476e+00,5.953280e+00,4.660953e+00,-1.514085e+00
4.471676e+00,5.049650e+00,5.325210e+00,1.006785e+01
4.104253e+00,4.923874e+00,4.149069e+00,2.784602e+00
5.791847e+00,4.118599e+00,5.752469e+00,1.919849e+01
5.130450e+00,5.421275e+00,5.510724e+00,7.408397e+00
4.111076e+00,5.054164e+00,4.722311e+00,3.582500e+00
5.462999e+00,4.180048e+00,5.680941e+00,1.713377e+01
4.457357e+00,4.164037e+00,5.564002e+00,9.809843e-01
4.692862e+00,5.775434e+00,5.753407e+00,3.217863e+01
5.787560e+00,5.914703e+00,5.642171e+00,5.518189e+00
4.151814e+00,5.966642e+00,4.414525e+00,1.660499e+01
5.764873e+00,5.233581e+00,4.001243e+00,3.378471e+01
5.325007e+00,4.125877e+00,5.338089e+00,2.091346e+01
4.305271e+00,4.508502e+00,5.095893e+00,1.771082e+01
5.517068e+00,4.640654e+00,5.152841e+00,-5.164801e+00
5.487034e+00,5.889620e+00,5.244785e+00,-4.821979e+00
4.614943e+00,5.839278e+00,4.589426e+00,1.579797e+01
5.119708e+00,4.857534e+00,5.295960e+00,2.664737e+01
5.738219e+00,5.520640e+00,5.567784e+00,7.486343e+00
4.910852e+00,4.871280e+00,4.313171e+00,8.975436e+00
5.729055e+00,5.582104e+00,4.455304e+00,1.547691e+01
4.699469e+00,4.406651e+00,4.444771e+00,2.211900e+01
5.204702e+00,5.621323e+00,4.657258e+00,1.250777e+01
5.128643e+00,5.219611e+00,4.653967e+00,-2.853520e+00
5.863479e+00,4.570064e+00,4.837873e+00,1.432080e+01
4.103542e+00,5.009062e+00,5.200595e+00,-6.146343e-01
4.722393e+00,5.009428e+00,4.499427e+00,-1.064210e+01
4.258038e+00,4.328798e+00,5.102513e+00,1.405532e+01
4.296934e+00,4.468591e+00,4.604743e+00,7.861701e+00
4.981032e+00,4.172364e+00,4.759790e+00,7.381048e+00
4.300202e+00,4.082369e+00,5.949763e+00,6.802104e+00
4.794800e+00,5.970925e+00,5.946309e+00,1.721359e+01
4.249739e+00,5.408472e+00,4.791151e+00,1.546929e+00
4.740515e+00,4.183407e+00,4.149089e+00,2.316298e+01
4.261648e+00,5.512627e+00,4.885403e+00,2.329116e+00
5.321737e+00,4.140790e+00,5.944504e+00,1.978376e-01
5.711914e+00,5.238118e+00,4.092974e+00,3.583740e-01
4.231745e+00,5.121556e+00,5.497413e+00,4.776682e+00
5.411512e+00,4.833464e+00,5.766858e+00,2.057979e+01
4.343539e+00,4.586585e+00,4.937259e+00,6.753487e+00
4.539780e+00,5.966190e+00,4.988137e+00,2.816132e+01
5.782391e+00,5.381032e+00,5.333960e+00,-4.473626e+00
5.042169e+00,4.239615e+00,4.639009e+00,5.788062e+00
5.190713e+00,4.322420e+00,5.193555e+00,2.334339e+01
4.348954e+00,5.879909e+00,4.979704e+00,2.018177e+00
5.745654e+00,4.504707e+00,4.741663e+00,1.424340e+01
4.938012e+00,4.596350e+00,5.120580e+00,5.569306e+00
4.091734e+00,5.250961e+00,4.652455e+00,4.030851e+00
4.189712e+00,5.393597e+00,4.010244e+00,5.074361e+00
5.710050e+00,5.088001e+00,5.576336e+00,-2.829739e+00
4.721228e+00,5.167916e+00,4.583620e+00,-6.182956e+00
5.359079e+00,5.967414e+00,4.357287e+00,6.913796e+00
5.632207e+00,4.394664e+00,5.765876e+00,1.532664e+01
5.263156e+00,4.054520e+00,4.824548e+00,-1.348650e+01
4.931734e+00,5.248563e+00,4.368188e+00,1.655670e+01
4.362058e+00,4.604823e+00,4.183832e+00,1.551319e+00
5.532957e+00,5.177864e+00,4.171992e+00,-8.642969e+00
4.767353e+00,4.795848e+00,4.420581e+00,2.611182e+01
4.019411e+00,5.214851e+00,4.959713e+00,1.864399e+01
5.285296e+00,5.076267e+00,5.859983e+00,1.183587e+01
5.830439e+00,5.496051e+00,4.561331e+00,2.733286e+00
5.808949e+00,4.218067e+00,4.969797e+00,5.030952e+00
4.983999e+00,5.691577e+00,5.586089e+00,-2.460380e+00
5.837277e+00,5.323364e+00,5.993202e+00,1.441647e+01
5.876447e+00,4.364283e+00,5.848674e+00,1.813686e+01
5.016247e+00,5.088431e+00,4.669918e+00,-3.806423e+00
4.395583e+00,4.183339e+00,4.127991e+00,2.040240e+01
4.534231e+00,4.281051e+00,4.816566e+00,1.322854e+01
4.692364e+00,4.341675e+00,5.348644e+00,-6.848263e+00
5.619522e+00,5.996447e+00,4.994533e+00,9.691330e+00
4.522813e+00,5.654309e+00,5.060176e+00,1.279993e+01
4.678042e+00,4.222410e+00,5.635914e+00,1.595326e+01
4.841599e+00,5.157574e+00,5.377250e+00,1.055798e+01
4.381440e+00,5.049152e+00,5.975625e+00,1.440666e+01
4.792354e+00,5.249954e+00,5.258179e+00,2.475473e+01
5.902545e+00,4.150385e+00,4.073431e+00,4.406531e+00
5.608035e+00,4.943083e+00,5.655568e+00,1.144232e+01
5.002070e+00,5.649077e+00,4.736951e+00,2.408334e+01
4.124172e+00,5.831672e+00,4.189231e+00,2.491803e+01
5.432035e+00,4.774434e+00,4.197888e+00,1.757651e+01
4.563034e+00,5.619682e+00,4.941529e+00,-1.651246e+00
5.334021e+00,4.950003e+00,4.591107e+00,4.196766e+00
4.498160e+00,4.184955e+00,4.642649e+00,5.369846e+00
5.239093e+00,4.530735e+00,4.141804e+00,8.477067e+00
5.291029e+00,4.265334e+00,4.521477e+00,1.352524e+00
5.501299e+00,4.690416e+00,4.666386e+00,1.128510e+01
5.870223e+00,4.512459e+00,4.881470e+00,-5.870588e+00
4.472573e+00,4.766660e+00,5.664968e+00,2.759530e+01
4.241955e+00,4.178819e+00,4.826658e+00,1.205773e+01
5.326332e+00,5.372859e+00,4.752501e+00,1.706152e+01
5.709430e+00,5.536704e+00,5.387772e+00,-1.505041e+00
5.679844e+00,4.768146e+00,4.429067e+00,1.580656e+01
4.901130e+00,5.619739e+00,4.481454e+00,-6.018786e+00
4.819506e+00,5.430717e+00,4.553479e+00,1.004302e+01
5.131962e+00,5.702987e+00,4.389696e+00,2.511810e+00
5.926480e+00,4.708760e+00,5.199702e+00,1.082247e+01
4.237048e+00,5.346768e+00,4.196483e+00,1.746052e+01
5.678395e+00,5.707071e+00,4.149302e+00,-6.803212e+00
5.313149e+00,5.411132e+00,4.002123e+00,1.126855e+01
5.347259e+00,5.828660e+00,4.589751e+00,1.099917e+01
5.201036e+00,4.730983e+00,5.843526e+00,1.264860e+01
5.888108e+00,5.573110e+00,4.768143e+00,2.723097e+01
4.701170e+00,5.276871e+00,5.517231e+00,1.926870e+01
4.861182e+00,5.066137e+00,5.409551e+00,9.435074e+00
5.972642e+00,5.605789e+00,5.827305e+00,1.636591e+01
5.398541e+00,4.905348e+00,5.416094e+00,1.351910e+01
5.518777e+00,5.562805e+00,5.839000e+00,2.762779e+00
5.068589e+00,5.662016e+00,5.638795e+00,1.519445e+01
4.611795e+00,5.919116e+00,4.668875e+00,6.091681e+00
4.318347e+00,4.558479e+00,5.732485e+00,2.244135e+01
4.469533e+00,4.307004e+00,4.887993e+00,1.249286e+01
5.597206e+00,5.063328e+00,4.995831e+00,2.797710e+00
5.366059e+00,5.740823e+00,5.289883e+00,7.232750e+00
5.159024e+00,4.391816e+00,5.318180e+00,1.387403e+01
5.934831e+00,5.241327e+00,5.639804e+00,8.298649e+00
5.824644e+00,4.282125e+00,4.724058e+00,1.128465e+01
4.470116e+00,4.316772e+00,5.141749e+00,3.946728e+00
5.176166e+00,5.714930e+00,5.877952e+00,7.323677e+00
5.639643e+00,4.496771e+00,5.677629e+00,1.487458e-01
5.994150e+00,5.792622e+00,4.905801e+00,-4.441520e+00
4.481305e+00,4.795810e+00,4.505756e+00,1.613672e+01
4.819448e+00,5.365828e+00,4.975183e+00,5.225447e+00
5.984889e+00,4.158493e+00,4.958576e+00,8.741886e+00
4.096934e+00,4.983993e+00,4.932180e+00,6.171253e+00
5.060488e+00,4.718906e+00,4.069744e+00,1.115040e+01
5.404242e+00,5.885144e+00,5.772275e+00,6.710272e+00
4.751348e+00,4.703023e+00,4.356952e+00,1.324213e+01
5.912980e+00,5.082232e+00,5.549625e+00,1.770980e+01
5.149263e+00,5.534122e+00,4.709294e+00,7.485657e+00
5.806818e+00,4.139753e+00,4.409295e+00,1.127947e+01
4.712087e+00,5.758192e+00,5.098146e+00,3.414072e-01
4.634193e+00,4.674334e+00,5.419849e+00,-1.284802e+01
5.107013e+00,4.951578e+00,4.158455e+00,6.008377e+00
5.180486e+00,5.898551e+00,4.086582e+00,-1.543500e+01
4.399621e+00,5.723880e+00,4.252727e+00,1.778974e+01
4.270894e+00,5.479930e+00,4.526629e+00,1.664221e+01
4.439466e+00,5.790916e+00,5.258666e+00,1.451196e+01
5.885094e+00,5.620576e+00,5.903695e+00,-1.324991e+00
4.758061e+00,4.616506e+00,4.095044e+00,5.635221e+00
4.820650e+00,4.107702e+00,5.781840e+00,6.801052e+00
4.151305e+00,4.481144e+00,4.662223e+00,6.148437e+00
5.082521e+00,5.467646e+00,5.955067e+00,1.393084e+01
4.319053e+00,5.367938e+00,4.555775e+00,4.626630e+00
4.078662e+00,5.253563e+00,4.612891e+00,1.509595e+01
5.415871e+00,5.755889e+00,5.673498e+00,1.688011e+01
5.722677e+00,5.944645e+00,5.975701e+00,2.047191e+01
5.052002e+00,4.610408e+00,5.968405e+00,1.614719e+01
4.440207e+00,5.412940e+00,5.561068e+00,6.316934e+00
5.205995e+00,5.880347e+00,5.644510e+00,1.584147e+01
5.348376e+00,4.674405e+00,5.584605e+00,9.153557e-01
5.966091e+00,4.774413e+00,5.175247e+00,1.604666e+01
5.847020e+00,4.745313e+00,4.217599e+00,3.054702e+00
4.783929e+00,4.462193e+00,4.241878e+00,3.368141e+00
4.769733e+00,4.085675e+00,5.021309e+00,-1.335843e+00
5.431711e+00,5.646899e+00,4.211979e+00,1.314012e+01
5.752165e+00,5.165688e+00,4.053681e+00,2.655584e+01
5.942891e+00,4.565046e+00,5.534491e+00,9.837166e+00
4.300378e+00,4.474601e+00,4.432299e+00,1.487917e+01
4.595399e+00,4.592292e+00,4.624418e+00,6.189092e-01
5.285802e+00,5.124064e+00,5.053768e+00,1.445374e+01
5.697625e+00,5.434077e+00,4.051971e+00,1.905005e+01
5.438106e+00,5.445539e+00,4.921927e+00,2.163731e+01
4.193792e+00,5.340189e+00,5.891528e+00,-5.645996e+00
4.429278e+00,4.362897e+00,4.364723e+00,1.898002e+00
4.455325e+00,4.436622e+00,5.072170e+00,-2.507314e+00
4.410043e+00,5.172155e+00,5.261046e+00,1.730468e+01
4.010422e+00,5.054225e+00,4.359119e+00,6.081331e+00
4.317199e+00,5.850801e+00,4.573318e+00,-2.955529e+00
5.258895e+00,5.294722e+00,4.208610e+00,2.088102e+00
5.600862e+00,4.700152e+00,4.772382e+00,2.562860e+01
5.585344e+00,5.724958e+00,4.393971e+00,5.598716e-01
5.370866e+00,4.028994e+00,5.244076e+00,8.671777e+00
4.541062e+00,5.705654e+00,5.996257e+00,2.251872e+00
5.081264e+00,5.200647e+00,4.271180e+00,2.363953e+01
5.975988e+00,5.231875e+00,4.499966e+00,1.417650e+01
4.826303e+00,4.407045e+00,5.825735e+00,7.651065e-01
5.749854e+00,5.466096e+00,5.403744e+00,1.635339e+01
5.796484e+00,5.793080e+00,4.265595e+00,-1.785716e+00
4.990565e+00,5.599403e+00,4.325140e+00,1.441809e+01
4.659789e+00,5.075902e+00,5.925473e+00,2.873559e+00
5.032751e+00,5.138546e+00,5.102629e+00,1.317948e+01
5.403043e+00,4.314177e+00,4.156082e+00,3.523353e+00
5.611976e+00,4.036023e+00,5.322886e+00,1.697007e+01
4.578352e+00,4.030122e+00,5.427127e+00,1.231070e+01
4.439445e+00,4.828641e+00,4.293555e+00,1.627095e+01
4.443012e+00,4.003923e+00,5.877040e+00,1.144160e+01
4.583900e+00,4.703849e+00,4.296905e+00,1.743227e+01
5.582350e+00,5.130947e+00,5.485851e+00,1.822050e+01
5.791833e+00,5.116702e+00,4.020032e+00,2.198520e+01
4.927135e+00,5.082329e+00,5.031132e+00,1.651632e+01
4.738490e+00,5.508011e+00,4.017974e+00,1.190848e+00
4.176100e+00,4.762529e+00,4.265142e+00,8.916962e+00
4.267126e+00,5.144136e+00,4.123749e+00,-5.261688e-02
5.920418e+00,5.069256e+00,4.199164e+00,-9.167485e-01
5.882125e+00,4.342511e+00,4.763389e+00,1.385941e+01
4.831914e+00,4.406444e+00,4.791483e+00,2.750794e+01
4.502182e+00,5.309671e+00,5.337300e+00,1.132312e+01
4.750331e+00,4.205219e+00,5.530229e+00,1.248906e+01
4.418078e+00,4.543729e+00,5.823319e+00,2.443931e+01
4.217742e+00,5.698674e+00,5.738383e+00,1.205793e+01
5.891470e+00,5.288331e+00,5.193070e+00,1.444099e+00
4.564890e+00,5.942677e+00,4.587379e+00,2.017208e+01
4.055242e+00,5.331836e+00,5.191573e+00,1.663453e+01
4.675261e+00,5.749348e+00,5.232845e+00,-7.610098e+00
4.123119e+00,4.206105e+00,4.967299e+00,2.685540e+00
5.775876e+00,5.148938e+00,5.059369e+00,1.046582e+01
4.545049e+00,5.331652e+00,5.211194e+00,4.742946e+00
4.952931e+00,4.992170e+00,4.891582e+00,1.132145e+01
5.602398e+00,5.609150e+00,4.128369e+00,1.339787e+01
5.966683e+00,5.193670e+00,4.266856e+00,1.166588e+01
4.554027e+00,5.187556e+00,5.052628e+00,6.504604e+00
4.323311e+00,5.433473e+00,5.659086e+00,2.018272e+01
4.807070e+00,4.542877e+00,5.426050e+00,1.085690e+01
4.259738e+00,4.157467e+00,5.037925e+00,9.591463e-01
5.704465e+00,4.304463e+00,5.616786e+00,3.839649e+00
4.308111e+00,5.984391e+00,4.485438e+00,4.374337e+00
5.973652e+00,4.193530e+00,4.264292e+00,-2.225986e-01
5.978858e+00,4.931097e+00,5.632216e+00,1.380740e+00
5.825672e+00,5.553305e+00,4.526020e+00,4.054920e+00
5.319810e+00,4.905734e+00,4.121983e+00,-2.944601e+00
4.864019e+00,5.366870e+00,4.811634e+00,7.222723e+00
4.675435e+00,5.799394e+00,4.438118e+00,2.448260e+01
4.053380e+00,4.150811e+00,4.513465e+00,1.901457e+01
5.356129e+00,4.046757e+00,5.675838e+00,-7.160285e+00
5.698507e+00,5.286638e+00,4.155702e+00,1.335262e+01
