5.473073e+00,1.650960e+00,1.166675e+00,4.917527e+00,1.394106e+01
5.258941e-01,1.220578e-01,7.038295e+00,2.088867e+00,7.939536e+00
9.869076e-01,4.681683e+00,2.762359e+00,6.223635e+00,9.078332e+00
3.460215e+00,3.295460e-02,1.216851e+00,7.753672e+00,8.298459e+00
4.101761e+00,7.164798e+00,6.251332e+00,6.781991e+00,2.126503e+01
4.752568e+00,1.987541e+00,5.135365e+00,1.271297e+00,7.113140e+00
2.321185e+00,6.366788e+00,8.156302e-01,1.156485e-01,3.320270e+00
1.403018e+00,4.889817e+00,5.820038e+00,2.903558e+00,1.788288e+01
2.006574e+00,5.727205e-01,3.536189e+00,6.756006e+00,1.306809e+01
1.691886e+00,9.056995e-01,3.120655e+00,2.707784e+00,4.629885e+00
7.949793e+00,4.483613e+00,4.826208e+00,3.166812e-01,1.932740e+01
5.791544e+00,5.656867e+00,3.587540e+00,3.632901e+00,1.394943e+01
4.425070e+00,2.353971e+00,5.736676e-01,4.618996e+00,1.035657e+01
1.491734e+00,4.194366e+00,1.710170e+00,7.574526e+00,-1.065003e+01
1.868263e+00,7.534580e+00,7.223914e+00,2.018814e+00,1.855634e+01
6.553763e-01,4.011394e+00,2.151267e+00,7.087717e+00,-2.508751e+00
2.785097e-01,1.042988e+00,6.965684e+00,7.795896e+00,2.102184e+01
7.521634e+00,7.184489e+00,1.023311e-03,1.721377e+00,1.203864e+01
6.581585e+00,6.741206e+00,3.349852e+00,7.081255e+00,1.037057e+01
2.537313e+00,3.374527e+00,2.270753e+00,6.423931e+00,8.143345e+00
2.250099e+00,1.066931e-02,5.885575e+00,4.543108e+00,6.414399e+00
1.431732e+00,5.781739e+00,5.939180e+00,5.130107e+00,-6.291182e+00
5.907284e+00,6.826927e+00,5.614816e+00,6.132630e+00,1.414457e+01
5.585265e+00,4.482282e+00,3.173626e+00,1.233882e+00,-8.969659e+00
2.867012e+00,3.031441e+00,2.771322e-01,6.439331e+00,1.606634e+01
4.213905e+00,4.515919e+00,1.076721e+00,1.258522e+00,7.123911e-01
5.619703e+00,2.658072e+00,6.618850e+00,1.836480e+00,1.564563e+01
3.390014e+00,1.505680e+00,4.084679e+00,2.039681e-01,-1.160794e+01
1.207819e+00,4.297607e+00,6.913698e+00,5.797682e+00,1.073260e+01
6.489879e+00,4.336682e-01,7.727202e+00,3.139567e+00,3.122779e+01
4.759665e+00,3.421614e+00,6.065055e+00,6.302812e+00,-3.382533e-01
6.755520e+00,5.962666e+00,3.394281e+00,5.636676e+00,1.460331e+01
5.432099e+00,1.633063e+00,3.380223e-01,2.500264e+00,1.893018e+01
2.032194e-01,1.053836e+00,7.710096e+00,1.270115e+00,1.926543e+01
5.974795e+00,2.776253e+00,3.831969e-01,5.202826e+00,8.704631e+00
5.990407e+00,1.191986e+00,4.708939e+00,5.114195e+00,1.345752e+01
1.150849e+00,4.845066e+00,3.316447e+00,7.024788e+00,1.106894e+01
4.167178e+00,3.667559e+00,5.071243e+00,5.097392e+00,1.417862e+01
6.545848e+00,4.948919e+00,6.801117e+00,1.490632e+00,3.433688e-01
2.776201e-01,4.183389e+00,7.454257e+00,1.900008e+00,5.199673e+00
1.387621e+00,8.351982e-01,2.849698e+00,6.638632e+00,-3.179103e+00
6.785209e+00,8.347169e-01,3.878339e+00,5.274904e+00,2.349547e+01
6.815406e+00,6.067843e+00,2.942253e+00,7.361098e+00,1.048937e+01
3.667568e-02,3.138895e+00,7.564992e-01,6.481394e+00,-3.469442e+00
1.430644e+00,5.953231e+00,6.605094e+00,1.282280e+00,3.777244e+00
2.949903e+00,2.688188e+00,5.069963e+00,2.214405e+00,1.396929e+01
4.761284e+00,4.408279e+00,5.065902e+00,7.175065e+00,9.053747e+00
6.327199e+00,5.553116e+00,4.344526e-01,7.964139e+00,1.076691e+01
3.020669e+00,6.327578e+00,5.069475e+00,2.641231e+00,9.101659e+00
7.179363e-01,3.777186e+00,2.294847e+00,7.326451e+00,1.467878e+01
1.376280e+00,1.066683e+00,7.877417e+00,3.937468e+00,2.047293e+01
2.653771e+00,8.739940e-01,4.493213e-01,3.975711e+00,-2.973505e+00
2.511969e+00,3.804967e+00,6.331837e-01,5.500331e+00,1.979483e+00
7.396341e+00,6.307890e+00,3.275594e+00,2.682809e+00,1.123573e+01
3.116950e+00,5.320557e+00,7.176157e+00,2.110092e+00,6.117420e+00
4.921001e+00,4.476654e+00,2.630405e+00,4.159911e+00,4.446850e+00
4.367806e+00,1.460515e+00,5.821216e+00,6.288694e+00,1.339059e+01
1.286086e+00,4.493479e+00,1.860406e+00,5.785406e+00,-4.215834e+00
5.929625e+00,5.466458e+00,2.530122e+00,2.340849e-01,1.209788e+01
4.678620e+00,4.665806e+00,1.578233e+00,1.038711e+00,5.817206e+00
7.042929e+00,6.598744e+00,4.277012e+00,1.601154e-01,5.841992e+00
4.157039e-01,7.337061e+00,6.828544e+00,5.994513e+00,1.117242e+01
6.898755e+00,4.570007e+00,9.213324e-01,6.876884e+00,1.473740e+01
3.793399e+00,4.034290e+00,3.216445e+00,6.167055e+00,-4.509393e-01
2.548338e+00,3.900727e+00,4.932539e+00,5.123690e-01,9.101870e+00
6.865706e+00,7.855453e+00,2.728629e+00,7.836363e+00,3.210151e+01
4.928761e+00,1.291644e+00,4.038043e+00,7.887583e+00,1.702870e+01
3.032501e+00,5.107709e-01,2.611275e+00,8.545209e-01,-3.927704e-02
2.429198e+00,6.925011e+00,1.680249e+00,5.900149e+00,1.970580e+00
5.473709e+00,5.590203e+00,7.453961e+00,6.734866e+00,1.769076e+01
2.921138e+00,1.212947e+00,4.989324e+00,5.954700e+00,9.971322e+00
3.436541e+00,6.888208e+00,2.033358e-01,3.589038e-01,-4.181195e+00
3.670500e+00,1.147777e+00,4.348170e+00,4.564245e-01,1.472403e+01
2.611176e-01,6.379440e+00,1.293866e+00,7.828436e+00,1.207341e+01
2.558685e+00,6.172610e+00,9.066115e-01,5.249780e+00,3.640339e+00
2.727809e+00,6.010290e+00,4.752385e+00,7.284181e+00,1.177456e+01
7.568795e+00,2.608048e+00,9.621932e-02,2.089478e+00,6.210763e+00
3.461918e+00,5.622682e+00,6.240328e-01,1.978802e-01,-4.376715e+00
4.569352e+00,1.224224e-01,6.995547e+00,7.448832e+00,2.342806e+00
6.618193e+00,5.761177e+00,4.096947e+00,4.442199e+00,1.455912e+00
3.723821e+00,4.050951e+00,7.356622e+00,7.900651e+00,6.388988e+00
1.307634e-01,7.851359e+00,6.430494e+00,3.535367e+00,-3.075247e+00
7.778878e+00,6.676739e-01,4.821545e+00,1.335007e+00,4.365821e+00
7.785936e+00,3.996661e-01,4.214617e+00,2.223964e+00,-8.741632e+00
7.025011e+00,8.683052e-01,4.887299e-01,5.368101e+00,2.169881e+01
5.599937e+00,6.213815e+00,4.188899e+00,1.899112e+00,8.926585e+00
4.402385e+00,3.430682e-01,6.869082e+00,4.583591e+00,1.741365e+01
4.767413e+00,9.437870e-01,7.334277e+00,3.340555e+00,5.774174e+00
2.633914e-01,2.534575e+00,2.462673e+00,3.212253e-02,-6.239748e+00
9.804080e-01,2.890753e+00,5.695667e+00,6.995179e-01,-6.990368e+00
2.173920e+00,6.965908e+00,7.242187e+00,2.844397e+00,3.045056e+00
7.818453e+00,4.452805e+00,3.629621e+00,2.524355e+00,8.021180e+00
7.332864e+00,7.711879e+00,7.254780e+00,7.515795e+00,2.364135e+01
2.307362e+00,3.095438e-01,7.674513e+00,1.707876e+00,7.054083e+00
2.395581e+00,4.254601e+00,7.119185e+00,7.973750e+00,2.493951e+01
6.527528e+00,4.605005e+00,4.454588e+00,1.761409e+00,2.066850e-01
5.981893e+00,2.880094e-01,3.671279e+00,3.634590e+00,1.522579e+01
4.404465e+00,3.489452e+00,3.782254e+00,2.246245e+00,5.021442e+00
3.362140e+00,1.150157e+00,6.907557e+00,2.524102e+00,1.256859e+01
6.011261e+00,1.515609e+00,1.605261e+00,2.803751e+00,-1.124955e+01
