1.496997e+00,1.742438e+00,4.788278e+00,6.544721e+00
2.281739e+00,3.562053e+00,3.820571e+00,4.390100e+00
4.324368e+00,4.799988e+00,4.927007e-02,2.140863e+00
3.037922e+00,7.368573e-01,1.467724e-01,4.035462e+00
4.477426e+00,2.712737e+00,2.430175e+00,1.449735e+01
4.298153e+00,3.400446e+00,7.893737e-02,2.232097e-01
1.563555e+00,1.481752e+00,4.654425e+00,7.870425e+00
1.587544e+00,1.089031e+00,1.294868e+00,7.338792e+00
1.339177e+00,4.528020e+00,3.897641e+00,2.889574e+00
1.784383e+00,4.635981e+00,1.104868e+00,1.594916e+00
3.918200e+00,1.091257e+00,1.298014e-01,1.038498e+01
3.922357e-02,2.344537e+00,2.974237e+00,-2.943277e-01
1.635028e+00,2.475115e+00,1.950107e-01,-5.454535e+00
4.587876e+00,4.819764e+00,1.891991e+00,-2.973715e+00
2.459944e+00,2.595506e+00,8.940549e-01,6.559941e+00
2.115523e+00,3.818510e-01,4.034214e-01,-2.193905e+00
2.433684e+00,1.412579e+00,3.941802e+00,-2.283034e+00
3.503310e+00,1.235722e+00,3.831106e+00,7.412185e+00
3.203592e+00,2.265901e+00,1.323658e+00,2.954650e+00
3.727948e+00,2.548393e+00,8.963493e-01,-3.614267e-01
4.566564e+00,1.082877e+00,4.201977e+00,3.840947e+00
4.455288e+00,3.419186e+00,3.995411e+00,8.538727e+00
2.127214e+00,2.610638e+00,2.223823e+00,3.598168e-01
3.900938e+00,2.912641e+00,3.321227e+00,4.570274e+00
4.541059e+00,3.156433e+00,3.416744e+00,5.663899e+00
3.287428e-01,4.801386e-01,3.069519e+00,1.031517e+01
4.980690e+00,2.536447e+00,2.610096e+00,8.028068e+00
1.798814e+00,5.791832e-01,6.697147e-01,-8.939185e-01
2.042057e+00,1.047704e+00,3.047161e+00,6.565442e-01
1.125868e+00,4.241552e+00,3.525610e+00,1.072154e+01
2.499624e+00,3.070149e+00,2.400816e+00,2.426878e+00
2.727946e+00,2.562555e+00,3.331097e+00,5.078862e-01
3.450710e+00,4.141531e+00,3.088547e+00,1.865266e-01
2.191557e+00,1.110413e+00,4.844204e+00,4.461058e+00
2.691609e+00,4.141044e+00,7.113346e-01,6.048152e+00
3.882221e+00,4.123169e+00,2.848896e+00,4.384128e-01
4.145985e+00,2.699330e+00,3.777045e+00,5.428410e+00
3.355497e+00,1.450354e+00,7.606299e-02,7.036684e+00
1.374056e+00,3.090802e+00,4.506563e+00,-9.466148e-01
1.743908e+00,1.806366e+00,1.370663e+00,3.409999e+00
3.287500e+00,3.147948e+00,2.500948e+00,5.143327e+00
2.783890e+00,4.775683e+00,2.442589e+00,7.481248e+00
1.123353e+00,9.160065e-01,6.083104e-01,2.381533e+00
3.340659e+00,2.548801e+00,3.508324e+00,7.726147e+00
8.409180e-01,1.688340e+00,4.645599e+00,7.617401e+00
2.652270e+00,3.429804e+00,3.569938e+00,7.461731e+00
3.558102e+00,7.512172e-01,1.756682e+00,9.573292e+00
1.840658e+00,4.142877e+00,8.582632e-01,3.428644e+00
2.233522e+00,3.441377e+00,1.163057e+00,2.768741e+00
4.799000e+00,1.937159e+00,5.943636e-01,-2.749466e+00
3.009749e+00,4.253465e+00,1.983871e+00,1.211878e+00
3.909943e+00,1.581684e+00,4.531542e+00,1.788040e+01
1.846461e+00,5.713470e-01,1.749057e+00,3.168234e-01
1.489929e+00,2.019837e+00,1.361380e+00,7.349441e+00
1.320768e+00,1.668044e+00,3.813872e+00,-3.655636e+00
1.307385e+00,4.129388e+00,2.549442e+00,4.519233e+00
2.364050e+00,3.079923e+00,1.834607e+00,5.768732e+00
6.317486e-01,3.231154e+00,6.687767e-01,-3.696267e-01
4.631871e+00,2.474506e+00,3.367380e+00,3.848849e+00
2.213298e+00,1.172411e+00,2.753460e+00,5.576920e+00
1.710544e+00,2.320505e-02,3.220806e+00,6.022937e+00
1.706305e+00,4.076706e+00,4.734462e+00,2.536826e+00
6.471944e-01,8.194806e-01,4.459319e+00,3.798943e+00
4.370180e+00,3.419558e-01,1.758947e+00,2.195869e+00
2.042401e-01,2.824041e+00,4.864063e+00,3.351782e+00
2.453749e+00,4.235290e+00,3.884719e-02,7.890017e+00
1.801629e-01,1.518686e+00,3.698721e+00,1.218909e+01
4.157435e+00,2.097934e+00,1.717984e+00,7.643323e+00
4.369108e+00,3.616357e+00,3.905756e+00,4.302024e+00
2.259663e+00,3.772217e+00,3.196672e+00,5.895462e+00
1.853453e+00,1.897623e+00,4.967218e+00,4.228047e+00
4.120586e+00,8.025057e-01,4.426392e+00,2.387176e+00
3.396625e+00,1.501208e+00,6.569230e-02,4.191459e+00
4.201941e+00,3.539872e+00,4.080778e+00,1.016817e+01
3.869142e+00,3.861132e+00,2.295756e+00,8.204150e+00
5.421276e-01,2.333588e+00,1.008952e+00,-3.185663e+00
3.197535e+00,4.585380e+00,1.249131e+00,8.196346e+00
3.999441e-01,4.272157e-01,4.543664e+00,9.421538e+00
2.979905e+00,3.794390e+00,6.194993e-01,8.852798e+00
5.921140e-01,3.893778e+00,2.570035e+00,3.292710e+00
3.729253e+00,6.993362e-01,1.680554e+00,-2.934556e+00
1.770933e-01,2.657329e+00,4.337747e+00,7.848519e-01
9.223382e-01,1.358087e+00,4.568911e-01,-7.185130e+00
4.863595e+00,4.645198e+00,2.595850e+00,4.750705e+00
4.051183e+00,4.992396e+00,4.921131e+00,-2.054371e-01
4.008242e-01,1.734108e+00,8.038266e-01,5.721937e+00
4.749038e+00,5.689736e-01,2.169105e+00,4.361939e+00
3.479578e+00,2.392918e+00,3.210096e-01,4.582586e+00
6.798119e-01,2.950649e+00,1.577132e+00,3.492766e+00
4.757131e+00,4.595036e+00,1.460942e+00,9.516908e+00
4.567252e-01,3.111305e+00,2.732214e+00,1.359525e+00
4.286925e+00,4.942952e+00,3.459863e+00,3.045242e+00
1.267531e+00,3.213347e+00,1.483203e+00,5.588932e+00
2.251049e+00,1.982207e-01,3.900255e-01,-3.840975e-01
2.892788e+00,3.560034e+00,2.219098e+00,1.023732e+01
1.131592e+00,5.210674e-01,2.644870e+00,1.196575e+00
4.335626e+00,9.413121e-02,2.689600e+00,1.223046e+00
1.395083e+00,9.146472e-01,2.992855e+00,7.200638e+00
1.355154e+00,1.882495e+00,6.927803e-03,5.148070e+00
2.278199e+00,1.533482e+00,4.012301e+00,5.466281e+00
