3.044672e+00,4.627510e+00,6.514066e+00,3.630975e+00,3.139940e+00
5.023486e+00,4.069248e+00,5.956214e+00,2.046997e+00,1.082693e+01
2.428795e+00,2.125426e+00,4.541705e+00,2.496860e+00,-8.774507e+00
4.028841e+00,6.869729e+00,5.330602e+00,2.639591e+00,1.255324e+01
2.357702e+00,2.410066e+00,4.536208e+00,5.006793e+00,2.072316e+01
6.872350e+00,5.999857e+00,4.589733e+00,5.210194e+00,6.070009e+00
5.248186e+00,3.520027e+00,6.525152e+00,2.523797e+00,1.323572e+01
4.859065e+00,6.628444e+00,5.508655e+00,4.716646e+00,7.648396e+00
3.556811e+00,5.880156e+00,6.377632e+00,6.875414e+00,7.891225e+00
5.500687e+00,2.239467e+00,3.908954e+00,5.053178e+00,1.129996e+01
2.630735e+00,3.774597e+00,6.151851e+00,3.249677e+00,5.932789e+00
4.990084e+00,6.894975e+00,4.699779e+00,4.439088e+00,1.923755e+01
4.210112e+00,5.170415e+00,2.321309e+00,3.367313e+00,9.385255e+00
6.542454e+00,5.393426e+00,4.371184e+00,2.846527e+00,1.838544e+01
4.926223e+00,3.067680e+00,5.936475e+00,5.459731e+00,2.958149e+00
3.929290e+00,2.748312e+00,3.860909e+00,3.694971e+00,-1.664832e+00
4.929892e+00,2.699906e+00,5.776452e+00,6.344973e+00,-8.183329e+00
4.092266e+00,2.565114e+00,3.734031e+00,6.330903e+00,9.234142e+00
6.450659e+00,6.135928e+00,5.691129e+00,5.991354e+00,-1.693143e+00
6.092837e+00,4.275334e+00,5.213555e+00,6.398038e+00,8.489155e+00
6.199410e+00,2.706560e+00,5.121070e+00,2.561223e+00,1.448462e+00
3.031670e+00,2.561391e+00,2.802307e+00,4.155652e+00,9.664283e-01
6.697726e+00,3.214163e+00,3.108235e+00,2.359850e+00,-6.766087e+00
5.592648e+00,6.070645e+00,2.151197e+00,2.555121e+00,6.009572e+00
5.451457e+00,4.540665e+00,4.349411e+00,6.985274e+00,1.693100e+01
3.906685e+00,6.992945e+00,6.444312e+00,3.949600e+00,5.356023e+00
3.814789e+00,3.622241e+00,3.292297e+00,5.333411e+00,3.476589e+00
3.723052e+00,3.248625e+00,4.554008e+00,4.466487e+00,-6.154386e+00
3.129033e+00,3.803345e+00,5.697250e+00,3.346158e+00,-6.132961e+00
2.317473e+00,3.689655e+00,6.913716e+00,5.952567e+00,3.944852e+00
6.363941e+00,3.935071e+00,3.421006e+00,2.319722e+00,5.592774e+00
4.998022e+00,2.313991e+00,5.549781e+00,6.718045e+00,1.186951e+01
2.009547e+00,4.065062e+00,6.477860e+00,6.886300e+00,1.265271e+00
2.937714e+00,4.501352e+00,2.100659e+00,2.698734e+00,2.778608e+01
2.864380e+00,4.331715e+00,3.690194e+00,2.038194e+00,1.423289e+01
6.366115e+00,3.026005e+00,5.021254e+00,3.981200e+00,4.030399e+00
5.122287e+00,3.521167e+00,6.709746e+00,4.221375e+00,1.490227e+01
5.613126e+00,3.662980e+00,3.538437e+00,6.777139e+00,4.798697e+00
4.379242e+00,2.913043e+00,3.536723e+00,6.905724e+00,1.267470e+01
3.080098e+00,5.609549e+00,3.588416e+00,4.640528e+00,1.694100e+01
3.269552e+00,5.024200e+00,5.212113e+00,4.718513e+00,1.026901e+01
6.698589e+00,2.480937e+00,5.806207e+00,6.257997e+00,1.311058e+01
5.122458e+00,6.067214e+00,6.900513e+00,4.666825e+00,2.599624e+01
3.492843e+00,5.289012e+00,3.735694e+00,2.828765e+00,-7.996041e+00
5.929737e+00,5.106597e+00,6.397518e+00,3.611180e+00,1.193147e+01
4.456607e+00,2.491432e+00,3.165932e+00,2.282337e+00,1.063902e+01
5.451106e+00,4.735888e+00,6.395790e+00,5.674893e+00,2.622195e+00
3.191498e+00,5.248171e+00,3.247349e+00,6.244626e+00,-8.985798e-01
5.592949e+00,5.819285e+00,2.273712e+00,3.830699e+00,2.526514e+01
5.012707e+00,3.000417e+00,2.717195e+00,5.287422e+00,-1.539802e+01
2.950611e+00,6.493598e+00,5.028278e+00,4.220151e+00,1.791283e+00
3.399496e+00,6.739860e+00,4.369609e+00,6.106160e+00,2.522727e+01
4.319608e+00,2.682158e+00,6.643873e+00,2.464351e+00,5.894765e+00
2.760691e+00,2.045289e+00,3.293700e+00,5.420866e+00,9.445617e+00
5.797599e+00,4.391296e+00,5.391793e+00,4.764996e+00,-3.386361e+00
6.383822e+00,6.840185e+00,4.714471e+00,2.055869e+00,-2.595669e+00
4.746327e+00,3.368565e+00,3.761604e+00,4.456928e+00,8.948731e+00
5.132755e+00,6.750591e+00,6.134996e+00,2.721160e+00,9.418612e+00
5.355305e+00,3.414660e+00,5.172918e+00,4.041773e+00,3.393552e+00
5.852646e+00,2.223452e+00,3.604765e+00,5.090094e+00,-5.616529e+00
5.551560e+00,4.539950e+00,4.944648e+00,3.933327e+00,6.709884e+00
5.467141e+00,5.677939e+00,3.061159e+00,6.113925e+00,-1.409559e+01
3.472928e+00,3.230499e+00,3.125809e+00,3.175429e+00,1.857741e+01
6.974409e+00,2.038034e+00,4.435053e+00,2.441292e+00,2.620945e-01
6.053980e+00,5.731320e+00,2.668524e+00,5.186240e+00,2.659309e+01
4.479296e+00,4.003715e+00,2.551306e+00,4.412686e+00,2.178530e+00
5.045549e+00,2.766504e+00,2.832107e+00,6.726835e+00,2.200735e+01
4.700591e+00,6.745670e+00,6.834032e+00,4.804198e+00,1.453332e+01
3.325121e+00,6.569038e+00,4.788152e+00,2.669136e+00,2.925694e+01
3.556526e+00,6.453747e+00,2.863200e+00,6.404983e+00,2.048811e+01
5.863792e+00,4.854406e+00,3.224333e+00,6.828598e+00,2.906706e+01
6.542329e+00,4.331287e+00,6.134487e+00,3.210702e+00,2.462706e+01
6.402028e+00,5.081381e+00,6.772358e+00,4.362185e+00,1.637842e+01
2.297607e+00,6.395477e+00,3.551470e+00,2.144858e+00,1.279924e+01
6.969641e+00,2.256504e+00,6.865608e+00,3.954178e+00,8.562856e+00
3.573364e+00,4.566111e+00,2.581227e+00,4.791399e+00,1.194489e+01
3.010439e+00,4.526120e+00,2.906540e+00,2.688855e+00,6.456726e+00
3.918058e+00,5.270076e+00,4.406040e+00,4.025556e+00,7.151473e+00
5.734340e+00,4.752408e+00,2.201431e+00,5.831684e+00,3.286452e+01
2.076206e+00,2.120918e+00,6.348385e+00,6.596949e+00,-9.313463e+00
4.253718e+00,2.379421e+00,6.786540e+00,2.780811e+00,1.293584e+00
5.512042e+00,4.262899e+00,2.887990e+00,3.165035e+00,7.819662e+00
6.289734e+00,3.879137e+00,2.861942e+00,5.424075e+00,3.522842e+00
5.459024e+00,6.456068e+00,4.006286e+00,5.926632e+00,2.074513e+00
2.085754e+00,2.686991e+00,4.921255e+00,5.255443e+00,-2.303570e+00
4.005190e+00,4.466999e+00,6.915318e+00,5.694917e+00,-1.800540e+01
3.201910e+00,4.809001e+00,5.422057e+00,6.406986e+00,9.139117e+00
4.829560e+00,2.330568e+00,2.946420e+00,5.471253e+00,2.013404e+01
6.290221e+00,4.171989e+00,5.909168e+00,3.952885e+00,1.517951e+01
5.809007e+00,2.349188e+00,5.403078e+00,3.605481e+00,2.669978e+01
3.522825e+00,2.811688e+00,3.138343e+00,6.773570e+00,8.256002e+00
6.857926e+00,5.070377e+00,5.174757e+00,3.346998e+00,6.466947e+00
2.464001e+00,3.110797e+00,2.098316e+00,6.152223e+00,1.802785e+01
6.655674e+00,2.727058e+00,6.240363e+00,4.434002e+00,1.761191e+01
5.671603e+00,3.400203e+00,5.477402e+00,6.336306e+00,1.940140e+01
4.072919e+00,4.692701e+00,4.108921e+00,2.902351e+00,1.862878e+01
5.247328e+00,5.701295e+00,4.652917e+00,6.804612e+00,3.536379e+01
3.903809e+00,6.251068e+00,6.314002e+00,2.931047e+00,2.881809e+01
5.882824e+00,3.600350e+00,3.359506e+00,3.998889e+00,8.842699e+00
6.171775e+00,3.408214e+00,5.995463e+00,2.952063e+00,1.037546e+01
6.382315e+00,2.032084e+00,5.928076e+00,6.364100e+00,-3.634185e+00
6.759916e+00,5.358358e+00,3.059009e+00,6.172906e+00,1.214286e+01
4.564493e+00,4.699706e+00,3.529708e+00,3.710671e+00,2.342302e+01
4.592453e+00,2.275270e+00,6.516490e+00,6.099392e+00,1.634596e+01
6.102113e+00,4.596609e+00,3.769973e+00,3.245801e+00,7.347900e+00
5.829117e+00,5.978080e+00,6.360219e+00,4.338100e+00,6.201895e+00
4.319867e+00,6.926408e+00,2.821786e+00,5.409326e+00,2.404992e+01
5.964751e+00,4.384543e+00,5.467549e+00,2.364748e+00,-1.734496e+00
4.018783e+00,6.362086e+00,4.724716e+00,5.265970e+00,1.311589e+01
3.994883e+00,2.977049e+00,6.087444e+00,3.311260e+00,-9.311856e+00
4.229117e+00,4.103665e+00,5.792522e+00,6.305315e+00,2.474125e+01
5.666486e+00,5.172573e+00,4.286439e+00,3.217585e+00,2.132518e+01
5.091375e+00,4.771905e+00,3.310450e+00,6.664412e+00,5.741345e+00
5.030404e+00,2.960974e+00,4.449115e+00,4.492852e+00,9.824680e+00
3.246386e+00,6.137237e+00,2.203920e+00,2.323342e+00,-9.483005e+00
2.954567e+00,5.811771e+00,5.138940e+00,5.819451e+00,2.086339e+01
4.149018e+00,3.167790e+00,3.200404e+00,3.135554e+00,2.054735e+00
2.914237e+00,5.354947e+00,5.290978e+00,5.760789e+00,1.650136e+01
4.311581e+00,3.260823e+00,4.167005e+00,2.417762e+00,4.808755e+00
4.577525e+00,3.635109e+00,5.930321e+00,5.485633e+00,2.375278e+01
3.547687e+00,3.173143e+00,6.018062e+00,6.408049e+00,-1.627056e+00
6.398097e+00,5.905614e+00,5.421424e+00,2.041573e+00,1.080470e+01
3.564229e+00,5.467875e+00,5.134609e+00,4.087901e+00,7.790673e+00
6.966062e+00,4.177713e+00,4.028849e+00,4.803862e+00,2.938169e+01
2.448024e+00,4.035476e+00,3.633344e+00,6.696357e+00,2.747793e+00
4.582041e+00,3.962160e+00,3.115722e+00,2.662221e+00,-3.571154e+00
4.782178e+00,3.660454e+00,6.187333e+00,6.530268e+00,1.550155e+01
4.607744e+00,4.224965e+00,5.913161e+00,4.999870e+00,2.044699e+01
2.996262e+00,5.953826e+00,3.034243e+00,6.891953e+00,1.444611e+01
6.791367e+00,4.926860e+00,4.507025e+00,6.365693e+00,8.518172e+00
6.926961e+00,2.070663e+00,2.461224e+00,5.295672e+00,1.508520e+01
5.282527e+00,5.368606e+00,4.842630e+00,3.952459e+00,1.431508e+01
6.846168e+00,2.624122e+00,3.906895e+00,5.162988e+00,7.954337e+00
3.475723e+00,2.585776e+00,6.344155e+00,6.031935e+00,4.176931e+00
2.807897e+00,2.310915e+00,2.150459e+00,2.565152e+00,-4.282902e+00
2.739201e+00,6.221046e+00,2.767392e+00,5.139023e+00,2.509797e+01
2.304880e+00,4.256618e+00,5.430241e+00,4.161619e+00,8.724688e+00
5.020276e+00,5.442512e+00,2.595660e+00,2.555617e+00,3.011712e+01
3.874605e+00,3.266437e+00,6.445405e+00,5.092367e+00,1.897294e+01
6.960636e+00,3.218386e+00,6.192693e+00,4.326597e+00,-8.982926e+00
5.151216e+00,6.876412e+00,2.854813e+00,3.513071e+00,8.800243e+00
5.811571e+00,6.644306e+00,6.967105e+00,4.495922e+00,1.235000e+00
2.582607e+00,4.314509e+00,2.230557e+00,5.196865e+00,3.836374e+00
4.325032e+00,2.757454e+00,4.555765e+00,6.335441e+00,3.390396e+00
3.857171e+00,4.137360e+00,5.325121e+00,4.949050e+00,1.212954e+01
4.880416e+00,3.013012e+00,3.768367e+00,3.367521e+00,-1.580410e+01
3.070335e+00,6.540536e+00,5.786307e+00,2.459160e+00,1.080038e+01
3.055673e+00,6.127341e+00,3.204514e+00,6.017907e+00,1.689590e+01
4.714536e+00,2.534315e+00,6.477954e+00,3.214668e+00,2.004811e+01
5.641952e+00,6.189876e+00,5.026493e+00,4.909597e+00,1.604349e+01
2.615109e+00,4.862601e+00,2.017361e+00,6.803571e+00,-7.726950e+00
6.312292e+00,3.243439e+00,4.695049e+00,5.175672e+00,2.903514e+00
4.621922e+00,3.843886e+00,2.125051e+00,4.478753e+00,3.885427e+00
5.540977e+00,5.009713e+00,3.998490e+00,3.555691e+00,1.276966e+01
2.458751e+00,5.698300e+00,6.190808e+00,5.772162e+00,2.665002e+01
3.839253e+00,4.348409e+00,4.777625e+00,2.258486e+00,-3.726529e-01
4.111585e+00,3.307837e+00,6.243697e+00,6.551688e+00,1.570940e+01
3.615360e+00,4.949709e+00,2.785405e+00,5.965948e+00,3.054058e+00
4.770237e+00,5.465725e+00,4.116122e+00,4.294475e+00,4.351073e+00
6.886417e+00,2.353396e+00,3.060107e+00,6.572966e+00,3.733601e+01
6.182345e+00,3.866274e+00,3.484337e+00,2.070773e+00,1.632228e+01
5.222176e+00,6.845736e+00,5.726836e+00,3.088315e+00,2.535759e-01
5.028544e+00,2.363576e+00,2.608943e+00,4.630240e+00,-6.338651e-01
5.996684e+00,6.559082e+00,6.115850e+00,2.825114e+00,1.543208e+01
2.285016e+00,5.621762e+00,4.730310e+00,4.942210e+00,-4.657985e-02
3.534937e+00,5.715602e+00,6.757831e+00,6.646468e+00,-6.852299e+00
2.853655e+00,5.347068e+00,5.409377e+00,4.731409e+00,6.468582e+00
4.410784e+00,3.104801e+00,4.315604e+00,3.541175e+00,1.323372e+01
2.188477e+00,5.416376e+00,5.632631e+00,2.689032e+00,4.806882e+00
5.196885e+00,4.447700e+00,2.520895e+00,3.896960e+00,3.399904e+00
4.406798e+00,3.460770e+00,2.959633e+00,4.432707e+00,2.019223e+01
2.804460e+00,6.446139e+00,4.904009e+00,3.163159e+00,-1.623201e+01
3.358656e+00,5.391312e+00,3.137408e+00,3.559124e+00,1.236306e+01
2.791831e+00,3.132311e+00,5.463291e+00,2.172396e+00,5.278216e+00
6.560634e+00,3.005740e+00,6.443740e+00,5.537281e+00,2.047913e+01
4.400763e+00,6.740972e+00,6.949579e+00,6.477432e+00,-1.400531e+00
3.449964e+00,4.428300e+00,4.833937e+00,4.548215e+00,7.578422e+00
3.370344e+00,5.626190e+00,2.912168e+00,3.564448e+00,1.078405e+00
5.322121e+00,2.170563e+00,2.418131e+00,6.235109e+00,-1.404698e+00
4.834553e+00,2.288711e+00,6.617667e+00,5.678003e+00,1.442063e+01
3.237293e+00,4.230436e+00,2.588151e+00,3.540001e+00,-3.014039e+00
5.028100e+00,6.236635e+00,6.543052e+00,5.933276e+00,1.293122e+01
3.078465e+00,5.855154e+00,4.173135e+00,2.260326e+00,3.635608e+01
5.660105e+00,6.519449e+00,6.830152e+00,5.277755e+00,1.632669e+01
4.496638e+00,6.208328e+00,3.956068e+00,3.597782e+00,-2.795600e+00
4.327901e+00,3.003975e+00,6.351848e+00,3.389032e+00,-3.782153e+00
6.690719e+00,5.416605e+00,6.707023e+00,3.999281e+00,-4.264149e+00
6.135430e+00,4.837400e+00,6.334225e+00,5.358647e+00,6.397723e+00
4.740203e+00,3.005196e+00,3.016534e+00,5.103243e+00,2.868233e+01
4.433442e+00,2.154635e+00,5.623002e+00,3.907572e+00,5.816898e+00
2.520888e+00,2.944246e+00,3.620356e+00,5.053973e+00,-2.996466e+00
4.384865e+00,5.980460e+00,6.044597e+00,5.626607e+00,-3.036285e+00
5.142611e+00,2.018325e+00,5.627454e+00,5.593180e+00,1.844079e+01
3.057700e+00,4.921273e+00,3.439970e+00,6.990163e+00,8.240870e+00
6.255730e+00,3.232260e+00,4.199640e+00,6.147566e+00,9.859104e+00
6.410382e+00,3.443904e+00,4.646935e+00,3.097981e+00,9.993888e+00
3.637706e+00,3.027769e+00,3.826584e+00,6.545708e+00,-5.991474e+00
2.663498e+00,5.263450e+00,4.815270e+00,4.646633e+00,-7.726324e-01
4.914633e+00,5.596818e+00,5.716890e+00,2.294643e+00,-5.829907e+00
5.788390e+00,4.085015e+00,5.697060e+00,2.115212e+00,1.808812e+01
5.874995e+00,3.325705e+00,4.182603e+00,2.847743e+00,9.167973e+00
3.264363e+00,4.036488e+00,2.433968e+00,6.385275e+00,2.528478e+00
6.585089e+00,6.149018e+00,5.422928e+00,3.383211e+00,9.733627e-01
3.155378e+00,2.456682e+00,5.472876e+00,3.434297e+00,-3.792252e+00
3.499085e+00,3.353834e+00,2.988903e+00,5.240890e+00,1.320944e+01
5.849640e+00,4.616957e+00,6.063807e+00,4.666836e+00,6.993396e+00
4.419490e+00,5.422700e+00,4.457383e+00,3.810349e+00,1.792847e+01
6.097036e+00,3.940439e+00,5.337943e+00,3.951203e+00,1.219644e+01
3.597624e+00,4.521230e+00,3.859093e+00,4.785158e+00,-2.893406e+00
5.345717e+00,5.941731e+00,2.937020e+00,3.471313e+00,4.317104e+00
6.108867e+00,4.559224e+00,6.139555e+00,4.132652e+00,1.126366e+01
3.363787e+00,6.886210e+00,3.563456e+00,3.450620e+00,4.521921e+01
6.894594e+00,3.865043e+00,2.832583e+00,2.396906e+00,8.175826e+00
4.276014e+00,3.325005e+00,4.964550e+00,5.755172e+00,1.089124e+01
3.680508e+00,2.985692e+00,4.716733e+00,4.137736e+00,9.203236e+00
3.556183e+00,3.845154e+00,4.279888e+00,6.141082e+00,3.272478e+00
2.062957e+00,5.786849e+00,3.815365e+00,2.305427e+00,2.382518e+01
2.872845e+00,2.855417e+00,6.237027e+00,6.786782e+00,1.025485e+01
5.897821e+00,4.722869e+00,5.523949e+00,6.126074e+00,2.038606e+01
5.057856e+00,3.552478e+00,5.777524e+00,2.990772e+00,7.548077e+00
5.508346e+00,4.076967e+00,5.637977e+00,4.116748e+00,2.032346e+01
3.572726e+00,3.987196e+00,3.280873e+00,5.317239e+00,5.738160e+00
3.065837e+00,4.290996e+00,4.900582e+00,3.181451e+00,2.749323e+01
2.352994e+00,3.646627e+00,2.069378e+00,5.056918e+00,1.518848e+01
3.259640e+00,3.420707e+00,6.540160e+00,6.327364e+00,1.659721e+01
3.415828e+00,5.330432e+00,3.431670e+00,6.545438e+00,-3.058092e+00
6.216728e+00,4.640070e+00,3.004149e+00,4.488089e+00,3.228272e+00
5.403042e+00,4.499920e+00,2.790543e+00,6.367836e+00,1.063437e+01
4.792358e+00,3.109473e+00,4.266191e+00,4.487833e+00,7.353149e+00
3.776619e+00,6.383168e+00,5.445186e+00,5.647178e+00,6.142438e+00
5.942594e+00,6.514369e+00,4.346445e+00,3.841076e+00,-8.239511e+00
5.556225e+00,4.630358e+00,2.201217e+00,4.225095e+00,1.712194e+01
3.406817e+00,5.644173e+00,2.325649e+00,2.963603e+00,1.706538e+00
2.065009e+00,3.363188e+00,5.758179e+00,4.656027e+00,2.195955e+01
4.860939e+00,4.845002e+00,4.868184e+00,3.684646e+00,1.632233e+01
6.459216e+00,6.204858e+00,6.592965e+00,5.856670e+00,7.686093e+00
3.916463e+00,6.832110e+00,5.415898e+00,5.170800e+00,3.218764e+01
3.946152e+00,4.807953e+00,6.865904e+00,4.216532e+00,1.544442e+01
4.101580e+00,3.753055e+00,6.741475e+00,3.350642e+00,-4.478831e+00
2.217290e+00,2.410768e+00,3.466710e+00,4.540439e+00,-1.171057e+00
3.630220e+00,5.911038e+00,2.154455e+00,6.120529e+00,4.259909e+00
5.798920e+00,3.593839e+00,2.370079e+00,3.490947e+00,1.546150e+01
3.955913e+00,2.450636e+00,6.935775e+00,4.145803e+00,1.642660e+01
3.560767e+00,5.331305e+00,5.548192e+00,4.262681e+00,1.385181e+01
3.158376e+00,6.240940e+00,2.014224e+00,3.876473e+00,5.829309e+00
3.937727e+00,5.830007e+00,3.605833e+00,2.895383e+00,1.328705e+01
2.952045e+00,6.179507e+00,4.255164e+00,5.922996e+00,2.610118e+01
3.913430e+00,4.883520e+00,5.322434e+00,2.330514e+00,2.059700e+01
5.879714e+00,3.892765e+00,6.505974e+00,6.619610e+00,1.518024e+01
5.058297e+00,6.726837e+00,2.937233e+00,5.628225e+00,-3.320804e+00
5.263247e+00,2.796597e+00,2.127432e+00,4.507946e+00,2.041056e+01
4.045544e+00,4.113935e+00,5.704869e+00,2.126373e+00,2.208557e+01
3.479007e+00,2.117538e+00,6.012133e+00,5.472251e+00,6.420266e-01
2.372988e+00,2.460547e+00,5.143643e+00,5.903506e+00,5.675404e+00
5.834377e+00,3.212992e+00,2.889203e+00,5.817741e+00,8.849244e+00
5.873546e+00,2.201143e+00,5.275466e+00,3.800856e+00,5.380300e+00
5.990301e+00,3.083487e+00,5.102662e+00,6.976736e+00,5.222913e+00
6.302852e+00,2.987642e+00,4.688171e+00,5.720739e+00,1.797812e+01
3.233506e+00,6.345962e+00,5.371404e+00,6.895848e+00,1.863797e+01
4.939454e+00,4.370587e+00,6.932234e+00,2.109731e+00,1.262339e+01
6.736377e+00,4.515709e+00,4.091821e+00,3.526381e+00,4.221590e+00
4.534032e+00,6.042043e+00,5.493450e+00,4.131143e+00,7.616231e-03
6.306174e+00,5.383576e+00,5.981729e+00,2.845229e+00,1.887247e+01
5.059517e+00,5.093890e+00,3.648518e+00,3.706250e+00,-7.892879e+00
6.234133e+00,3.104009e+00,2.513132e+00,2.528512e+00,-1.653848e+00
2.263187e+00,2.925347e+00,4.448078e+00,4.394108e+00,1.418110e+01
4.587627e+00,6.052169e+00,5.476909e+00,2.130123e+00,7.884786e+00
3.175140e+00,3.331154e+00,2.179148e+00,5.355204e+00,7.624173e+00
6.769990e+00,6.991486e+00,5.925204e+00,6.087023e+00,1.371404e+01
3.591632e+00,4.401815e+00,2.115516e+00,5.406746e+00,6.922801e+00
2.963663e+00,2.711250e+00,5.742258e+00,5.696906e+00,1.569457e+01
4.653157e+00,4.769279e+00,4.271154e+00,5.114505e+00,4.078518e+00
2.097436e+00,4.329893e+00,4.368822e+00,5.828457e+00,3.035773e+00
5.903739e+00,3.218998e+00,3.606164e+00,2.365263e+00,2.651979e+00
3.240737e+00,5.879894e+00,4.185271e+00,6.418781e+00,9.027320e+00
3.930862e+00,2.778817e+00,5.575609e+00,6.621761e+00,3.128921e+01
4.708373e+00,5.533054e+00,4.903486e+00,5.601109e+00,1.557977e+01
6.565239e+00,4.157252e+00,5.010534e+00,6.677697e+00,1.451093e+01
6.962900e+00,5.169967e+00,6.530628e+00,3.498526e+00,1.101613e+01
6.228788e+00,6.423329e+00,4.014670e+00,5.296233e+00,2.094554e+01
4.845695e+00,5.681535e+00,6.615534e+00,4.332786e+00,1.104810e+01
3.022885e+00,2.505685e+00,6.165332e+00,5.402904e+00,1.313539e+01
4.376632e+00,6.692200e+00,4.584705e+00,3.033474e+00,1.264971e+01
4.774139e+00,3.471072e+00,4.343374e+00,4.194723e+00,1.651253e+01
5.002107e+00,4.530819e+00,5.925412e+00,3.398110e+00,6.332657e+00
2.661577e+00,6.601391e+00,3.154941e+00,4.354319e+00,6.308569e+00
3.425506e+00,3.656408e+00,5.660858e+00,6.754783e+00,1.904728e+01
6.110128e+00,3.741711e+00,4.989979e+00,6.589065e+00,-1.053186e+01
3.377494e+00,6.160736e+00,5.482923e+00,2.916219e+00,8.059098e+00
4.329477e+00,6.064989e+00,6.164054e+00,3.197511e+00,4.606567e+00
6.085572e+00,6.101731e+00,5.867122e+00,6.431725e+00,2.050855e+01
4.740848e+00,3.484260e+00,6.755038e+00,3.643752e+00,2.449502e+01
3.414614e+00,6.913847e+00,6.896452e+00,2.048767e+00,1.450170e+01
4.603806e+00,3.836634e+00,6.140105e+00,2.882794e+00,-2.792276e+01
5.730938e+00,3.260089e+00,3.024670e+00,2.820852e+00,2.689253e+01
4.976035e+00,3.549934e+00,4.060714e+00,6.788045e+00,2.194904e+01
3.931024e+00,6.460244e+00,2.324186e+00,4.751671e+00,1.360481e+01
4.651325e+00,4.095109e+00,4.927947e+00,2.110475e+00,-1.327875e+01
4.618126e+00,6.058587e+00,6.610384e+00,5.116347e+00,1.784903e+01
5.967285e+00,2.677351e+00,4.230220e+00,4.786041e+00,9.142884e-01
