4.977790e+00,4.627110e+00,1.090926e+01
8.011324e+00,6.448924e+00,8.761622e+00
3.354883e+00,7.885954e+00,-8.527249e+00
3.036821e+00,6.293068e+00,-4.002834e+00
6.142926e+00,7.550832e+00,-1.367471e+01
7.619049e+00,4.929603e+00,2.454940e+01
3.703566e+00,8.072863e+00,1.192287e+01
8.535125e+00,7.456922e+00,1.168275e+01
4.174294e+00,4.221377e+00,1.811002e+01
6.613398e+00,4.928860e+00,-4.015068e+00
3.519341e+00,8.706033e+00,3.516484e-01
5.136086e+00,3.553905e+00,1.807801e+01
5.430855e+00,4.753411e+00,2.404612e+01
8.766456e+00,8.893280e+00,2.428324e+01
6.650382e+00,6.148649e+00,9.589086e+00
4.636900e+00,5.815711e+00,-7.255578e+00
3.386076e+00,5.480749e+00,-2.202968e+00
3.393300e+00,4.457194e+00,1.768791e+01
3.950393e+00,7.605160e+00,2.804643e+01
8.747707e+00,7.343655e+00,1.153807e+00
3.523220e+00,3.622083e+00,2.109180e+01
8.331704e+00,6.942594e+00,1.044112e+01
5.491812e+00,5.403227e+00,1.029173e+01
4.922346e+00,3.165667e+00,1.323599e+01
4.963556e+00,3.583492e+00,2.934537e+01
7.698989e+00,7.136520e+00,1.235730e+01
3.287920e+00,8.023622e+00,7.585233e+00
5.880314e+00,3.952504e+00,3.617119e+00
6.795776e+00,5.873308e+00,1.292445e+01
5.861638e+00,6.639475e+00,1.987818e+01
6.808298e+00,7.217962e+00,1.146320e+01
7.241651e+00,7.486584e+00,1.615873e+01
4.690330e+00,6.596119e+00,8.875357e+00
5.621191e+00,7.089182e+00,1.979242e+01
3.591956e+00,7.860648e+00,1.398517e+01
6.879731e+00,6.666521e+00,7.918666e+00
6.946834e+00,4.368256e+00,1.592490e+01
8.636526e+00,5.502878e+00,6.854043e+00
6.632942e+00,7.697956e+00,1.838860e+01
5.210405e+00,5.328782e+00,8.092275e+00
8.602075e+00,7.432093e+00,1.224830e+01
8.522174e+00,4.905450e+00,1.109093e+01
5.547768e+00,5.637260e+00,1.043775e+01
6.031967e+00,6.420178e+00,2.733579e+01
5.427724e+00,8.249665e+00,-5.373936e+00
3.385703e+00,5.524957e+00,1.037721e+01
4.063967e+00,8.560647e+00,1.270473e+00
5.226452e+00,6.735761e+00,1.610529e+01
6.665792e+00,7.863930e+00,1.772615e+01
8.365607e+00,3.743895e+00,6.017403e+00
7.802244e+00,3.614190e+00,1.854184e+01
7.898235e+00,8.310721e+00,3.016857e+01
3.823500e+00,4.651144e+00,4.907476e-01
8.047706e+00,5.761843e+00,4.655797e+00
5.018292e+00,5.701009e+00,1.507321e+01
8.537530e+00,8.431559e+00,7.752716e+00
6.755476e+00,8.814349e+00,1.975858e+01
5.569034e+00,5.984388e+00,-2.325164e+00
4.796861e+00,6.228955e+00,3.028197e+00
5.029343e+00,8.886347e+00,1.464680e+01
7.030576e+00,6.282806e+00,3.859889e+00
8.405222e+00,6.475751e+00,7.575478e+00
7.960572e+00,6.686476e+00,1.100408e+00
8.376645e+00,7.395353e+00,8.873501e+00
6.860198e+00,8.120790e+00,-9.136393e-01
3.326958e+00,4.944850e+00,1.360754e+00
5.934987e+00,6.576073e+00,1.622652e+01
3.092521e+00,3.727357e+00,7.451919e+00
8.942654e+00,7.631173e+00,1.693272e+01
7.413936e+00,3.654334e+00,1.826332e+01
8.023216e+00,7.957065e+00,3.004649e+01
5.971170e+00,3.070752e+00,-3.670643e+00
4.770226e+00,6.239113e+00,9.449705e+00
5.758163e+00,5.594012e+00,-8.653597e+00
5.336618e+00,8.250041e+00,3.264968e+00
3.117092e+00,4.029209e+00,6.293723e+00
6.933206e+00,6.193688e+00,1.296828e+01
6.787005e+00,3.917350e+00,2.635264e+00
3.978777e+00,8.877422e+00,2.970880e+00
8.804707e+00,4.900389e+00,1.295783e+01
6.967059e+00,8.117154e+00,2.283348e+00
6.331132e+00,8.230637e+00,1.484573e+00
7.623468e+00,7.066086e+00,5.986750e+00
6.106025e+00,4.949535e+00,4.252370e+00
5.869690e+00,5.359445e+00,1.134699e+01
3.467033e+00,6.765722e+00,8.699295e+00
4.544526e+00,7.608928e+00,2.470745e+00
3.732644e+00,8.616710e+00,2.840511e+00
6.515106e+00,8.958067e+00,1.876725e+01
7.485500e+00,4.459438e+00,7.553452e+00
6.673232e+00,7.579576e+00,3.121941e+01
7.489027e+00,5.168294e+00,6.472104e+00
7.661579e+00,8.009072e+00,2.261382e+01
3.269200e+00,4.089897e+00,-1.020489e+01
6.143015e+00,6.278368e+00,2.624016e+00
4.349889e+00,4.698858e+00,-2.877018e+00
8.199973e+00,8.916489e+00,5.199175e+00
7.372550e+00,3.009948e+00,3.081885e+00
3.539736e+00,3.970408e+00,7.954143e+00
5.949514e+00,8.924184e+00,4.125774e+00
7.514177e+00,4.586743e+00,2.475948e+01
7.243456e+00,5.822495e+00,5.266298e-01
5.280923e+00,7.462407e+00,-1.031144e+01
5.492389e+00,8.587015e+00,1.579536e+01
5.202857e+00,7.432335e+00,9.405486e+00
8.999975e+00,4.345405e+00,1.694422e+01
5.255766e+00,7.717740e+00,1.376648e-01
4.534274e+00,6.929038e+00,1.263165e+01
8.570879e+00,4.658057e+00,-1.094326e+01
5.973184e+00,8.998459e+00,1.722385e+01
3.916134e+00,6.167364e+00,1.466316e+01
7.377385e+00,8.187278e+00,1.152574e+01
8.266710e+00,5.735337e+00,3.253320e-01
4.419185e+00,5.603543e+00,1.542293e+01
4.879829e+00,3.465827e+00,6.083059e+00
4.511467e+00,3.342835e+00,-1.057290e+01
3.986710e+00,5.769248e+00,4.034668e+00
4.092228e+00,7.104028e+00,1.097386e+01
5.976159e+00,7.909098e+00,1.112569e+01
7.371391e+00,7.083148e+00,1.743595e+01
6.552890e+00,5.221937e+00,2.226954e+01
6.120157e+00,8.522172e+00,1.985507e+01
6.770376e+00,8.076266e+00,1.988372e+01
6.656078e+00,8.576931e+00,2.921189e+01
6.883096e+00,4.415877e+00,-2.487279e-01
6.443062e+00,6.787732e+00,2.241323e+01
3.942023e+00,6.563493e+00,2.199989e+01
6.866053e+00,8.379886e+00,6.617217e+00
3.759977e+00,3.463270e+00,1.215232e+01
6.895468e+00,4.706357e+00,1.029016e+01
6.473872e+00,5.223263e+00,1.355977e+01
5.290638e+00,5.253329e+00,1.804305e+01
6.799885e+00,6.369041e+00,2.197595e+01
5.050775e+00,7.378513e+00,1.796736e+01
8.434382e+00,3.312906e+00,1.348712e+01
6.660386e+00,8.450404e+00,1.293681e+01
7.957538e+00,8.757745e+00,1.020169e+01
7.507142e+00,7.145672e+00,1.751516e+01
6.040329e+00,5.792685e+00,5.633466e+00
6.507314e+00,6.259188e+00,7.339964e+00
6.430738e+00,6.660678e+00,8.860011e+00
3.233916e+00,8.017881e+00,1.450779e+01
3.593377e+00,5.465858e+00,1.427306e+01
4.854171e+00,6.699593e+00,1.790826e+01
7.348120e+00,3.572348e+00,1.246353e+01
8.352927e+00,3.335336e+00,3.565584e+00
3.914031e+00,6.210997e+00,-1.047649e+01
6.740739e+00,3.056511e+00,1.042103e+01
5.230663e+00,5.605505e+00,2.299888e+01
8.733047e+00,7.911249e+00,2.149318e+01
7.583081e+00,6.998998e+00,9.484597e+00
6.365031e+00,6.533124e+00,1.481261e+01
7.554064e+00,6.425667e+00,1.941070e+01
7.946927e+00,8.608469e+00,1.253675e+01
4.086890e+00,8.592128e+00,2.211260e+01
6.941956e+00,4.751805e+00,3.364210e+00
7.082035e+00,4.070229e+00,-2.785476e-02
3.871578e+00,7.590145e+00,-5.275453e+00
3.317584e+00,3.493562e+00,-1.697035e+00
3.444529e+00,3.586052e+00,-9.620442e+00
6.225553e+00,8.414528e+00,2.212489e+01
5.720397e+00,4.121394e+00,1.528621e+01
6.489641e+00,7.027357e+00,2.825420e+00
6.045520e+00,5.232098e+00,4.953223e+00
5.000892e+00,3.348534e+00,8.513959e+00
5.409898e+00,6.773218e+00,1.552077e+01
3.410663e+00,8.288585e+00,3.149084e+00
4.090678e+00,3.365121e+00,1.540318e+01
3.958454e+00,5.693974e+00,1.059025e+01
6.538179e+00,8.023156e+00,-1.838200e+01
5.100836e+00,3.393115e+00,4.548117e+00
7.979157e+00,4.523626e+00,8.932674e+00
7.323209e+00,3.613102e+00,1.947851e+01
5.299702e+00,4.279452e+00,1.119193e+01
3.810770e+00,4.671893e+00,2.440924e+00
6.853185e+00,5.333289e+00,1.425137e+01
4.679440e+00,5.547519e+00,-3.015100e+00
8.687426e+00,8.077206e+00,2.388842e+01
4.370863e+00,5.951947e+00,1.275697e+01
3.221357e+00,5.748470e+00,3.396321e+01
4.985207e+00,7.687885e+00,2.768559e+01
8.403621e+00,4.649556e+00,1.481112e+01
8.549894e+00,6.639335e+00,1.557535e+01
6.380684e+00,3.438783e+00,3.146113e+00
5.369871e+00,5.990791e+00,9.276730e+00
5.951400e+00,5.341313e+00,7.906977e+00
4.555146e+00,5.303245e+00,-1.463092e+00
8.269803e+00,5.335943e+00,1.810890e+01
5.714568e+00,4.928654e+00,-8.533959e-01
7.750457e+00,3.155791e+00,6.170608e+00
3.957706e+00,5.287502e+00,7.584277e+00
5.930161e+00,6.945590e+00,2.565511e+01
8.243005e+00,7.928267e+00,2.230436e+01
7.667071e+00,8.481118e+00,4.791636e+00
8.678867e+00,6.169632e+00,2.694995e+01
5.181866e+00,7.613952e+00,2.102064e+01
8.245965e+00,3.147264e+00,-1.733284e+00
4.179310e+00,7.649887e+00,1.628786e+01
8.989939e+00,4.294865e+00,1.019172e+01
3.692416e+00,4.830222e+00,1.464109e+00
6.453211e+00,4.602612e+00,9.132340e+00
7.756790e+00,3.801274e+00,4.780563e+00
7.726454e+00,3.699327e+00,1.604635e+01
8.890994e+00,7.515500e+00,8.086796e+00
6.255172e+00,8.943689e+00,-1.690346e+00
5.843103e+00,6.122498e+00,-7.024867e+00
4.609827e+00,3.216607e+00,1.452909e+01
5.188994e+00,6.787909e+00,1.601768e+01
4.517574e+00,7.619322e+00,1.715548e+01
3.426467e+00,4.382768e+00,1.618818e+01
7.070962e+00,8.397738e+00,2.232311e+01
5.748260e+00,8.298095e+00,1.662982e+01
7.735463e+00,6.628962e+00,-4.184516e-02
7.599402e+00,8.825162e+00,1.957193e+01
5.400949e+00,4.869072e+00,1.249884e+01
5.910974e+00,6.101186e+00,1.074593e+01
5.575506e+00,7.656937e+00,1.283296e+01
3.315527e+00,8.264842e+00,2.557212e+01
5.256045e+00,6.489722e+00,1.105467e+01
3.462479e+00,8.423473e+00,1.655657e+01
6.690993e+00,6.625040e+00,8.405632e+00
8.285168e+00,4.847445e+00,1.493554e+01
8.312735e+00,5.596700e+00,1.300997e+01
3.403710e+00,8.086242e+00,9.410816e+00
7.580042e+00,8.728948e+00,-1.764232e+01
4.275680e+00,8.216983e+00,1.590199e+01
7.173928e+00,3.934195e+00,1.959404e+01
6.659758e+00,6.817429e+00,2.118637e+00
3.715847e+00,3.518750e+00,1.062436e+00
3.120166e+00,4.423034e+00,4.072452e+00
6.517424e+00,3.619840e+00,1.483664e+01
5.304078e+00,6.056050e+00,2.704486e+01
7.318097e+00,3.834128e+00,1.164375e+01
7.023971e+00,6.113322e+00,8.953895e+00
3.854425e+00,5.104270e+00,5.896765e+00
6.699121e+00,8.088408e+00,6.826479e+00
5.909182e+00,4.430154e+00,1.245034e+01
5.568545e+00,3.940514e+00,-2.171657e+00
4.768434e+00,8.561946e+00,-3.224467e+00
4.384646e+00,5.139148e+00,-4.660284e+00
4.872763e+00,7.799103e+00,8.795488e+00
8.623772e+00,7.229220e+00,1.255549e+01
7.536501e+00,6.608090e+00,5.235365e-01
4.060851e+00,4.974663e+00,1.752236e+00
4.827234e+00,6.170563e+00,2.079824e+01
6.322684e+00,5.199748e+00,2.245560e+00
6.825552e+00,5.300283e+00,7.265298e+00
6.131600e+00,4.325934e+00,2.691443e+01
3.115802e+00,3.995620e+00,1.488925e+01
6.625089e+00,3.287264e+00,5.363525e+00
5.258051e+00,6.277189e+00,7.955603e+00
7.215137e+00,7.815043e+00,1.349020e+01
5.782272e+00,3.728938e+00,9.885575e+00
8.624657e+00,4.215050e+00,2.082256e+01
5.894179e+00,6.452009e+00,1.886155e+00
6.419910e+00,3.249255e+00,5.301093e+00
6.702160e+00,3.143564e+00,2.289999e+01
7.560178e+00,7.442068e+00,1.117239e+01
7.146837e+00,6.009753e+00,1.409517e+01
4.309606e+00,5.701856e+00,6.453867e+00
7.741681e+00,8.708761e+00,1.971166e+01
4.805635e+00,6.262156e+00,1.488778e+01
8.201939e+00,8.570910e+00,-3.801659e+00
6.422717e+00,5.596929e+00,5.510185e+00
5.497985e+00,3.932850e+00,3.906290e+00
5.236266e+00,6.719778e+00,8.727905e+00
4.579198e+00,6.492636e+00,-4.585601e+00
5.347210e+00,7.794383e+00,1.493942e+01
6.539866e+00,6.180789e+00,2.352330e+01
6.575550e+00,5.927650e+00,4.518532e-01
6.047851e+00,3.764386e+00,-1.932400e+00
4.129643e+00,5.552829e+00,9.289710e+00
5.088057e+00,5.551719e+00,1.059431e+01
7.348044e+00,7.500782e+00,1.399162e+01
4.355879e+00,8.500028e+00,-1.424773e+01
5.270998e+00,7.665669e+00,7.672059e+00
6.870469e+00,4.340929e+00,1.164896e+01
4.924228e+00,3.750079e+00,1.153976e+01
7.930326e+00,5.680268e+00,1.269743e+01
5.469232e+00,8.085901e+00,5.112279e+00
7.636541e+00,6.915319e+00,6.561237e+00
8.385740e+00,8.137103e+00,7.084593e+00
8.330725e+00,6.669015e+00,1.639779e+01
8.419910e+00,6.710505e+00,4.046180e+01
4.253025e+00,6.673768e+00,5.430669e+00
3.916915e+00,4.458369e+00,-4.964267e+00
7.007354e+00,5.303091e+00,4.170115e+00
8.636851e+00,3.841125e+00,-3.767727e+00
7.278604e+00,8.055550e+00,3.828374e+00
4.426392e+00,6.124172e+00,1.676695e+01
4.990267e+00,5.238624e+00,1.288971e+01
8.322616e+00,4.696768e+00,-2.608054e+00
8.146524e+00,8.917850e+00,7.760080e-01
5.904168e+00,4.758493e+00,8.568334e+00
5.712862e+00,8.209996e+00,3.230712e+01
8.196041e+00,6.858314e+00,2.055687e+00
7.201653e+00,4.949950e+00,2.831995e+00
7.771570e+00,8.325697e+00,1.924069e+00
5.366531e+00,8.424307e+00,3.368069e+01
7.590272e+00,7.635887e+00,1.456879e+01
