3.064645e+00,4.438203e+00,4.038559e+00,9.056839e+00
4.783795e+00,5.938546e+00,3.101023e+00,1.635874e+01
2.647259e+00,3.988095e+00,4.071527e+00,-3.586631e+00
5.410800e+00,3.884921e+00,5.067672e+00,1.211199e+01
5.438566e+00,5.782773e+00,2.027467e+00,1.315178e+01
5.898253e+00,5.969262e+00,4.616474e+00,1.289338e+01
2.916111e+00,2.171498e+00,4.600521e+00,1.057271e+01
5.195924e+00,5.553705e+00,3.098386e+00,8.921201e+00
5.505381e+00,3.941398e+00,3.252423e+00,-2.432174e+00
5.451602e+00,4.459357e+00,3.338809e+00,1.447811e+01
5.555857e+00,5.203029e+00,3.031045e+00,-3.799711e+00
2.393864e+00,3.911412e+00,3.450697e+00,9.193661e+00
5.488975e+00,3.920046e+00,4.844769e+00,7.058264e+00
4.878327e+00,4.651399e+00,2.033707e+00,5.247524e-01
4.366777e+00,2.142241e+00,4.995456e+00,7.460948e+00
4.627424e+00,4.014161e+00,4.921807e+00,-4.387667e+00
5.256445e+00,2.781996e+00,4.349468e+00,5.695721e+00
5.402652e+00,3.058111e+00,3.723709e+00,1.719770e+01
2.873125e+00,3.863054e+00,5.506365e+00,-1.309321e+00
5.292266e+00,2.610371e+00,4.434113e+00,5.003688e+00
3.449977e+00,3.640685e+00,2.988638e+00,1.124590e+01
4.592038e+00,4.531504e+00,5.850511e+00,1.711249e+01
2.994172e+00,2.754513e+00,5.875143e+00,-1.086608e+00
4.900706e+00,3.879207e+00,5.085095e+00,2.024596e+01
4.158023e+00,2.170347e+00,5.234305e+00,9.170057e+00
2.217119e+00,3.335588e+00,5.063711e+00,-4.316610e-01
5.759772e+00,4.512416e+00,2.402286e+00,-1.108016e+01
2.537746e+00,4.489482e+00,3.879711e+00,1.213062e+01
5.503327e+00,2.315023e+00,2.495751e+00,7.600925e+00
5.163259e+00,2.995199e+00,5.620354e+00,3.543769e+00
2.627355e+00,2.746981e+00,5.702639e+00,1.041968e+01
2.975826e+00,3.057362e+00,4.686229e+00,8.694101e+00
2.168797e+00,4.427136e+00,4.354033e+00,2.137942e+01
2.661114e+00,2.869364e+00,2.231316e+00,6.596988e+00
5.729295e+00,5.826887e+00,4.404982e+00,1.683059e+01
4.056982e+00,2.747937e+00,3.214585e+00,1.044435e+01
5.684865e+00,2.281922e+00,2.970823e+00,5.073065e+00
3.506358e+00,3.157528e+00,5.826341e+00,-1.230357e+01
2.641533e+00,4.683424e+00,5.640807e+00,8.632772e+00
2.085060e+00,5.692697e+00,3.678345e+00,5.916184e+00
4.978830e+00,2.952806e+00,4.689865e+00,2.470470e+00
3.424686e+00,5.731195e+00,5.158968e+00,4.637839e+00
3.221281e+00,2.812005e+00,2.495543e+00,-6.217626e+00
2.944717e+00,5.673889e+00,2.366381e+00,1.507276e+01
2.960681e+00,2.237475e+00,3.233157e+00,5.710726e+00
2.565436e+00,3.896031e+00,2.301782e+00,1.198470e+01
5.693470e+00,4.547579e+00,2.387176e+00,-6.123986e+00
5.040858e+00,3.405300e+00,3.045770e+00,1.052144e+01
2.234150e+00,2.370660e+00,2.196299e+00,-2.635015e+00
2.336194e+00,3.456286e+00,5.447209e+00,1.670469e+01
4.020313e+00,4.996256e+00,3.145902e+00,1.694542e+01
3.014969e+00,5.807078e+00,3.189086e+00,1.007883e+01
3.128140e+00,2.741976e+00,3.819474e+00,3.864075e+00
4.893399e+00,2.405336e+00,2.215257e+00,1.887576e+01
4.074766e+00,3.422641e+00,2.077612e+00,7.837110e+00
3.229330e+00,3.360388e+00,2.893316e+00,1.450066e+01
2.006129e+00,2.540747e+00,4.599465e+00,6.507809e+00
2.704503e+00,3.740359e+00,4.624205e+00,6.045110e+00
2.848094e+00,3.260267e+00,2.363276e+00,9.429956e+00
3.277022e+00,4.114271e+00,5.103112e+00,1.228475e+01
5.810446e+00,3.511125e+00,2.831055e+00,8.480361e+00
4.194392e+00,2.556986e+00,2.621877e+00,4.805913e+00
4.015880e+00,3.098669e+00,5.477089e+00,-1.118501e+01
2.234049e+00,5.254848e+00,4.161582e+00,7.912588e+00
2.953183e+00,2.820141e+00,2.595913e+00,6.787880e+00
2.332744e+00,2.921844e+00,5.855492e+00,6.371369e+00
4.639584e+00,3.210093e+00,2.147786e+00,3.554186e+00
2.150615e+00,4.394584e+00,3.242911e+00,1.666582e+00
5.977510e+00,4.429688e+00,3.477483e+00,1.837985e+00
2.795580e+00,3.959518e+00,5.705623e+00,8.062662e+00
3.138175e+00,4.807828e+00,2.982375e+00,-2.625356e+00
2.995084e+00,3.368706e+00,4.689305e+00,4.138256e+00
5.254322e+00,4.661131e+00,3.798838e+00,7.212487e-01
2.878458e+00,3.587058e+00,4.688695e+00,-6.588523e+00
2.201501e+00,4.138456e+00,3.245585e+00,1.134086e+01
4.195567e+00,2.430342e+00,4.368001e+00,5.658873e+00
4.985024e+00,4.921893e+00,2.812051e+00,1.780939e+01
2.118583e+00,3.540742e+00,5.014319e+00,1.678460e+00
5.142863e+00,2.225227e+00,5.180920e+00,1.142379e+01
2.749881e+00,5.014120e+00,5.437119e+00,-2.431380e+00
5.396662e+00,5.024218e+00,3.294037e+00,9.351765e+00
5.203901e+00,2.878075e+00,2.932393e+00,7.849928e+00
5.667781e+00,4.591233e+00,3.274921e+00,5.360564e+00
5.740564e+00,4.980403e+00,2.981244e+00,5.803282e+00
5.029146e+00,2.471964e+00,4.344022e+00,7.959643e+00
3.960134e+00,5.549668e+00,3.038340e+00,1.136243e+01
4.491434e+00,2.343976e+00,5.348276e+00,2.026504e+01
3.153456e+00,4.036843e+00,3.604299e+00,4.403276e+00
4.485837e+00,3.366732e+00,3.777514e+00,-3.492611e+00
5.818565e+00,2.177580e+00,5.124555e+00,2.101297e+01
4.777837e+00,5.439253e+00,2.081554e+00,5.986793e+00
4.097184e+00,2.251720e+00,4.828705e+00,5.469801e+00
3.823352e+00,4.892319e+00,5.888976e+00,1.283745e+01
2.578235e+00,3.747886e+00,5.460805e+00,-8.688069e-01
4.777583e+00,2.359919e+00,4.362622e+00,-6.227951e-01
5.342515e+00,5.952992e+00,3.957708e+00,6.053703e+00
2.351966e+00,3.402482e+00,5.406519e+00,4.126013e-01
3.032214e+00,4.663207e+00,5.357040e+00,1.440978e+01
5.786213e+00,2.052252e+00,3.948716e+00,8.580298e+00
5.388518e+00,4.409565e+00,3.162887e+00,-1.069822e+00
4.473141e+00,3.691415e+00,3.019396e+00,8.365044e+00
2.957900e+00,5.057626e+00,2.284367e+00,-6.119124e+00
4.899307e+00,5.565892e+00,5.717971e+00,1.754617e+01
4.982576e+00,2.006334e+00,5.988893e+00,3.072822e+00
4.653420e+00,2.114619e+00,2.013395e+00,1.626195e+01
4.725715e+00,4.651491e+00,4.780239e+00,1.095093e+01
2.496449e+00,4.149194e+00,5.179367e+00,9.112459e-01
3.589285e+00,3.351152e+00,4.725560e+00,1.680058e+01
5.497569e+00,5.016821e+00,3.162282e+00,5.350716e+00
2.106953e+00,2.864690e+00,2.602511e+00,-1.131571e+01
3.960742e+00,4.251033e+00,4.657354e+00,-3.121737e+00
5.572557e+00,4.747275e+00,3.822339e+00,1.958632e+01
3.126089e+00,2.116439e+00,4.667448e+00,5.811990e+00
5.849650e+00,3.146176e+00,4.080672e+00,1.085965e+01
5.617944e+00,5.031079e+00,5.928514e+00,2.427730e+00
2.122634e+00,3.347899e+00,5.294413e+00,1.036713e+01
4.401169e+00,5.685319e+00,2.935237e+00,7.358352e+00
2.152305e+00,4.993857e+00,2.477302e+00,6.210730e+00
4.270619e+00,2.162487e+00,4.888717e+00,1.675189e+01
3.423224e+00,4.736001e+00,5.304345e+00,1.462385e+01
5.650334e+00,3.456596e+00,2.318675e+00,3.407893e+00
3.638920e+00,3.576536e+00,2.005031e+00,-1.066027e+00
2.188845e+00,4.125284e+00,3.125734e+00,7.598370e-01
4.918135e+00,3.429418e+00,3.872007e+00,5.906133e+00
4.711661e+00,5.384584e+00,4.662952e+00,2.670204e+01
2.720388e+00,4.926428e+00,5.748924e+00,1.327123e+01
2.109812e+00,3.737741e+00,2.244112e+00,3.635845e-01
4.218182e+00,5.341711e+00,5.034831e+00,5.565967e+00
5.554575e+00,2.522278e+00,5.365399e+00,-1.782153e+00
4.231492e+00,4.784187e+00,2.549354e+00,1.728715e+01
2.708540e+00,3.625499e+00,3.688297e+00,-3.734306e+00
5.179693e+00,5.988149e+00,4.409168e+00,4.191876e+00
2.140508e+00,5.432665e+00,4.930453e+00,1.214562e+00
5.702509e+00,5.557960e+00,4.886482e+00,9.385139e+00
5.456140e+00,5.634230e+00,5.287552e+00,1.524212e+01
5.095828e+00,5.288874e+00,4.651742e+00,2.203864e+01
2.866323e+00,2.138462e+00,2.381188e+00,1.291195e+00
5.390703e+00,2.152282e+00,4.292908e+00,7.568197e+00
4.062330e+00,3.261424e+00,5.967926e+00,2.177197e+00
3.056663e+00,2.328875e+00,4.622437e+00,1.270460e+01
2.538844e+00,2.980648e+00,3.242665e+00,8.182888e+00
3.242075e+00,2.471012e+00,5.423709e+00,9.411519e+00
4.111206e+00,4.967900e+00,4.091236e+00,1.078328e+01
5.627648e+00,5.012229e+00,2.590070e+00,1.973765e+01
5.928602e+00,2.752712e+00,3.605883e+00,9.951943e+00
4.224327e+00,5.868231e+00,4.508081e+00,1.522094e+01
2.603087e+00,2.133396e+00,3.731036e+00,3.588924e+00
2.937791e+00,3.313275e+00,2.394890e+00,7.071826e+00
3.641741e+00,3.449394e+00,2.043610e+00,-4.424183e+00
4.053716e+00,3.829222e+00,3.130043e+00,-4.030246e+00
5.125528e+00,5.228919e+00,5.994753e+00,2.273961e+01
5.396261e+00,2.491456e+00,5.623623e+00,1.509014e+00
2.430199e+00,4.091230e+00,2.390477e+00,-1.514524e+00
3.233930e+00,3.762527e+00,4.076037e+00,9.720094e+00
5.452722e+00,5.227117e+00,3.832730e+00,1.943800e+01
5.049722e+00,2.564484e+00,2.774852e+00,1.528861e+01
5.162814e+00,3.812212e+00,3.480264e+00,5.850538e+00
4.667089e+00,3.308500e+00,3.112207e+00,2.994081e+00
3.821894e+00,2.791220e+00,4.647598e+00,3.796111e+00
5.651680e+00,4.423345e+00,2.621323e+00,1.073769e+01
4.728246e+00,3.736886e+00,5.684604e+00,8.871576e+00
3.026956e+00,4.867040e+00,5.281827e+00,-1.116019e+00
2.736644e+00,3.280904e+00,3.150359e+00,1.548733e+01
2.431914e+00,5.607081e+00,3.008218e+00,7.570036e+00
3.293405e+00,2.576867e+00,3.647582e+00,8.254602e+00
5.520021e+00,4.051891e+00,2.609432e+00,-9.502836e-01
2.417512e+00,3.069297e+00,5.710897e+00,1.487309e+01
2.649775e+00,5.881520e+00,3.066977e+00,1.335703e+01
5.853670e+00,4.986409e+00,5.363704e+00,6.482901e+00
4.510221e+00,2.557661e+00,5.079841e+00,-1.060409e+00
3.575767e+00,3.257031e+00,4.979280e+00,1.441017e+00
2.831659e+00,4.540096e+00,2.721126e+00,-1.288238e+00
4.183854e+00,2.873691e+00,2.519756e+00,6.492055e+00
4.744264e+00,4.498994e+00,4.943544e+00,1.362460e+01
5.523194e+00,4.007385e+00,4.861265e+00,6.240846e+00
5.137112e+00,3.411731e+00,2.732705e+00,1.534410e+01
5.696505e+00,4.989586e+00,4.373208e+00,3.604794e+00
4.562707e+00,2.714211e+00,4.466217e+00,8.335861e+00
4.738935e+00,3.457047e+00,4.967188e+00,-2.545259e+00
4.884410e+00,5.842109e+00,2.283909e+00,1.072497e+01
2.849914e+00,3.731795e+00,2.584219e+00,2.837064e+00
2.336059e+00,3.134436e+00,5.793587e+00,-7.210847e+00
3.184622e+00,3.985188e+00,2.141699e+00,8.634673e+00
2.878354e+00,3.681643e+00,3.719912e+00,9.096328e+00
5.738048e+00,3.509019e+00,4.883231e+00,7.642318e+00
4.815813e+00,3.022257e+00,2.652830e+00,-8.676742e-01
4.231942e+00,4.518744e+00,5.723496e+00,7.770440e+00
4.978169e+00,3.554412e+00,3.506500e+00,1.286131e+01
2.037583e+00,4.708761e+00,4.695167e+00,2.275399e+00
3.791159e+00,4.429397e+00,4.323585e+00,1.479534e+01
3.425453e+00,5.346884e+00,5.671592e+00,2.994446e+00
2.506783e+00,3.920580e+00,3.793707e+00,2.227746e+01
4.751391e+00,4.578176e+00,5.626075e+00,8.240169e+00
3.738166e+00,5.079065e+00,3.403994e+00,-1.043137e+01
4.625713e+00,5.370671e+00,3.891911e+00,3.322578e+00
2.743741e+00,4.700375e+00,5.279697e+00,1.400511e+00
3.699364e+00,5.965428e+00,2.913035e+00,1.099610e+01
5.357234e+00,3.892710e+00,2.368775e+00,1.108815e+01
2.401634e+00,5.119290e+00,5.100290e+00,-6.519731e+00
2.860871e+00,4.403736e+00,3.071387e+00,-2.810235e+00
