1.158316e+00,2.400307e+00,2.274744e+00,1.653728e+00
4.191797e+00,1.257050e+00,3.419038e+00,2.049965e+00
2.661221e+00,2.234394e+00,6.366228e+00,7.102521e+00
3.672006e+00,2.196353e+00,5.761759e+00,3.403480e+00
2.079337e+00,2.172623e+00,5.707748e+00,8.778613e-01
6.726158e+00,5.124791e+00,1.255286e+00,4.560773e+00
3.045398e+00,4.254334e+00,1.636496e+00,4.622761e+00
6.097241e+00,4.170147e+00,1.520525e+00,4.430507e+00
5.967611e+00,4.439068e+00,1.959152e+00,3.769574e+00
3.162582e+00,6.593117e+00,6.364986e+00,4.983595e+00
1.687476e+00,5.898191e+00,5.149525e+00,-3.428313e+00
5.447756e+00,1.187802e+00,2.794106e+00,5.113302e+00
3.196294e+00,4.628071e+00,3.988087e+00,-1.934107e+00
2.924195e+00,1.769031e+00,6.608447e+00,2.641814e+00
4.546082e+00,1.990890e+00,1.945601e+00,2.952285e+00
5.942758e+00,4.404553e+00,6.243613e+00,-2.574206e+00
5.775774e+00,2.695354e+00,1.534120e+00,3.285077e+00
1.332011e+00,4.982901e+00,5.406938e+00,6.380304e+00
1.392153e+00,5.922654e+00,1.388381e+00,-3.936806e+00
4.957136e+00,3.512932e+00,6.000362e+00,2.193772e+00
4.226533e+00,3.298215e+00,1.206506e+00,6.829945e+00
5.790210e+00,3.879834e+00,5.042386e+00,6.944082e+00
4.344652e+00,6.623016e+00,6.175489e+00,3.897589e+00
3.616576e+00,4.448242e+00,4.438724e+00,-5.413038e-01
4.414372e+00,1.626549e+00,6.616135e+00,-1.072156e+00
2.896305e+00,3.566762e+00,5.513525e+00,-1.178672e+00
3.031722e+00,3.489843e+00,5.320581e+00,2.501957e+00
5.323042e+00,6.832849e+00,4.655567e+00,3.769758e-01
1.512131e+00,3.662612e+00,6.778659e+00,-3.462581e+00
3.750277e+00,2.329074e+00,5.056207e+00,6.856320e+00
1.472721e+00,6.307138e+00,5.617623e+00,7.680182e-01
4.953969e+00,6.708381e+00,3.626255e+00,7.078225e+00
4.911706e+00,5.497721e+00,2.828612e+00,8.051654e+00
2.305850e+00,1.887290e+00,6.543273e+00,-2.627812e+00
4.728844e+00,6.366041e+00,1.428353e+00,1.522026e+00
4.785772e+00,2.889237e+00,4.384903e+00,-2.648347e+00
4.400790e+00,5.421399e+00,5.690636e+00,1.108974e+00
4.911581e+00,5.253764e+00,2.358690e+00,2.187705e+00
2.858285e+00,1.335541e+00,2.435400e+00,7.177466e+00
2.114631e+00,5.808626e+00,6.808797e+00,1.140000e+00
4.251544e+00,4.554774e+00,5.242305e+00,5.022028e+00
5.969389e+00,4.425634e+00,1.692476e+00,9.043751e+00
2.348609e+00,1.191158e+00,2.778088e+00,5.898800e+00
2.250312e+00,4.391041e+00,4.836427e+00,7.146861e+00
5.537631e+00,2.984305e+00,3.209091e+00,9.010020e+00
3.698820e+00,6.177916e+00,4.610532e+00,4.577157e+00
5.821158e+00,5.230615e+00,1.551208e+00,1.086353e+01
6.118139e+00,6.890485e+00,2.878650e+00,8.000158e+00
1.891800e+00,5.226347e+00,1.811844e+00,6.053039e+00
4.287464e+00,4.584050e+00,3.995984e+00,4.476897e+00
2.294689e+00,5.431006e+00,2.060705e+00,2.451029e+00
4.961616e+00,3.267846e+00,4.433355e+00,5.606039e+00
2.244346e+00,6.404419e+00,6.956889e+00,3.578507e+00
4.051159e+00,1.764199e+00,1.179458e+00,4.674933e+00
5.199415e+00,4.510730e+00,4.801554e+00,5.034788e+00
5.840912e+00,1.270623e+00,4.791753e+00,2.833660e+00
4.122955e+00,2.952806e+00,3.892280e+00,1.776869e+00
6.801979e+00,2.396279e+00,2.674786e+00,3.080754e+00
3.845528e+00,5.770361e+00,4.084593e+00,2.020715e+00
5.300356e+00,4.465031e+00,5.052854e+00,1.080290e+01
3.624999e+00,2.567253e+00,1.989071e+00,6.569032e+00
2.853213e+00,1.933214e+00,5.476238e+00,-2.897913e+00
1.637133e+00,6.169993e+00,6.461794e+00,2.262824e+00
5.334784e+00,6.701496e+00,5.434577e+00,5.059393e+00
3.718230e+00,2.006934e+00,6.000203e+00,9.939741e-01
4.160069e+00,1.856726e+00,6.903329e+00,-5.472925e-01
6.768577e+00,3.199756e+00,3.883161e+00,-1.940083e-01
2.715990e+00,3.113528e+00,3.870334e+00,2.234747e+00
2.240791e+00,5.018304e+00,3.645199e+00,5.453380e+00
3.163846e+00,4.492676e+00,5.821680e+00,3.510645e+00
3.642544e+00,5.073881e+00,1.241093e+00,2.014426e+00
4.154332e+00,1.019031e+00,4.326967e+00,4.365908e+00
6.473609e+00,5.592456e+00,6.384307e+00,2.942228e+00
3.358697e+00,1.893589e+00,5.000440e+00,1.716373e+00
3.239175e+00,4.080600e+00,3.750390e+00,2.978842e+00
6.875786e+00,2.274699e+00,4.365238e+00,9.241186e+00
4.911081e+00,2.181656e+00,5.354119e+00,9.903781e+00
1.992149e+00,5.297772e+00,2.515542e+00,1.148295e+01
6.774866e+00,5.819352e+00,5.946206e+00,7.443961e+00
3.155751e+00,2.586882e+00,2.048393e+00,7.352394e-01
6.366727e+00,4.995743e+00,2.380547e+00,9.872880e+00
2.150792e+00,4.981875e+00,5.384478e+00,4.433415e+00
1.057386e+00,5.374529e+00,5.810176e+00,4.813898e+00
6.141382e+00,3.719360e+00,2.916322e+00,-5.032068e-01
2.602165e+00,3.879333e+00,5.150200e+00,4.683019e+00
3.870602e+00,4.303270e+00,5.936112e+00,5.475937e+00
6.088763e+00,4.418937e+00,3.776637e+00,6.185536e+00
4.409653e+00,4.090430e+00,2.135020e+00,7.303829e+00
1.044259e+00,6.023111e+00,6.389372e+00,5.490548e+00
6.721229e+00,2.402822e+00,4.847111e+00,5.526721e+00
2.754914e+00,2.904645e+00,5.887450e+00,5.143242e+00
5.310472e+00,4.338463e+00,4.584839e+00,1.011320e+01
3.200997e+00,5.377229e+00,4.076258e+00,-1.565556e+00
3.528179e+00,5.963498e+00,1.095774e+00,3.523171e+00
4.027000e+00,3.791162e+00,3.150942e+00,3.234599e-01
3.024302e+00,5.583125e+00,3.703395e+00,3.419936e+00
3.277109e+00,2.884088e+00,1.118231e+00,-8.337710e-01
2.329535e+00,2.977855e+00,4.844773e+00,5.898849e+00
1.374727e+00,2.745927e+00,6.695953e+00,3.736251e+00
1.932769e+00,4.503235e+00,5.588089e+00,2.361067e+00
3.595584e+00,1.609123e+00,1.929775e+00,3.019910e+00
1.884809e+00,5.467715e+00,6.749809e+00,2.936324e+00
2.018361e+00,2.765070e+00,4.199339e+00,2.701437e+00
4.049373e+00,4.719508e+00,1.897017e+00,8.913519e+00
4.834049e+00,1.186476e+00,6.357166e+00,1.324692e+01
2.572150e+00,6.786554e+00,5.233099e+00,1.211472e+00
1.410831e+00,1.462848e+00,5.811321e+00,3.889150e+00
1.851570e+00,1.883318e+00,4.751108e+00,1.179046e-02
2.188893e+00,6.665242e+00,4.202581e+00,4.770118e+00
6.364541e+00,6.739430e+00,2.702558e+00,3.019196e+00
3.570007e+00,2.649945e+00,4.388828e+00,-3.222413e+00
5.872855e+00,2.489502e+00,2.728837e+00,-4.811244e-01
1.859494e+00,1.758625e+00,2.068474e+00,1.456187e+00
2.922542e+00,5.937117e+00,3.589715e+00,3.761050e+00
6.199379e+00,6.325618e+00,2.140122e+00,5.441039e+00
6.367789e+00,3.043195e+00,5.677213e+00,6.090410e+00
5.971302e+00,4.685208e+00,3.171885e+00,3.632091e-01
3.581353e+00,1.476144e+00,5.805825e+00,-5.654266e+00
6.768791e+00,4.913452e+00,3.008204e+00,5.975352e+00
6.413140e+00,1.931511e+00,4.784718e+00,4.648251e+00
2.307593e+00,5.089904e+00,3.617061e+00,-2.174717e+00
3.694451e+00,5.962668e+00,2.096391e+00,1.343966e+00
5.596156e+00,1.754129e+00,6.869909e+00,2.720630e-01
1.897191e+00,4.693426e+00,1.947781e+00,4.271931e+00
2.792900e+00,4.271213e+00,2.919357e+00,-2.024311e+00
2.978186e+00,1.018595e+00,1.137628e+00,4.155778e+00
1.256754e+00,3.620902e+00,1.245253e+00,9.652370e-01
6.173597e+00,2.459737e+00,6.045869e+00,3.862444e+00
1.409456e+00,2.827326e+00,5.891672e+00,3.695539e-01
4.349220e+00,6.808188e+00,6.721548e+00,2.401739e+00
2.593706e+00,4.222148e+00,4.914331e+00,-3.118071e+00
2.948316e+00,3.908659e+00,3.157120e+00,3.035152e+00
5.926831e+00,2.598671e+00,4.782464e+00,4.785161e+00
5.964456e+00,2.776571e+00,1.546777e+00,3.577117e+00
4.142141e+00,6.183974e+00,5.287194e+00,2.938702e+00
1.385223e+00,4.376266e+00,5.432483e+00,3.176121e-01
4.167663e+00,5.458553e+00,5.472002e+00,1.600380e+00
3.341266e+00,4.413803e+00,5.290735e+00,8.060651e+00
5.461922e+00,1.856966e+00,4.773551e+00,-2.031230e+00
2.342630e+00,3.024454e+00,1.567648e+00,2.006522e+00
5.811045e+00,3.249121e+00,6.477341e+00,8.429812e+00
5.534660e+00,4.301132e+00,6.133319e+00,-7.952087e-03
4.756425e+00,5.980216e+00,1.904401e+00,2.613509e+00
1.709754e+00,2.507963e+00,1.808734e+00,1.149261e+00
4.493832e+00,2.064544e+00,4.208496e+00,-5.644895e+00
2.309428e+00,3.426895e+00,5.725142e+00,1.222930e+00
5.315521e+00,2.993359e+00,3.338775e+00,6.523663e-01
5.270488e+00,5.528066e+00,5.487498e+00,3.848938e+00
2.386730e+00,4.503732e+00,3.464399e+00,-2.916182e+00
1.592886e+00,5.428462e+00,6.164005e+00,4.543927e+00
1.217779e+00,4.440655e+00,2.265046e+00,5.539979e+00
5.023808e+00,4.573517e+00,3.051655e+00,5.118889e+00
2.955546e+00,6.574588e+00,2.110331e+00,1.461392e+00
4.718123e+00,6.745458e+00,4.145770e+00,1.427536e+00
6.693945e+00,1.123385e+00,3.365275e+00,2.467441e+00
6.536034e+00,4.298492e+00,6.113296e+00,5.403886e+00
2.506854e+00,2.424995e+00,6.312563e+00,2.346300e-02
1.995996e+00,1.092650e+00,5.059199e+00,-6.959677e+00
3.767937e+00,3.842589e+00,1.304128e+00,3.328068e+00
6.911224e+00,6.277871e+00,1.777197e+00,8.754665e+00
2.233539e+00,4.132533e+00,1.285938e+00,3.002009e+00
2.588326e+00,3.405752e+00,6.851696e+00,-1.788990e+00
4.893039e+00,1.664768e+00,3.863377e+00,-2.783247e+00
1.143716e+00,3.625205e+00,2.664970e+00,1.094240e+00
3.007466e+00,3.196910e+00,3.697867e+00,3.081566e+00
1.879073e+00,1.385469e+00,3.061820e+00,1.579831e+00
5.573858e+00,5.171439e+00,5.096613e+00,2.115079e+00
3.310530e+00,1.778325e+00,4.919470e+00,-8.927582e-01
5.364598e+00,5.418226e+00,1.586944e+00,4.447119e+00
5.733859e+00,3.832037e+00,6.433342e+00,8.039962e+00
4.315877e+00,5.076696e+00,4.357552e+00,6.323465e+00
1.433518e+00,6.299895e+00,5.437089e+00,9.873045e-01
2.540372e+00,5.895522e+00,5.035646e+00,2.768424e+00
3.301478e+00,4.868836e+00,1.898711e+00,-6.995789e-01
1.864792e+00,6.161231e+00,5.814829e+00,-7.928454e-01
3.285926e+00,3.428494e+00,2.872631e+00,-5.378924e-01
5.546502e+00,5.197657e+00,3.569680e+00,9.816916e+00
2.776676e+00,2.211271e+00,5.080743e+00,1.177296e+00
6.224038e+00,6.540984e+00,1.677098e+00,-2.763512e-01
5.962505e+00,6.242756e+00,2.355549e+00,7.171942e+00
6.367743e+00,1.636821e+00,3.284519e+00,4.438351e+00
2.045840e+00,4.822864e+00,4.135749e+00,2.378358e+00
5.628850e+00,2.255196e+00,2.046890e+00,4.331325e-01
5.624980e+00,1.411224e+00,4.462462e+00,-3.025244e-01
3.737550e+00,2.698165e+00,2.121870e+00,-2.125324e+00
6.417709e+00,5.026528e+00,6.676631e+00,6.494094e+00
4.789491e+00,4.017822e+00,5.893995e+00,3.411197e-01
1.029339e+00,4.191995e+00,1.200403e+00,-7.991284e+00
1.796719e+00,1.199496e+00,1.680636e+00,-1.561165e+00
6.651597e+00,1.034714e+00,4.786949e+00,5.811670e+00
1.809361e+00,2.737857e+00,4.693304e+00,4.164509e+00
1.992317e+00,3.125250e+00,2.717929e+00,4.166562e+00
1.144845e+00,3.518598e+00,3.548577e+00,-7.078086e-01
6.577232e+00,1.777418e+00,2.516589e+00,1.791289e+00
6.939093e+00,4.364891e+00,1.799465e+00,8.181100e+00
6.113866e+00,4.359724e+00,1.629022e+00,3.246589e+00
4.370068e+00,6.689708e+00,3.382476e+00,1.330427e+00
6.125792e+00,4.010980e+00,5.971650e+00,9.369423e+00
1.122307e+00,3.265790e+00,5.936910e+00,-8.273200e-01
5.302277e+00,2.159621e+00,2.651583e+00,3.788172e+00
