3.468835e+00,5.724006e+00,6.933445e+00,1.138264e+01
4.827357e+00,6.373916e+00,3.874159e+00,1.422146e+00
4.059872e+00,5.507533e+00,4.387995e+00,-3.494819e+00
4.636338e+00,6.084972e+00,6.312656e+00,6.318003e+00
4.380437e+00,5.364762e+00,5.397131e+00,4.897782e+00
6.933754e+00,3.539047e+00,6.884182e+00,3.055256e+00
5.019274e+00,5.931823e+00,5.679172e+00,4.646900e+00
4.345741e+00,5.730206e+00,4.844600e+00,1.408707e+01
5.434348e+00,3.643553e+00,5.620386e+00,5.402460e+00
5.247473e+00,6.131551e+00,4.756558e+00,6.629051e+00
5.806495e+00,3.451450e+00,5.016754e+00,2.531574e+00
3.558484e+00,6.195501e+00,3.443081e+00,1.223504e+01
6.634666e+00,3.843741e+00,6.583234e+00,9.696628e+00
6.613431e+00,6.119896e+00,5.640898e+00,7.470878e+00
3.654752e+00,6.213072e+00,5.309536e+00,1.190996e+01
4.509782e+00,5.445484e+00,3.857456e+00,1.054799e+01
3.407976e+00,6.764499e+00,4.307079e+00,1.503446e+01
4.588219e+00,6.677394e+00,4.223829e+00,2.962633e+00
3.044979e+00,5.421383e+00,3.550993e+00,3.476799e+00
6.418731e+00,5.176570e+00,3.664936e+00,3.470282e+00
5.349198e+00,3.496475e+00,4.949563e+00,2.818707e+00
5.121630e+00,5.634478e+00,4.588270e+00,-1.889421e-01
6.308467e+00,6.958071e+00,3.242929e+00,1.061769e+01
4.121646e+00,3.779654e+00,5.825183e+00,8.308857e+00
3.525468e+00,6.806043e+00,5.444199e+00,-7.205779e-01
6.984058e+00,6.362365e+00,3.697904e+00,3.681180e+00
6.612786e+00,3.334262e+00,5.389085e+00,2.575230e+00
5.402055e+00,6.974290e+00,5.045083e+00,4.378142e+00
5.525092e+00,3.575699e+00,6.704270e+00,6.945670e+00
4.550608e+00,5.200210e+00,6.357275e+00,5.866122e+00
5.553454e+00,6.271693e+00,6.628278e+00,8.607019e+00
5.360761e+00,4.709726e+00,6.034491e+00,3.892180e+00
6.452833e+00,3.850539e+00,5.231107e+00,4.989177e+00
5.845152e+00,4.283450e+00,6.619623e+00,7.109578e+00
5.791325e+00,6.564371e+00,5.352834e+00,1.119137e+01
5.523545e+00,6.394669e+00,4.753257e+00,6.537121e+00
6.576876e+00,5.678471e+00,3.903779e+00,6.162269e-01
3.670190e+00,4.482291e+00,3.453598e+00,-4.355516e-01
5.092969e+00,5.522241e+00,3.885277e+00,5.272671e+00
4.549101e+00,5.078058e+00,6.836135e+00,1.768649e+00
5.795418e+00,5.917701e+00,4.880922e+00,5.461254e-01
4.111825e+00,3.318015e+00,5.587419e+00,1.733613e+01
5.298034e+00,3.581213e+00,6.084984e+00,1.671835e+00
4.994292e+00,6.611486e+00,6.588674e+00,1.606885e+01
4.027018e+00,4.435812e+00,3.327322e+00,8.063331e+00
3.421316e+00,3.860046e+00,5.763356e+00,4.054760e+00
5.920936e+00,6.538905e+00,5.962581e+00,1.181793e+01
3.455074e+00,6.993631e+00,3.905580e+00,5.266834e+00
5.639618e+00,3.491794e+00,5.411511e+00,7.818570e+00
5.886272e+00,4.407435e+00,4.558426e+00,5.659017e+00
6.120712e+00,6.454371e+00,6.369251e+00,-2.094380e+00
4.494792e+00,4.355228e+00,4.920731e+00,1.273470e+01
3.347580e+00,4.868724e+00,3.403649e+00,2.429289e+00
5.904038e+00,3.268651e+00,5.847171e+00,1.271106e+01
6.657412e+00,3.422461e+00,3.897084e+00,2.989058e+00
4.224237e+00,5.599360e+00,4.068364e+00,-3.417989e-01
3.558602e+00,5.088219e+00,3.162838e+00,-1.167644e+00
5.967076e+00,5.441495e+00,5.217049e+00,5.300057e+00
3.430975e+00,4.084764e+00,5.509533e+00,-1.211129e+00
6.120505e+00,6.489228e+00,6.266339e+00,6.173143e+00
6.821928e+00,3.996162e+00,6.701431e+00,1.790466e+01
6.928763e+00,5.979794e+00,6.232453e+00,6.240206e+00
4.220094e+00,6.536002e+00,5.544043e+00,-7.004536e+00
5.188062e+00,4.050382e+00,3.603425e+00,-2.323044e+00
5.852499e+00,3.333654e+00,6.222376e+00,1.464939e+01
3.894751e+00,4.891829e+00,5.968432e+00,5.117976e+00
4.821646e+00,6.892052e+00,5.930390e+00,5.474877e+00
3.187987e+00,5.993655e+00,4.482055e+00,4.045417e+00
6.873364e+00,3.583323e+00,4.034771e+00,-4.310859e-02
3.947227e+00,4.847420e+00,3.127256e+00,-2.332389e-01
4.818522e+00,4.504093e+00,3.083553e+00,8.006020e+00
4.245228e+00,4.249113e+00,5.009308e+00,4.078474e+00
3.064500e+00,5.080896e+00,5.746951e+00,-3.317261e+00
3.177994e+00,4.018467e+00,4.390217e+00,4.533277e+00
5.494594e+00,5.451737e+00,4.591360e+00,5.237632e+00
6.539211e+00,6.222766e+00,3.597117e+00,-2.128906e+00
6.776002e+00,6.290777e+00,6.755934e+00,1.479265e+01
6.231578e+00,6.774092e+00,6.813381e+00,1.272208e+01
5.575040e+00,6.302761e+00,5.935431e+00,-2.724533e+00
4.770919e+00,4.874374e+00,6.528637e+00,1.595674e+01
5.457908e+00,6.262987e+00,3.627871e+00,8.475966e+00
4.786829e+00,4.731671e+00,4.463765e+00,4.480426e+00
4.282463e+00,6.583943e+00,6.305056e+00,9.062564e+00
5.974556e+00,3.237298e+00,6.910816e+00,-2.254402e+00
5.572411e+00,3.726814e+00,6.601303e+00,1.137488e+01
6.596874e+00,3.440601e+00,4.589008e+00,2.682921e+00
4.863018e+00,3.800355e+00,6.010947e+00,1.285962e+01
5.450260e+00,3.524807e+00,3.770354e+00,1.064185e+00
6.711770e+00,5.656020e+00,6.909254e+00,-5.604317e-01
5.959926e+00,5.346128e+00,5.725394e+00,6.625776e+00
6.885219e+00,6.767192e+00,5.773575e+00,1.167066e+01
6.495827e+00,5.142252e+00,3.399584e+00,9.352549e+00
3.379011e+00,6.848089e+00,6.702234e+00,4.332862e+00
5.231182e+00,5.556139e+00,4.048412e+00,9.015087e+00
3.655060e+00,4.585634e+00,5.199485e+00,5.497022e+00
5.718778e+00,3.960845e+00,5.729917e+00,-2.443106e+00
6.661905e+00,4.992928e+00,3.492723e+00,-9.355409e-01
6.459672e+00,3.499155e+00,3.770971e+00,6.984201e+00
5.550690e+00,3.976346e+00,6.788109e+00,4.811531e+00
6.556285e+00,6.993761e+00,6.350474e+00,1.253910e+00
