6.177991e+00,6.534292e+00,7.669141e+00,5.062747e+00,1.578451e+00
6.326571e+00,2.685211e+00,2.456058e+00,4.283884e+00,-1.152613e+01
7.201539e+00,7.364537e+00,3.140223e+00,1.585240e+00,-1.049083e+01
2.667321e+00,4.368476e+00,6.137594e+00,1.135268e+00,1.494629e+01
8.698788e+00,7.046869e+00,4.466816e+00,8.194247e+00,7.625306e+00
8.784989e+00,8.451228e+00,2.451248e+00,5.570624e+00,2.265944e+01
5.828331e+00,2.856949e+00,3.860497e+00,7.072312e+00,2.150555e+01
7.655313e+00,4.921077e+00,4.983184e+00,3.049782e+00,2.929487e+00
1.056497e+00,7.059184e+00,8.396605e+00,6.239788e+00,2.508574e+01
8.707264e+00,5.926511e+00,6.210537e+00,8.038186e+00,-5.144188e+00
6.515601e+00,3.022240e+00,8.871074e+00,2.017026e+00,2.446622e+00
3.997560e+00,5.385305e+00,1.705486e+00,4.093706e+00,1.199752e+00
3.227869e+00,1.834943e+00,2.115581e+00,8.720862e+00,-1.918935e+00
8.728345e+00,2.897491e+00,5.421930e+00,8.500987e+00,4.474468e+01
8.160382e+00,3.937148e+00,5.896836e+00,3.690913e+00,1.326469e+01
7.360065e+00,8.999805e+00,4.967954e+00,2.499418e+00,-1.673828e+00
7.300402e+00,2.267682e+00,5.322788e+00,6.697155e+00,4.334934e+00
5.061380e+00,5.961909e+00,2.911992e+00,6.453305e+00,1.036805e+01
7.907046e+00,5.987985e+00,8.158666e+00,4.115821e+00,-2.396523e+00
7.025586e+00,5.657971e+00,8.882712e+00,3.859206e+00,8.734936e+00
6.314723e+00,4.923439e+00,7.118365e+00,2.603779e+00,1.146690e+01
5.487646e+00,5.492487e+00,5.794614e+00,3.416006e+00,1.211454e+01
4.921570e+00,4.659522e+00,2.300751e+00,5.919333e+00,1.252098e+00
6.156118e+00,1.557851e+00,3.465570e+00,3.480619e+00,-1.242850e-01
1.276254e+00,5.365681e+00,3.491052e+00,8.329175e+00,3.089689e+00
1.434482e+00,1.890205e+00,6.081630e+00,7.280212e+00,1.008127e+01
4.459926e+00,1.691853e+00,5.713086e+00,4.856053e+00,-2.565840e+00
1.206868e+00,4.439358e+00,2.516221e+00,7.130639e+00,2.318459e+00
5.588529e+00,3.977471e+00,4.898025e+00,8.101264e+00,1.592628e+01
2.498863e+00,2.582114e+00,6.716914e+00,4.100320e+00,-2.011244e+00
7.383471e+00,1.052872e+00,1.243292e+00,6.355220e+00,4.806503e+00
5.668749e+00,8.443911e+00,6.396362e+00,7.712734e+00,3.248569e+01
4.791899e+00,4.697164e+00,7.573622e+00,8.814785e+00,5.599135e+00
3.739729e+00,3.165380e+00,2.814586e+00,6.252609e+00,9.186578e+00
4.912094e+00,2.535860e+00,8.226282e+00,1.674365e+00,3.048467e+01
5.135361e+00,7.603735e+00,6.550211e+00,8.442468e+00,1.811042e+01
7.283176e+00,7.745298e+00,7.389737e+00,2.875351e+00,7.107878e+00
1.980562e+00,6.345272e+00,8.842033e+00,7.109854e+00,5.775638e+00
7.354341e+00,6.065790e+00,1.735470e+00,2.117926e+00,1.041758e+01
8.250269e+00,8.162711e+00,6.416046e+00,5.138947e+00,9.161170e-01
3.107448e+00,1.073242e+00,4.985541e+00,7.416822e+00,4.962083e+00
7.278140e+00,6.270979e+00,7.637416e+00,3.562100e+00,8.205801e+00
5.882549e+00,4.617212e+00,8.407388e+00,3.006030e+00,-1.672573e+00
7.505949e+00,2.185105e+00,3.839892e+00,7.194628e+00,4.810561e+00
7.928734e+00,5.238396e+00,6.674666e+00,7.607701e+00,3.503343e+00
7.581325e+00,2.742143e+00,7.631753e+00,3.336028e+00,-2.373554e+00
1.845601e+00,4.653633e+00,3.881937e+00,1.746737e+00,2.799880e+01
4.285267e+00,6.812100e+00,4.950109e+00,4.053969e+00,6.366123e+00
8.422214e+00,2.221129e+00,3.952005e+00,2.284016e+00,3.573064e+00
6.323781e+00,8.436739e+00,7.271964e+00,6.033199e+00,-5.922133e+00
7.972928e+00,6.451009e+00,8.737954e+00,7.515289e+00,1.742761e+01
5.782451e+00,3.999704e+00,7.498613e+00,4.358958e+00,5.750709e-01
3.206907e+00,7.194608e+00,1.542057e+00,5.251471e+00,1.180406e+01
6.750878e+00,6.786139e+00,1.162309e+00,5.888634e+00,2.292323e+01
3.188903e+00,2.555485e+00,5.163321e+00,3.757427e+00,1.176890e+01
3.582559e+00,3.762082e+00,1.132962e+00,6.318414e+00,7.464027e-01
5.437939e+00,8.082199e+00,1.301602e+00,1.832980e+00,1.001319e-01
8.539977e+00,6.842340e+00,3.481031e+00,5.404573e+00,7.514953e+00
4.793537e+00,8.368931e+00,2.299047e+00,8.956644e+00,1.902127e+01
5.564679e+00,6.143471e+00,3.331677e+00,8.981323e+00,5.254060e+00
7.923244e+00,1.628971e+00,2.663925e+00,4.652189e+00,2.239333e+00
6.373472e+00,3.685034e+00,8.689136e+00,3.021130e+00,3.423840e+00
5.590193e+00,7.584600e+00,3.447852e+00,6.357872e+00,1.819142e+01
5.871304e+00,8.963052e+00,6.667882e+00,2.031919e+00,9.636359e+00
8.136012e+00,3.943670e+00,3.635365e+00,8.136881e+00,2.038313e+01
4.042583e+00,8.164398e+00,3.440909e+00,4.954853e+00,-1.029083e-01
6.975761e+00,8.474971e+00,1.335930e+00,4.736927e+00,2.552598e+01
6.973995e+00,6.825634e+00,1.198648e+00,2.176820e+00,-9.948393e-01
6.797990e+00,8.283912e+00,5.800897e+00,5.854614e+00,2.183769e+01
7.682426e+00,7.183851e+00,3.201234e+00,3.179544e+00,4.824011e+00
7.638685e+00,7.437285e+00,7.549443e+00,5.214275e+00,1.378294e+01
7.357463e+00,6.930578e+00,4.795473e+00,6.028950e+00,1.166744e+01
3.227484e+00,1.901808e+00,3.073733e+00,4.729362e+00,1.259841e+00
7.820430e+00,4.213179e+00,7.689638e+00,2.206519e+00,1.541566e+01
7.526927e+00,5.809334e+00,3.607838e+00,3.113893e+00,1.687920e+01
4.123576e+00,4.103021e+00,1.033265e+00,3.644589e+00,7.279684e+00
4.044240e+00,3.947795e+00,3.492655e+00,7.694554e+00,7.409090e+00
4.830178e+00,5.422412e+00,4.542445e+00,7.832946e+00,2.794854e+00
4.231843e+00,7.402319e+00,4.590598e+00,6.631301e+00,7.966654e+00
1.937766e+00,5.559272e+00,7.412782e+00,4.375561e+00,1.976078e+01
2.150160e+00,6.674353e+00,2.772016e+00,3.024829e+00,1.199124e+01
2.014887e+00,6.180885e+00,2.212115e+00,4.874298e+00,2.468565e+01
1.029593e+00,4.465867e+00,3.547777e+00,4.987797e+00,1.058785e+01
6.491519e+00,2.937174e+00,8.998974e+00,2.631885e+00,1.991182e+01
6.659283e+00,4.191014e+00,5.289889e+00,1.018321e+00,1.930965e+01
8.884612e+00,8.988917e+00,4.212264e+00,3.444592e+00,-1.320065e+00
7.874679e+00,6.636226e+00,8.687139e+00,7.319189e+00,1.319983e+01
4.046148e+00,7.257649e+00,1.194525e+00,7.099794e+00,8.209480e+00
8.753404e+00,2.250419e+00,8.376370e+00,3.679501e+00,2.674672e+01
8.205855e+00,4.098845e+00,8.805144e+00,7.601050e+00,1.167664e+01
3.398235e+00,4.636394e+00,7.330930e+00,5.911992e+00,1.261493e+01
5.815358e+00,8.196995e+00,7.493722e+00,7.047403e+00,2.101073e+01
1.830250e+00,8.083232e+00,4.567269e+00,5.145141e+00,5.475420e+00
3.424748e+00,7.539756e+00,6.650182e+00,3.923585e+00,8.552433e+00
3.381139e+00,6.604389e+00,4.135975e+00,3.786480e+00,1.456722e+01
3.447230e+00,4.415769e+00,6.497102e+00,8.670497e+00,5.075531e+00
8.962821e+00,5.353475e+00,8.619636e+00,6.546068e+00,7.288452e+00
3.352565e+00,4.602417e+00,4.206398e+00,1.151130e+00,3.937006e-01
8.174548e+00,2.488634e+00,4.165735e+00,2.031950e+00,2.453675e+01
3.392843e+00,2.209720e+00,2.603304e+00,7.626220e+00,1.273790e+01
8.856037e+00,1.254406e+00,6.829417e+00,7.013872e+00,2.943707e-02
7.921879e+00,6.046143e+00,4.117730e+00,3.143682e+00,3.014176e+00
7.543234e+00,6.323506e+00,4.280297e+00,8.932891e+00,4.199545e+00
3.886616e+00,6.710552e+00,5.426059e+00,1.191401e+00,1.022301e+01
1.214766e+00,1.498519e+00,1.056383e+00,3.396411e+00,6.375283e+00
8.045949e+00,1.643090e+00,8.311534e+00,8.205628e+00,2.118837e+01
1.201639e+00,5.827236e+00,2.848662e+00,4.097090e+00,4.321728e+00
1.508324e+00,2.302524e+00,1.178823e+00,6.293401e+00,1.396886e+01
5.522687e+00,2.534726e+00,5.178885e+00,5.741599e+00,-6.828361e+00
5.428552e+00,2.306741e+00,7.832836e+00,7.464917e+00,-2.422342e+00
5.833319e+00,4.249380e+00,3.459503e+00,4.882809e+00,5.134041e+00
1.204375e+00,2.405363e+00,8.028159e+00,1.929819e+00,-9.467532e+00
7.080655e+00,2.234712e+00,8.335914e+00,7.163715e+00,1.328314e+01
2.203937e+00,5.012517e+00,1.858861e+00,1.077480e+00,1.956999e+01
3.337972e+00,5.381344e+00,6.823194e+00,3.585290e+00,6.802010e+00
1.246890e+00,6.658259e+00,3.685702e+00,6.783180e+00,6.943039e-01
5.457691e+00,7.912999e+00,4.347075e+00,5.827652e+00,1.824316e+00
4.196608e+00,5.000674e+00,3.267512e+00,6.776029e+00,1.279902e+00
3.163999e+00,5.076233e+00,4.038847e+00,1.788971e+00,-7.806395e-01
5.658084e+00,4.600786e+00,2.511339e+00,2.068634e+00,9.116997e+00
6.507151e+00,1.957206e+00,7.270520e+00,1.728832e+00,-3.597111e+00
2.039327e+00,5.398906e+00,3.834815e+00,4.243648e+00,1.538213e+01
4.422784e+00,3.569819e+00,7.653595e+00,8.736744e+00,2.411383e+01
6.999210e+00,7.464134e+00,4.772823e+00,3.875771e+00,1.538215e+01
8.716234e+00,4.016217e+00,8.891082e+00,7.007186e+00,1.273740e+01
4.278152e+00,2.558477e+00,1.371699e+00,1.349558e+00,5.328699e+00
2.663755e+00,2.082118e+00,7.192485e+00,8.528395e+00,5.265109e+00
4.344347e+00,3.101849e+00,2.874145e+00,3.803993e+00,2.843460e+00
7.446734e+00,1.978620e+00,8.286797e+00,3.439332e+00,1.041341e+01
2.397920e+00,3.244285e+00,1.019959e+00,7.477144e+00,1.814648e+01
5.292809e+00,4.058119e+00,4.450648e+00,7.736845e+00,2.132313e+01
1.258380e+00,1.742006e+00,6.242769e+00,4.366771e+00,1.731941e+01
8.523004e+00,4.047156e+00,2.555558e+00,2.858350e+00,-1.474316e+00
6.367082e+00,2.075468e+00,2.024774e+00,6.349371e+00,2.025495e+00
1.110084e+00,2.862802e+00,3.837509e+00,3.820386e+00,6.941002e+00
8.628117e+00,3.966209e+00,6.693415e+00,6.252220e+00,7.161595e+00
2.155759e+00,7.842337e+00,8.321962e+00,8.004576e+00,1.296367e+01
1.061129e+00,4.012988e+00,8.145558e+00,7.810695e+00,2.324770e+01
7.195322e+00,6.315267e+00,8.530867e+00,8.430732e+00,3.055649e+01
2.252524e+00,2.101289e+00,1.048517e+00,3.224896e+00,7.635456e+00
2.353233e+00,3.282332e+00,5.628387e+00,4.041795e+00,1.396523e+01
2.872461e+00,2.972039e+00,4.216756e+00,5.161892e+00,6.027421e+00
2.550904e+00,2.399467e+00,5.996583e+00,7.243917e+00,2.501601e+01
7.426001e+00,3.070129e+00,1.907559e+00,7.075010e+00,1.441344e+01
2.317117e+00,2.529626e+00,6.048659e+00,4.804103e+00,1.640997e-01
3.258453e+00,3.216489e+00,3.128012e+00,5.126247e+00,1.285539e+01
5.988477e+00,5.699994e+00,6.567712e+00,1.583356e+00,5.916892e+00
7.034652e+00,3.986670e+00,2.185858e+00,1.315426e+00,1.017794e+01
3.339839e+00,1.598122e+00,2.423164e+00,7.962747e+00,1.251577e+01
8.430957e+00,7.618114e+00,8.089332e+00,2.038215e+00,1.737987e+01
3.052714e+00,7.990123e+00,3.906561e+00,4.733396e+00,1.159230e+01
7.574106e+00,1.618696e+00,1.487370e+00,6.045844e+00,9.163305e+00
6.433092e+00,1.876072e+00,4.064726e+00,2.046247e+00,1.954600e+01
8.504044e+00,8.824177e+00,1.946178e+00,7.687479e+00,2.052780e+00
7.857215e+00,3.234291e+00,2.189727e+00,4.576961e+00,3.991716e+00
1.026840e+00,3.656110e+00,7.813364e+00,8.809146e+00,1.489764e+01
2.646326e+00,8.171976e+00,5.219996e+00,1.456706e+00,2.779002e+00
4.349987e+00,5.115063e+00,3.498895e+00,7.965560e+00,2.102116e+01
6.408028e+00,8.850640e+00,6.439256e+00,3.430201e+00,1.677885e+01
5.214361e+00,8.972912e+00,4.416478e+00,6.754798e+00,1.659834e+01
1.430642e+00,1.404412e+00,7.587620e+00,4.629995e+00,-1.264855e+01
7.986223e+00,7.042833e+00,1.049698e+00,2.238147e+00,2.967129e+01
5.164129e+00,1.440001e+00,2.497273e+00,8.609037e+00,2.132922e+01
5.751890e+00,3.300475e+00,1.550256e+00,2.515665e+00,1.451492e+01
4.820666e+00,3.243971e+00,1.882158e+00,3.999577e+00,1.573725e+01
5.750051e+00,1.572138e+00,7.567540e+00,6.375742e+00,1.891681e+00
1.769513e+00,1.598150e+00,8.574681e+00,4.867216e+00,-7.984084e+00
3.154814e+00,4.346794e+00,8.150591e+00,4.937198e+00,4.237111e+00
7.730516e+00,5.175299e+00,4.684603e+00,8.171977e+00,1.913052e+01
6.426053e+00,7.923961e+00,7.323289e+00,4.949441e+00,-6.971617e-01
4.303673e+00,8.955567e+00,2.470433e+00,1.260165e+00,1.537202e+01
5.072770e+00,4.770006e+00,4.331685e+00,1.677659e+00,2.530395e+01
6.944403e+00,3.911453e+00,1.613330e+00,5.774662e+00,3.574190e+00
7.999144e+00,2.530451e+00,8.387105e+00,2.231165e+00,9.843109e-01
4.851026e+00,1.090222e+00,1.033809e+00,4.744358e+00,2.067745e+01
3.426216e+00,4.617701e+00,1.949061e+00,4.915494e+00,8.870713e+00
6.739006e+00,5.882959e+00,3.047480e+00,4.105232e+00,-8.649687e+00
5.981882e+00,7.281373e+00,2.980795e+00,5.080669e+00,1.637832e+01
8.192491e+00,7.737797e+00,7.665449e+00,4.842636e+00,1.325248e+01
8.706781e+00,7.991317e+00,8.726099e+00,2.017205e+00,8.826308e+00
7.235144e+00,3.743439e+00,4.814598e+00,6.865351e+00,6.774416e-01
5.016187e+00,2.967306e+00,3.317918e+00,4.947559e+00,1.235972e+01
5.837740e+00,7.502585e+00,8.102424e+00,8.857266e+00,1.931975e+01
6.926484e+00,6.770934e+00,4.413604e+00,8.119485e+00,1.680183e+01
3.799483e+00,5.360497e+00,2.057209e+00,6.893354e+00,7.077662e+00
8.143403e+00,4.090941e+00,6.086165e+00,1.056248e+00,2.375704e+01
3.246026e+00,1.855232e+00,7.102718e+00,1.524703e+00,-1.147472e-01
4.272938e+00,6.979385e+00,3.286983e+00,3.374623e+00,2.232645e+00
6.265619e+00,1.804218e+00,4.438833e+00,8.685558e+00,9.601241e+00
3.843260e+00,4.391107e+00,4.255106e+00,3.671433e+00,6.864872e+00
4.506199e+00,1.230256e+00,6.810340e+00,7.483984e+00,6.938071e+00
4.505339e+00,3.904450e+00,2.865443e+00,8.514186e+00,1.715790e+01
5.426430e+00,1.906700e+00,8.992623e+00,6.245167e+00,1.009706e+01
4.344922e+00,2.439499e+00,6.917115e+00,8.930453e+00,1.221467e+01
4.108647e+00,7.389774e+00,8.717432e+00,4.812647e+00,-3.251522e+00
7.298374e+00,7.142277e+00,5.863286e+00,7.528327e+00,1.985803e+01
4.868116e+00,6.786796e+00,1.003474e+00,5.497711e+00,3.634126e-01
5.226846e+00,6.250071e+00,4.993144e+00,7.962424e+00,1.752505e+01
5.202735e+00,7.139539e+00,5.388965e+00,1.672699e+00,2.331214e+01
6.515630e+00,8.469035e+00,8.001091e+00,5.506879e+00,1.728768e+01
7.587916e+00,2.768902e+00,2.101846e+00,6.794734e+00,1.394705e+01
8.795245e+00,4.055906e+00,7.160968e+00,1.631688e+00,-4.495660e+00
2.018960e+00,3.934705e+00,7.819385e+00,1.987374e+00,-1.017499e+01
7.041656e+00,7.962881e+00,5.892147e+00,5.540086e+00,7.660004e+00
4.108891e+00,8.286993e+00,6.533685e+00,3.693895e+00,1.889142e+01
1.150543e+00,1.824327e+00,7.105485e+00,4.717878e+00,-2.461365e+00
4.694650e+00,6.261385e+00,5.163532e+00,7.854805e+00,1.578243e+01
5.343869e+00,7.018199e+00,4.509102e+00,7.250331e+00,2.882411e+01
3.752420e+00,8.814650e+00,4.325435e+00,4.533554e+00,2.440271e+01
3.874731e+00,2.472910e+00,1.450159e+00,4.219949e+00,2.441974e+01
3.942741e+00,6.876014e+00,4.105379e+00,6.529977e+00,6.643430e+00
2.395499e+00,2.096333e+00,1.169027e+00,7.759072e+00,2.117516e+01
8.760339e+00,6.488548e+00,4.843880e+00,6.443184e+00,7.158907e+00
3.714843e+00,5.862064e+00,5.066462e+00,8.530551e+00,1.286581e+01
6.502724e+00,6.616808e+00,2.459259e+00,2.694891e+00,1.500619e+01
3.041608e+00,6.087968e+00,3.020089e+00,8.438582e+00,-1.917181e+00
6.973564e+00,6.604742e+00,4.540315e+00,1.555207e+00,-1.271288e+01
8.822623e+00,8.929730e+00,4.792016e+00,6.935459e+00,1.343909e+01
5.111357e+00,4.025963e+00,2.303539e+00,2.563825e+00,5.133545e+00
8.213820e+00,8.020368e+00,1.980086e+00,2.165052e+00,9.850254e-01
5.532496e+00,1.553631e+00,6.577939e+00,8.138481e+00,2.806143e+01
8.631239e+00,6.365416e+00,1.857088e+00,7.059382e+00,2.459359e+01
3.274600e+00,5.180961e+00,6.195576e+00,7.441407e+00,1.577827e+01
4.294419e+00,2.937007e+00,8.649831e+00,4.905211e+00,-9.780069e+00
3.745192e+00,6.457704e+00,3.152525e+00,7.316242e+00,2.380273e+01
5.624491e+00,2.072046e+00,7.153226e+00,6.561673e+00,4.261770e+00
3.390187e+00,3.152781e+00,4.278019e+00,8.567597e+00,8.949754e+00
3.233721e+00,8.521343e+00,6.722461e+00,8.926612e+00,-6.353848e+00
4.027133e+00,3.773100e+00,5.782765e+00,4.640972e+00,1.980488e+01
3.719948e+00,7.455769e+00,5.925440e+00,4.495051e+00,3.130092e+00
7.146801e+00,8.970117e+00,1.812093e+00,2.748939e+00,1.000659e+00
3.865169e+00,4.962622e+00,6.379150e+00,4.373207e+00,1.886419e+01
3.979426e+00,1.076152e+00,2.574164e+00,1.099934e+00,8.353885e+00
8.651790e+00,1.154450e+00,6.030819e+00,3.936888e+00,2.185809e+01
2.812721e+00,1.505247e+00,8.780322e+00,2.936649e+00,1.028618e+01
4.980881e+00,3.503917e+00,2.445484e+00,6.067094e+00,-5.292556e+00
3.549498e+00,5.322996e+00,1.475488e+00,3.950972e+00,8.921919e+00
5.792982e+00,6.033901e+00,7.706571e+00,2.412626e+00,4.121843e+00
1.690849e+00,6.728882e+00,1.058282e+00,3.335297e+00,-1.673617e+01
4.714950e+00,6.821893e+00,3.760691e+00,2.594740e+00,-7.815967e+00
3.760302e+00,7.413510e+00,1.765802e+00,7.880345e+00,5.805296e+00
2.113777e+00,3.351420e+00,3.890337e+00,6.624391e+00,1.872601e+01
6.604517e+00,1.734337e+00,5.448255e+00,4.574270e+00,1.370988e+01
5.676636e+00,4.971091e+00,1.039822e+00,7.510182e+00,7.590144e+00
7.844854e+00,1.059072e+00,1.126908e+00,2.402387e+00,-1.263379e+01
4.259526e+00,3.617804e+00,2.150912e+00,1.405053e+00,8.994106e+00
6.397098e+00,7.018777e+00,8.648388e+00,6.493985e+00,5.543810e+00
2.734613e+00,5.324699e+00,1.011926e+00,8.668014e+00,1.419326e+01
6.770704e+00,4.064653e+00,7.290050e+00,7.875333e+00,3.036430e+01
5.380550e+00,1.374354e+00,5.812614e+00,8.859609e+00,3.009648e+01
2.396346e+00,3.265785e+00,2.705966e+00,1.789812e+00,1.359029e+01
6.644496e+00,8.184321e+00,5.188385e+00,4.945251e+00,1.426543e+01
2.676617e+00,8.401643e+00,6.435187e+00,4.906713e+00,5.612807e+00
6.699328e+00,1.255959e+00,6.521688e+00,8.328603e+00,8.542511e+00
8.373532e+00,4.757593e+00,1.512256e+00,5.856876e+00,8.239302e+00
2.672780e+00,5.506735e+00,2.420910e+00,3.690623e+00,-1.592130e+01
8.777903e+00,8.313795e+00,1.843765e+00,1.356976e+00,3.350827e+00
8.837602e+00,4.187266e+00,5.221160e+00,4.760651e+00,1.937766e+01
1.096641e+00,7.550378e+00,1.279487e+00,2.812598e+00,1.919457e+01
4.951319e+00,2.090312e+00,7.857854e+00,6.249414e+00,2.210966e+01
6.651799e+00,1.694881e+00,1.015876e+00,8.200002e+00,1.221561e+01
2.453510e+00,6.614741e+00,1.358558e+00,6.481594e+00,3.166630e+01
1.139319e+00,4.398544e+00,1.862674e+00,6.568809e+00,-1.459774e-01
8.774669e+00,8.507142e+00,8.662928e+00,2.832079e+00,1.832450e+01
3.337941e+00,7.216116e+00,6.410264e+00,8.491401e+00,1.366094e+01
6.166529e+00,8.488977e+00,4.406512e+00,8.158000e+00,4.876342e+00
7.901133e+00,8.636028e+00,5.187240e+00,8.865178e+00,8.509367e+00
5.003963e+00,5.048258e+00,8.037849e+00,5.289513e+00,-1.640830e+01
4.850535e+00,1.969057e+00,5.906956e+00,3.233812e+00,-4.204664e+00
7.514043e+00,6.294405e+00,5.652120e+00,3.026276e+00,2.064343e+01
4.374214e+00,1.934254e+00,2.478314e+00,3.316662e+00,4.199023e+00
4.661133e+00,5.487324e+00,2.099564e+00,7.372669e+00,2.658903e-01
2.750158e+00,7.786670e+00,4.466449e+00,5.507820e+00,6.108289e-01
3.530341e+00,1.208103e+00,5.038906e+00,6.866601e+00,-5.238371e+00
2.103928e+00,5.713452e+00,5.317823e+00,4.332985e+00,1.674768e+01
3.347602e+00,2.816610e+00,6.072498e+00,1.719178e+00,1.626847e+01
4.433433e+00,6.587453e+00,5.685061e+00,3.513957e+00,1.622015e+01
6.675245e+00,1.254328e+00,7.155224e+00,7.869669e+00,1.776014e+01
4.881525e+00,4.825440e+00,6.418970e+00,7.862441e+00,1.106404e+01
7.691792e+00,4.278406e+00,5.159791e+00,1.396537e+00,1.001043e+01
3.277679e+00,7.105227e+00,2.921582e+00,6.826913e+00,1.430201e+01
3.787748e+00,8.681547e+00,8.882088e+00,2.917130e+00,9.496553e+00
7.278280e+00,5.232406e+00,8.111211e+00,8.270380e+00,-4.674057e+00
1.552712e+00,1.589954e+00,3.862732e+00,1.473085e+00,1.764158e+01
3.847354e+00,6.184015e+00,6.117038e+00,1.165823e+00,1.081871e+01
4.753682e+00,8.025610e+00,2.979978e+00,1.908805e+00,7.983727e+00
7.080657e+00,6.477609e+00,5.677256e+00,5.410947e+00,3.508530e+01
1.949909e+00,4.285988e+00,7.435825e+00,7.308056e+00,1.666846e+01
1.716433e+00,2.168891e+00,7.737704e+00,1.080979e+00,-6.938794e+00
8.989195e+00,6.468726e+00,5.350898e+00,2.682949e+00,1.776519e+01
3.012645e+00,6.245498e+00,5.252642e+00,5.752268e+00,1.372677e+01
3.060540e+00,4.570290e+00,1.317762e+00,1.365529e+00,6.117497e+00
1.948135e+00,1.382416e+00,5.919270e+00,3.045852e+00,9.648315e+00
1.332673e+00,3.038804e+00,8.344019e+00,8.091858e+00,9.183324e+00
6.467600e+00,1.227799e+00,2.057803e+00,1.595491e+00,4.881606e+00
5.119069e+00,7.266360e+00,6.169427e+00,4.996700e+00,2.231640e+00
8.619490e+00,2.987204e+00,7.120843e+00,7.329994e+00,2.150356e+01
6.240270e+00,4.110541e+00,1.438564e+00,4.194920e+00,1.592801e+01
5.197866e+00,3.622123e+00,4.209740e+00,2.410576e+00,1.774661e+00
8.845564e+00,3.047165e+00,3.027466e+00,5.046772e+00,1.365681e+01
