2.474900e+00,3.875900e+00,6.313700e+00,7.442200e+00
2.958100e+00,3.712400e+00,6.198000e+00,4.799500e+00
2.637300e+00,6.199800e+00,3.178600e+00,3.392100e+00
6.991200e+00,1.474600e+00,2.184900e+00,9.599700e+00
5.701200e+00,4.621100e+00,1.843100e+00,3.432800e+00
3.311100e+00,6.726900e+00,5.648400e+00,4.309100e+00
3.064100e+00,2.001400e+00,5.843400e+00,1.924400e+00
6.679600e+00,2.705000e+00,3.560100e+00,4.985400e+00
3.399600e+00,4.424100e+00,6.997200e+00,6.712200e+00
5.170900e+00,1.711000e+00,2.860300e+00,9.995000e-01
5.592200e+00,4.864700e+00,4.242200e+00,5.957200e+00
2.367900e+00,1.809600e+00,3.488600e+00,2.642000e+00
5.650100e+00,5.991100e+00,6.425400e+00,9.911500e+00
5.578000e+00,2.313500e+00,1.926000e+00,4.246200e+00
6.794500e+00,1.007900e+00,1.497500e+00,-9.912000e-01
3.240500e+00,5.790600e+00,4.605600e+00,3.083000e-01
4.884400e+00,1.670600e+00,3.758900e+00,6.519300e+00
5.514500e+00,2.453600e+00,6.197700e+00,5.522000e+00
2.718500e+00,1.417000e+00,4.241800e+00,1.577100e+00
5.793300e+00,1.117600e+00,3.860200e+00,3.223300e+00
5.383900e+00,4.818900e+00,4.948000e+00,3.096000e-01
3.833300e+00,3.948200e+00,2.431200e+00,3.653000e-01
3.304700e+00,3.917100e+00,4.136100e+00,9.566000e+00
5.538800e+00,2.014100e+00,6.993300e+00,2.841900e+00
6.261000e+00,4.021500e+00,2.079600e+00,8.227500e+00
4.574900e+00,6.198700e+00,2.043100e+00,-4.115000e+00
2.297100e+00,2.027400e+00,2.030200e+00,-3.507500e+00
6.061300e+00,1.609700e+00,5.801700e+00,1.157320e+01
5.003600e+00,5.335700e+00,5.888500e+00,3.010400e+00
1.436600e+00,3.340800e+00,1.458100e+00,-1.165400e+00
3.689600e+00,4.871300e+00,6.305400e+00,3.499900e+00
4.447700e+00,4.100000e+00,6.950500e+00,6.787200e+00
3.171300e+00,4.438900e+00,5.800500e+00,3.576400e+00
1.707600e+00,5.977100e+00,3.583600e+00,6.708700e+00
1.789300e+00,1.606200e+00,5.116900e+00,7.829700e+00
4.589700e+00,6.039200e+00,6.913800e+00,5.085000e-01
5.858700e+00,3.710100e+00,6.743800e+00,1.119700e+00
4.495200e+00,1.052800e+00,1.342600e+00,6.751200e+00
2.622800e+00,3.950000e+00,1.915700e+00,-3.521200e+00
3.171100e+00,3.617800e+00,3.973400e+00,2.052600e+00
4.174900e+00,4.710500e+00,4.730700e+00,-1.190500e+00
2.349300e+00,6.370600e+00,6.328300e+00,1.046160e+01
4.034700e+00,2.155100e+00,5.974000e+00,4.630400e+00
4.611700e+00,2.894100e+00,1.414400e+00,-1.174700e+00
3.323600e+00,6.989100e+00,1.314600e+00,4.802100e+00
2.471600e+00,2.575200e+00,5.719300e+00,2.821900e+00
2.332700e+00,1.717600e+00,4.994000e+00,3.077000e+00
5.539300e+00,6.772600e+00,2.707400e+00,-3.569000e-01
6.199900e+00,6.734100e+00,6.630600e+00,3.250000e+00
1.892000e+00,6.044100e+00,4.675900e+00,5.111700e+00
5.760200e+00,2.104100e+00,6.983200e+00,3.583000e+00
2.223100e+00,3.754400e+00,1.350600e+00,3.285500e+00
2.856000e+00,2.591600e+00,2.746900e+00,4.940800e+00
1.314400e+00,5.039000e+00,6.981000e+00,9.564000e+00
3.215800e+00,5.271900e+00,4.362700e+00,4.017600e+00
6.622100e+00,1.651200e+00,1.312100e+00,7.635000e-01
4.120600e+00,4.685500e+00,6.118200e+00,1.312000e+00
4.693200e+00,3.261800e+00,1.663200e+00,4.144200e+00
1.384800e+00,6.115000e+00,6.405600e+00,8.524500e+00
6.981100e+00,3.693500e+00,4.542300e+00,5.228700e+00
5.537400e+00,6.438100e+00,2.077600e+00,-7.429200e+00
1.107500e+00,4.067500e+00,4.117800e+00,1.420500e+00
4.882000e+00,3.272400e+00,6.464000e+00,1.326630e+01
6.152500e+00,1.795500e+00,1.798000e+00,2.658600e+00
1.165700e+00,4.075800e+00,6.771700e+00,1.164710e+01
1.570300e+00,2.433700e+00,5.803700e+00,4.608600e+00
2.570300e+00,1.222500e+00,6.190600e+00,4.602200e+00
4.987300e+00,6.136200e+00,4.737800e+00,1.664260e+01
2.878600e+00,1.727000e+00,2.577700e+00,7.330900e+00
2.512400e+00,1.794500e+00,1.207600e+00,4.810200e+00
4.528000e+00,1.786200e+00,2.780000e+00,3.027300e+00
5.862800e+00,1.328600e+00,3.954400e+00,1.129640e+01
6.045900e+00,1.338200e+00,5.492000e+00,1.174540e+01
2.006500e+00,1.446100e+00,2.102900e+00,4.371800e+00
4.296200e+00,6.482500e+00,1.819900e+00,-4.952500e+00
1.571400e+00,6.205100e+00,5.176200e+00,4.675900e+00
6.477500e+00,4.994000e+00,1.047100e+00,2.286000e-01
3.589100e+00,1.836600e+00,4.379000e+00,-4.045300e+00
1.268300e+00,5.276900e+00,5.475600e+00,8.947500e+00
2.797200e+00,6.834500e+00,3.801400e+00,1.262800e+00
3.551800e+00,5.497300e+00,2.878900e+00,4.606300e+00
1.899900e+00,2.012300e+00,3.004500e+00,6.510100e+00
4.970800e+00,5.549700e+00,1.203500e+00,-3.673700e+00
4.885900e+00,6.627600e+00,5.142300e+00,1.199170e+01
4.439200e+00,3.840300e+00,3.011700e+00,3.108600e+00
5.304000e+00,5.105700e+00,2.717300e+00,1.365870e+01
3.273200e+00,3.808800e+00,4.638500e+00,9.765400e+00
5.411200e+00,5.544700e+00,3.738300e+00,5.983600e+00
2.445400e+00,3.500300e+00,2.198800e+00,9.302500e+00
6.724600e+00,3.307600e+00,1.296500e+00,1.190170e+01
3.445900e+00,4.183200e+00,5.845900e+00,2.829300e+00
6.640600e+00,1.939200e+00,3.101700e+00,9.763800e+00
3.861900e+00,5.943300e+00,1.499600e+00,-3.460600e+00
4.705800e+00,4.327900e+00,2.681500e+00,1.193820e+01
2.720600e+00,1.713900e+00,5.683900e+00,9.206500e+00
1.868100e+00,2.327400e+00,3.145200e+00,5.551000e-01
4.868500e+00,1.683200e+00,4.496900e+00,6.803800e+00
3.838100e+00,6.378900e+00,1.688200e+00,2.435900e+00
4.143400e+00,5.287400e+00,5.249300e+00,2.027700e+00
3.021700e+00,6.773200e+00,6.507100e+00,7.668000e+00
6.537500e+00,6.235600e+00,5.004200e+00,1.039210e+01
6.802400e+00,6.649600e+00,5.473700e+00,-1.577500e+00
4.998700e+00,4.506300e+00,1.784000e+00,1.801000e+00
3.725300e+00,3.481800e+00,6.404700e+00,3.705700e+00
1.009000e+00,3.838600e+00,2.409200e+00,5.037800e+00
5.661000e+00,1.525300e+00,1.790200e+00,4.447700e+00
1.398000e+00,2.057400e+00,2.256300e+00,7.311900e+00
5.059300e+00,5.136000e+00,6.554300e+00,9.369700e+00
5.157900e+00,3.799600e+00,1.708200e+00,-4.000000e-04
5.863800e+00,5.042000e+00,4.420100e+00,1.111670e+01
3.227200e+00,1.462800e+00,6.118200e+00,4.219400e+00
2.108100e+00,6.353200e+00,2.161400e+00,1.156360e+01
5.605600e+00,6.904200e+00,5.479800e+00,1.503800e+00
2.009900e+00,1.622900e+00,5.137800e+00,9.406400e+00
3.720400e+00,1.591200e+00,6.398600e+00,5.840500e+00
2.576600e+00,5.952200e+00,4.730600e+00,7.200000e+00
1.491600e+00,6.391800e+00,1.911600e+00,5.372900e+00
6.317800e+00,5.910200e+00,1.907600e+00,1.173630e+01
2.961800e+00,3.629300e+00,1.173100e+00,9.576600e+00
4.736300e+00,2.364800e+00,3.848600e+00,5.824400e+00
1.648900e+00,1.789300e+00,6.333400e+00,7.135000e+00
4.639700e+00,1.124500e+00,4.495700e+00,1.294130e+01
6.333900e+00,5.433500e+00,4.946700e+00,6.588500e+00
1.596300e+00,1.709400e+00,3.724200e+00,-5.220200e+00
3.808500e+00,5.766100e+00,3.400600e+00,6.480400e+00
6.830800e+00,2.666900e+00,4.051200e+00,1.053600e+01
1.701300e+00,6.220500e+00,3.317800e+00,-4.434200e+00
3.654900e+00,1.011200e+00,6.432700e+00,9.552600e+00
1.638200e+00,1.997600e+00,6.774600e+00,-2.237000e+00
4.463700e+00,1.424000e+00,4.111600e+00,1.184300e+00
2.437400e+00,5.587400e+00,4.481000e+00,1.197160e+01
4.014500e+00,2.852700e+00,6.495700e+00,3.924500e+00
4.495300e+00,6.184400e+00,5.144900e+00,9.893200e+00
2.328000e+00,4.481800e+00,4.115400e+00,3.017500e+00
2.184900e+00,5.516300e+00,1.581600e+00,8.108600e+00
1.336100e+00,5.922700e+00,3.704600e+00,8.813800e+00
3.892900e+00,3.862500e+00,6.019000e+00,4.588700e+00
3.104900e+00,5.325900e+00,6.546600e+00,1.015650e+01
3.283300e+00,6.399700e+00,3.502400e+00,1.373370e+01
6.464600e+00,4.087700e+00,1.200000e+00,2.009900e+00
6.342000e+00,3.061200e+00,6.384800e+00,7.036700e+00
5.199000e+00,4.052100e+00,3.015000e+00,3.304200e+00
6.105200e+00,3.176300e+00,6.131100e+00,4.071200e+00
6.681300e+00,5.787500e+00,5.629500e+00,2.740600e+00
2.754600e+00,6.183400e+00,6.171900e+00,9.035500e+00
1.709600e+00,6.895600e+00,2.700500e+00,1.394510e+01
2.360900e+00,6.086100e+00,4.978100e+00,3.634000e+00
2.481500e+00,2.999900e+00,6.948500e+00,7.249400e+00
6.636800e+00,6.049400e+00,3.083500e+00,3.491700e+00
5.897700e+00,3.946700e+00,1.406000e+00,-7.049200e+00
2.925700e+00,2.088200e+00,4.148000e+00,8.111200e+00
6.504900e+00,6.579000e+00,3.289200e+00,-1.696900e+00
6.341500e+00,5.375500e+00,5.594400e+00,9.146200e+00
4.494100e+00,1.396100e+00,1.187100e+00,6.400000e+00
5.980800e+00,5.616700e+00,4.831400e+00,8.650500e+00
1.910600e+00,1.594500e+00,1.471100e+00,6.153000e+00
3.245500e+00,6.999800e+00,6.405000e+00,7.882800e+00
5.076300e+00,2.939600e+00,2.089100e+00,2.391600e+00
4.868800e+00,1.750200e+00,1.654600e+00,4.216800e+00
4.517700e+00,1.672200e+00,1.438700e+00,8.907000e-01
2.403800e+00,2.469200e+00,2.454000e+00,6.810500e+00
2.434500e+00,6.045000e+00,2.234400e+00,1.165820e+01
6.980500e+00,4.762700e+00,6.292800e+00,2.157900e+00
5.484500e+00,1.953100e+00,4.775800e+00,5.232800e+00
2.107600e+00,4.424400e+00,3.349800e+00,7.569200e+00
5.399500e+00,6.756700e+00,6.027200e+00,6.302900e+00
6.910700e+00,1.149900e+00,5.770900e+00,-4.805200e+00
2.701900e+00,4.711700e+00,3.361600e+00,6.241000e-01
2.777100e+00,5.290700e+00,6.398300e+00,-1.668500e+00
2.057800e+00,1.632600e+00,1.048200e+00,6.814000e+00
3.594300e+00,4.322900e+00,2.346700e+00,2.110400e+00
2.854300e+00,2.205800e+00,3.847500e+00,-1.666400e+00
1.226400e+00,2.976800e+00,3.885600e+00,4.390000e-02
4.767000e+00,2.572300e+00,2.913800e+00,3.279500e+00
1.419500e+00,6.550200e+00,4.052300e+00,2.449400e+00
4.542900e+00,2.564900e+00,6.383700e+00,-9.737000e-01
1.945900e+00,1.142000e+00,5.777700e+00,5.824000e+00
2.289300e+00,3.144900e+00,4.375600e+00,1.877000e-01
2.339600e+00,2.695300e+00,6.131800e+00,2.394400e+00
6.427800e+00,1.184700e+00,4.979600e+00,1.723110e+01
6.297100e+00,1.922300e+00,1.229600e+00,3.628000e+00
5.065300e+00,6.334100e+00,3.283900e+00,2.823200e+00
6.616900e+00,3.562100e+00,6.138000e+00,1.215030e+01
2.081900e+00,2.458000e+00,2.305900e+00,1.204650e+01
6.020300e+00,4.342900e+00,2.344400e+00,1.078910e+01
6.215500e+00,5.001700e+00,6.657300e+00,8.258600e+00
1.577400e+00,5.187600e+00,5.643200e+00,2.097300e+00
6.165400e+00,3.118200e+00,4.156600e+00,6.314400e+00
6.215900e+00,3.375300e+00,6.827300e+00,-3.490000e-02
1.739900e+00,1.699400e+00,1.230400e+00,2.018900e+00
4.016800e+00,1.931500e+00,4.133400e+00,-1.733900e+00
3.096400e+00,4.426900e+00,6.116000e+00,5.106900e+00
6.022500e+00,1.808200e+00,4.904100e+00,4.012000e+00
6.901100e+00,1.461800e+00,5.311800e+00,2.477400e+00
4.367500e+00,2.142700e+00,3.865400e+00,-1.934100e+00
3.029300e+00,3.331800e+00,6.195500e+00,1.164790e+01
6.488200e+00,6.506900e+00,6.317700e+00,2.931600e+00
6.603800e+00,2.658300e+00,4.483700e+00,7.348100e+00
2.992000e+00,4.333500e+00,3.527700e+00,1.504210e+01
5.174800e+00,5.758400e+00,2.678600e+00,1.382730e+01
