587
616
821
804
313
616
821
804
639
522
577
60
616
522
332
495
616
495
332
616
580
332
629
577
616
651
577
639
577
354
616
587
616
821
804
313
616
821
804
639
522
577
60
354
616
806
651
577
85
616
821
804
639
522
577
60
616
629
577
133
616
22
794
332
522
22
495
616
313
495
804
522
60
616
446
577
651
302
522
60
616
495
651
804
495
616
580
332
815
815
302
522
354
22
616
13
293
495
616
821
651
85
616
313
651
332
293
246
60
616
587
616
651
577
577
60
616
313
293
580
651
616
804
616
821
804
639
522
302
522
649
448
616
821
651
577
522
616
804
616
651
577
804
639
495
446
577
804
495
616
302
313
616
313
302
246
577
522
495
616
804
522
60
616
804
616
580
651
302
246
60
616
246
302
577
313
616
60
577
804
60
789
616
22
794
332
522
22
495
616
313
495
804
522
60
616
446
577
651
302
522
60
616
495
651
302
313
616
580
332
815
815
302
522
354
22
616
806
651
804
495
616
446
332
85
616
821
804
313
616
804
313
616
176
293
639
577
616
804
522
60
616
804
313
616
302
522
522
332
580
577
522
495
616
804
313
616
495
651
577
616
60
639
302
138
577
522
616
313
522
332
821
354
616
13
293
495
616
587
616
629
293
313
495
616
313
495
804
522
60
616
651
577
639
577
616
446
577
580
804
293
313
577
616
587
616
651
804
138
577
616
522
332
495
616
649
302
138
577
522
616
85
332
293
616
821
651
804
495
616
85
332
293
616
313
651
332
293
246
60
616
651
804
138
577
354
616
121
522
495
302
246
616
821
577
616
580
804
522
616
821
804
246
849
616
804
446
639
332
804
60
616
804
522
60
616
639
577
580
639
577
804
495
577
616
332
293
639
313
577
246
138
577
313
448
616
293
522
495
302
246
616
821
577
616
580
804
522
616
313
495
639
332
246
246
616
804
246
332
522
649
616
495
651
577
616
313
495
639
577
577
495
313
616
246
302
849
577
616
446
332
293
246
577
138
804
639
60
313
448
616
580
332
522
649
639
577
649
804
495
577
616
302
522
616
176
804
639
849
313
616
815
639
577
577
616
815
639
332
629
616
815
577
804
639
448
616
332
293
639
616
815
804
629
302
246
302
577
313
616
629
302
522
649
246
302
522
649
448
616
332
293
639
616
580
651
302
246
60
639
577
522
616
246
804
293
649
651
302
522
649
448
616
332
293
639
616
651
577
804
639
495
313
616
380
332
302
522
577
60
616
419
616
293
522
495
302
246
616
495
651
804
495
616
60
804
85
448
616
821
577
616
651
804
138
577
616
522
332
616
580
302
495
85
354
616
260
332
293
616
580
804
522
616
246
804
446
577
246
616
629
577
616
804
616
815
804
302
246
293
639
577
616
293
522
495
302
246
616
495
651
804
495
616
60
804
85
354
616
806
651
577
616
815
302
639
313
495
616
804
522
60
616
176
577
639
651
804
176
313
616
332
522
246
85
616
649
639
577
804
495
616
629
804
85
332
639
616
821
804
313
616
169
639
577
577
849
354
616
369
577
616
821
804
313
616
75
577
639
302
580
246
577
313
616
332
815
616
356
495
651
577
522
313
448
616
804
522
60
616
651
577
616
246
302
138
577
60
616
313
332
629
577
616
120
448
760
125
125
616
85
577
804
639
313
616
804
649
332
448
616
804
522
60
616
651
577
616
313
804
302
60
133
616
22
356
246
246
616
495
651
302
522
649
313
616
649
332
332
60
616
332
815
616
495
651
302
313
616
236
804
639
495
651
616
815
246
332
821
616
302
522
495
332
616
495
651
577
616
307
302
495
85
448
616
446
577
580
804
293
313
577
616
332
815
616
495
651
577
616
307
302
495
85
22
313
616
649
639
577
804
495
522
577
313
313
354
22
616
660
577
246
246
448
616
821
577
616
821
577
639
577
616
649
639
577
804
495
616
332
522
580
577
354
616
307
804
522
616
821
444
332
246
293
495
302
332
616
577
313
495
35
492
421
445
125
773
35
577
616
522
332
495
616
446
577
616
649
639
577
804
495
616
804
649
804
302
522
789
616
11
332
821
448
616
587
616
176
293
495
616
495
651
804
495
616
766
293
577
313
495
302
332
522
616
495
332
616
498
804
629
577
313
616
13
332
522
577
448
616
804
522
60
616
495
651
577
639
577
22
313
616
332
522
246
85
616
313
302
246
577
522
580
577
354
616
260
577
495
616
580
332
293
246
60
616
522
332
495
616
313
332
629
577
495
651
302
522
649
616
176
804
313
313
616
815
639
332
629
616
495
651
302
313
616
313
821
577
577
495
616
85
332
293
495
651
616
495
332
616
629
577
789
616
307
332
293
246
60
616
651
577
616
522
332
495
616
577
629
176
332
821
577
639
616
629
577
616
495
332
616
815
302
522
60
616
302
522
616
629
85
313
577
246
815
616
495
651
577
616
313
495
639
577
522
649
495
651
616
495
332
616
651
804
138
577
616
495
651
577
616
849
522
332
821
246
577
60
649
577
616
495
332
616
313
293
629
629
332
522
616
293
176
616
495
651
577
616
580
332
293
639
804
649
577
616
495
332
616
804
580
580
332
629
176
246
302
313
651
616
495
651
302
313
616
313
577
577
629
302
522
649
246
85
616
302
522
313
293
639
629
332
293
522
495
804
446
246
577
616
495
804
313
849
616
332
815
616
629
804
849
302
522
649
616
804
616
580
302
495
85
616
246
302
138
804
446
246
577
789
616
498
293
313
495
616
246
302
138
804
446
246
577
354
616
806
651
577
639
577
616
821
804
313
616
804
616
176
804
246
804
580
577
616
495
651
804
495
616
821
804
313
616
804
616
580
302
495
85
354
616
587
495
616
821
804
313
616
804
616
176
804
246
804
580
577
26
616
587
495
616
821
804
313
616
804
616
176
804
246
804
580
577
448
616
804
522
60
616
302
495
616
580
804
522
616
446
577
616
804
616
176
804
246
804
580
577
616
804
649
804
302
522
26
616
356
616
176
804
246
804
580
577
448
616
302
522
616
821
651
302
580
651
616
495
651
577
639
577
616
302
313
616
522
332
616
849
302
522
649
616
332
639
616
766
293
577
577
522
448
616
332
639
616
60
293
849
577
313
616
332
639
616
577
804
639
246
313
616
332
639
616
176
639
302
522
580
577
313
448
616
446
293
495
616
313
293
446
380
577
580
495
313
616
804
246
246
354
616
444
293
446
380
577
580
495
313
616
446
577
651
332
246
60
577
522
616
495
332
616
577
804
580
651
616
332
495
651
577
639
448
616
495
332
616
629
804
849
577
616
804
616
446
577
495
495
577
639
616
176
246
804
580
577
616
495
332
616
246
302
138
577
354
616
587
313
616
495
651
804
495
616
495
332
332
616
629
293
580
651
616
495
332
616
804
313
849
789
616
356
639
577
616
821
577
616
804
313
849
302
522
649
616
495
332
332
616
629
293
580
651
616
815
332
639
616
495
651
302
313
587
313
616
302
495
616
446
577
85
332
522
60
616
332
293
639
616
639
577
804
580
651
789
616
13
577
580
804
293
313
577
616
302
815
616
302
495
616
302
313
448
616
495
651
577
522
616
821
577
616
804
639
577
616
522
332
495
651
302
522
649
616
446
293
495
616
313
651
577
577
176
616
446
577
302
522
649
616
651
577
639
60
577
60
616
495
332
616
495
651
577
616
815
302
522
804
246
616
313
246
804
293
649
651
495
577
639
651
332
293
313
577
26
616
587
616
821
302
246
246
616
522
332
495
616
649
332
616
60
332
821
522
448
616
495
651
804
495
616
821
804
85
26
616
587
616
580
651
332
332
313
577
616
495
332
616
815
302
649
651
495
616
446
804
580
849
26
616
587
616
580
651
332
332
313
577
616
495
332
616
639
302
313
577
448
616
522
332
495
616
815
804
246
246
26
616
587
616
580
651
332
332
313
577
616
495
332
616
246
302
138
577
448
616
522
332
495
616
60
302
577
26
616
356
522
60
616
587
616
849
522
332
821
448
616
587
616
849
522
332
821
616
495
651
804
495
616
821
651
804
495
22
313
616
821
302
495
651
302
522
616
629
577
616
302
313
616
804
246
313
332
616
821
302
495
651
302
522
616
85
332
293
354
616
806
651
804
495
22
313
616
821
651
85
616
587
616
804
313
849
616
85
332
293
616
522
332
821
616
495
332
616
380
332
302
522
616
629
577
354
616
498
332
302
522
616
629
577
448
616
639
302
313
577
616
293
176
616
821
302
495
651
616
629
577
448
616
639
302
313
577
616
293
176
616
332
522
616
495
651
577
616
821
302
522
649
313
616
332
815
616
495
651
302
313
616
313
246
804
302
522
616
804
522
649
577
246
354
616
660
577
22
246
246
616
639
577
446
293
302
246
60
616
332
522
616
495
651
577
616
313
332
293
246
616
332
815
616
495
651
302
313
616
246
302
495
495
246
577
616
821
804
639
639
302
332
639
354
616
660
577
616
821
302
246
246
616
176
302
580
849
616
293
176
616
651
302
313
616
313
495
804
522
60
804
639
60
616
804
522
60
616
639
804
302
313
577
616
302
495
616
651
302
649
651
26
616
307
804
639
639
85
616
302
495
616
815
332
639
821
804
639
60
616
293
522
495
302
246
616
495
651
302
313
616
580
302
495
85
616
419
616
85
332
293
639
616
580
302
495
85
616
419
616
332
293
639
616
580
302
495
85
616
419
616
651
302
313
616
580
302
495
85
616
419
616
302
313
616
804
616
176
804
246
804
580
577
616
332
815
616
169
332
60
26
616
587
313
616
804
616
176
804
246
804
580
577
616
332
815
616
169
332
60
26
616
587
616
804
629
616
821
302
495
651
616
85
332
293
448
616
246
302
495
495
246
577
616
498
804
629
577
313
354
616
587
616
804
629
616
85
332
293
