472
530
450
272
373
571
169
530
942
917
272
289
530
648
942
272
938
514
450
185
272
571
942
272
346
450
648
589
272
648
589
938
272
902
530
450
246
450
272
938
514
450
185
272
571
942
272
547
514
346
450
272
730
246
514
346
307
272
848
589
272
953
185
185
648
8
917
272
873
514
346
514
185
648
354
571
450
589
946
272
848
272
346
648
589
946
272
873
450
272
571
185
272
648
582
514
589
450
272
571
589
272
942
530
450
272
686
589
571
336
450
246
185
450
946
272
848
272
354
686
589
723
450
246
946
272
734
942
571
582
582
272
648
272
346
648
589
946
272
873
450
272
571
185
272
648
582
514
589
450
272
571
589
272
942
530
450
272
686
589
571
336
450
246
185
450
22
272
819
686
942
272
530
450
272
547
514
589
589
450
547
942
185
946
272
873
514
902
307
272
472
530
450
8
272
530
571
942
272
450
648
547
530
272
514
942
530
450
246
946
272
661
514
530
674
272
62
514
272
547
582
450
648
246
450
246
272
902
648
8
272
942
514
272
450
336
648
582
686
648
942
450
272
902
530
450
942
530
450
246
272
514
246
272
589
514
942
272
8
514
686
124
246
450
272
648
582
571
336
450
946
272
62
514
902
22
272
547
514
346
354
582
571
547
648
942
571
514
589
185
946
272
848
272
246
450
648
185
514
589
272
942
514
272
730
571
169
530
942
946
272
734
514
346
450
819
514
938
8
272
938
571
730
730
450
246
450
589
942
946
272
128
571
730
730
450
246
450
589
547
450
272
547
246
450
648
942
450
185
272
938
571
185
354
686
942
450
946
272
128
571
185
354
686
942
450
272
571
185
272
648
272
246
450
648
185
514
589
272
942
514
272
730
571
169
530
942
946
272
472
514
272
730
571
169
530
942
272
571
185
272
648
272
246
450
648
185
514
589
272
942
514
272
730
450
450
582
272
354
648
571
589
946
272
369
571
730
450
272
571
185
272
354
648
571
589
946
272
734
514
272
942
514
272
730
571
169
530
942
272
902
571
942
530
272
246
450
648
185
514
589
272
571
185
272
942
514
272
819
450
272
648
582
571
336
450
272
902
571
942
530
272
246
450
648
185
514
589
946
272
373
571
589
648
582
272
648
589
648
582
8
185
571
185
917
272
472
514
272
730
571
169
530
942
22
272
648
272
246
450
648
185
514
589
272
942
514
272
582
571
336
450
946
272
689
246
514
819
582
450
346
185
272
648
589
938
272
433
514
589
942
246
648
938
571
547
942
571
514
589
185
917
272
53
272
648
346
272
648
589
272
648
589
648
246
547
530
571
185
942
946
272
53
272
819
450
582
571
450
336
450
272
942
530
648
942
272
942
530
450
246
450
272
185
530
514
686
582
938
272
819
450
272
589
514
272
246
686
582
450
185
22
272
514
589
582
8
272
547
530
648
514
185
946
272
373
571
169
530
942
571
589
169
272
648
354
354
450
648
246
185
272
942
514
272
819
450
272
547
530
648
514
185
272
648
589
938
272
902
530
450
589
272
902
450
272
185
582
648
346
272
571
589
272
942
530
450
272
354
571
942
272
648
272
185
530
514
902
272
571
942
272
571
185
946
272
337
686
942
272
902
530
450
589
272
902
450
272
730
571
169
530
942
272
730
514
246
272
648
272
246
450
648
185
514
589
22
272
582
571
723
450
272
246
450
938
589
450
547
723
185
22
272
942
530
450
246
450
124
185
272
648
272
185
8
185
942
450
346
946
734
514
582
686
942
571
514
272
450
185
942
671
93
493
671
493
909
492
272
289
450
272
730
571
169
530
942
272
730
514
246
272
902
530
648
942
272
902
450
272
185
942
648
589
938
272
730
514
246
22
272
547
530
648
514
185
22
272
819
686
942
272
730
571
169
530
942
571
589
169
272
571
185
272
648
272
185
942
246
686
547
942
686
246
450
22
272
942
514
272
450
185
942
648
819
582
571
185
530
272
354
514
902
450
246
22
272
354
514
902
450
246
272
571
185
272
169
514
336
450
246
589
346
450
589
942
272
648
589
938
272
169
514
336
450
246
589
346
450
589
942
272
571
185
272
589
514
942
272
648
589
648
246
547
530
8
946
272
681
514
336
450
246
589
346
450
589
942
272
571
185
272
902
648
246
272
648
589
938
272
902
648
246
272
571
185
272
730
571
169
530
942
571
589
169
946
272
472
530
450
272
547
571
246
547
582
450
272
169
514
450
185
272
582
571
723
450
272
942
530
571
185
917
272
514
686
246
272
246
450
938
589
450
547
723
272
185
723
571
246
346
571
185
530
450
185
272
648
246
450
272
547
530
450
648
354
272
354
450
246
336
450
246
185
571
514
589
185
272
514
730
272
547
514
589
336
450
589
942
571
514
589
648
582
272
902
648
246
730
648
246
450
946
272
289
648
246
272
571
346
354
582
571
450
185
272
450
137
942
246
450
346
450
272
169
514
336
450
246
589
346
450
589
942
272
819
450
547
648
686
185
450
272
902
648
246
185
272
648
246
450
272
730
514
686
169
530
942
272
942
514
272
450
589
730
514
246
547
450
272
246
686
582
450
185
272
514
246
272
571
938
450
648
582
185
22
272
450
336
450
589
272
730
246
450
450
938
514
346
946
272
337
686
942
272
514
942
530
450
246
272
354
450
514
354
582
450
124
185
272
571
938
450
648
582
185
272
730
514
246
547
450
938
272
514
589
272
185
514
346
450
514
589
450
272
450
582
185
450
22
272
450
336
450
589
272
571
730
272
571
942
272
571
185
272
185
514
346
450
942
530
571
589
169
272
582
571
723
450
272
730
246
450
450
938
514
346
22
272
571
185
272
185
942
571
582
582
272
648
272
246
686
582
450
672
272
589
514
942
272
648
589
648
246
547
530
8
946
272
472
530
571
185
272
547
514
589
942
246
648
938
571
547
942
571
514
589
272
902
648
185
272
819
450
547
514
346
571
589
169
272
547
582
450
648
246
272
942
514
272
346
450
272
571
589
272
942
530
450
272
730
648
582
582
272
514
730
272
124
708
73
946
272
953
336
450
589
272
648
185
272
450
648
246
582
8
272
648
185
272
346
8
272
730
571
246
185
942
272
354
648
246
942
8
22
272
124
289
530
8
272
938
571
938
272
53
272
582
514
336
450
272
942
514
272
730
571
169
530
942
307
124
272
53
272
730
246
648
346
450
938
272
571
942
22
272
819
686
942
272
185
942
571
582
582
22
272
53
272
938
514
589
124
942
272
686
589
938
450
246
185
942
648
589
938
272
571
942
946
272
53
942
272
169
514
450
185
272
648
169
648
571
589
185
942
272
346
8
272
819
450
582
571
450
730
185
272
648
185
272
648
272
942
246
686
450
272
648
589
648
246
547
530
571
185
942
946
272
337
686
942
272
942
530
450
246
450
272
571
942
272
902
648
185
946
272
433
514
346
354
450
942
571
942
571
514
589
22
272
730
571
169
530
942
571
589
169
22
272
547
648
354
571
942
648
582
571
185
346
22
272
169
514
336
450
246
589
346
450
589
942
22
272
472
873
953
272
734
565
734
472
953
427
946
272
472
530
648
942
124
185
272
902
530
648
942
272
902
450
272
938
571
938
946
272
53
942
124
185
272
902
530
648
942
272
902
450
272
648
582
902
648
8
185
272
938
571
938
946
272
342
450
938
589
450
547
723
185
272
723
571
547
723
450
938
272
942
530
450
272
185
530
571
942
272
514
686
942
272
514
730
272
354
686
589
723
185
22
272
354
686
589
723
185
272
723
571
547
723
450
938
272
942
530
450
272
185
530
571
942
272
514
686
942
272
514
730
272
346
514
938
185
22
272
346
514
938
185
272
723
571
547
723
450
938
272
942
530
450
272
185
530
571
942
272
514
686
942
272
514
730
272
185
723
571
589
530
450
648
938
185
22
272
185
723
571
589
530
450
648
938
185
272
942
514
514
723
272
514
686
942
272
942
530
450
272
530
450
648
336
8
272
346
450
942
648
582
272
169
686
8
185
22
272
648
589
938
272
942
530
450
272
530
450
648
336
8
272
346
450
942
648
582
272
169
686
8
185
272
819
450
648
942
272
942
530
450
272
582
571
336
571
589
169
272
185
530
571
942
272
514
686
942
272
514
730
272
589
450
902
272
902
648
336
450
246
185
272
648
589
938
272
942
530
450
272
589
450
902
272
902
648
336
450
246
185
272
938
571
938
589
124
942
272
938
514
272
648
589
8
942
530
571
589
169
946
272
472
530
450
8
272
902
450
246
450
272
942
530
450
272
589
450
902
272
530
571
354
354
571
450
185
946
272
734
514
272
902
530
648
942
272
902
648
185
272
942
530
450
272
354
514
571
589
942
307
272
373
571
589
648
582
272
185
686
346
346
648
942
571
514
589
307
272
62
514
589
450
946
