341
24
440
359
145
323
271
176
440
440
440
93
69
65
176
184
533
514
359
184
65
65
93
359
514
69
359
390
344
307
65
390
65
93
481
359
533
145
514
323
390
390
359
285
69
24
514
405
217
359
69
59
359
307
65
323
184
393
359
344
359
489
344
323
24
93
359
341
344
184
533
440
359
503
405
344
514
359
514
405
65
359
405
65
390
390
359
323
176
359
514
405
344
514
356
359
503
405
344
514
359
323
176
359
217
69
360
24
359
271
69
514
514
69
359
405
65
24
65
356
359
489
69
217
176
460
359
323
184
59
69
24
271
359
69
184
359
217
69
360
24
359
326
390
344
176
176
271
344
514
65
176
359
344
184
93
359
176
344
51
65
359
217
69
360
24
359
405
323
93
65
102
359
344
184
217
514
405
323
184
393
359
176
405
69
24
514
359
69
59
359
514
405
344
514
359
285
65
533
24
65
359
393
69
184
184
344
359
307
360
24
184
359
217
69
360
359
344
514
359
514
405
65
359
176
514
344
501
65
356
359
503
65
390
390
460
359
393
65
184
514
390
65
271
65
184
460
359
285
405
65
184
359
514
405
65
359
176
405
323
514
359
405
323
514
176
359
514
405
65
359
59
344
184
359
176
69
271
65
359
393
360
217
176
359
24
360
184
359
344
184
93
359
176
69
271
65
359
393
360
217
176
359
176
514
344
217
440
359
38
65
24
65
533
176
359
49
405
344
24
390
323
65
359
59
344
326
323
184
393
359
514
405
65
359
59
323
24
65
102
359
344
184
93
359
514
405
65
24
65
533
176
359
339
65
69
24
393
65
359
405
323
93
323
184
533
359
323
184
359
307
323
393
359
362
344
93
93
217
533
176
359
337
69
326
501
65
514
431
359
101
184
93
359
285
405
344
514
359
344
24
65
359
217
69
360
359
93
69
323
184
533
356
359
252
69
360
533
24
65
359
393
69
184
184
344
359
24
65
285
344
24
93
359
339
65
69
24
393
65
359
344
184
93
359
93
65
176
514
24
69
217
359
49
405
344
24
390
323
65
440
359
15
359
93
69
184
533
514
359
501
184
69
285
359
285
405
69
359
285
65
184
514
359
514
69
359
514
405
323
176
359
337
390
344
326
65
460
359
503
323
390
390
323
344
271
359
38
69
285
344
24
93
359
267
344
59
514
460
359
503
323
390
390
323
344
271
359
377
65
184
184
323
184
393
176
359
489
24
217
344
184
460
359
503
323
390
390
323
344
271
359
267
65
390
390
359
389
389
359
285
405
69
65
51
65
24
440
359
267
405
65
323
24
359
176
337
323
24
323
514
359
323
176
359
93
65
344
93
440
440
440
323
59
359
514
405
65
217
359
65
51
65
24
359
405
344
93
359
69
184
65
440
359
15
514
533
176
359
393
69
184
65
440
359
252
69
360
533
24
65
359
307
360
323
390
93
323
184
393
359
344
359
24
344
514
359
176
405
323
337
359
405
65
24
65
440
359
101
359
51
65
176
176
65
390
359
59
69
24
359
176
65
344
389
393
69
323
184
533
359
176
184
323
514
326
405
65
176
440
359
101
184
93
359
323
59
359
217
69
360
359
514
405
323
184
501
359
217
69
360
24
359
337
24
65
337
344
24
323
184
393
359
514
405
65
176
65
359
271
323
184
184
69
285
176
359
59
69
24
359
271
344
184
405
69
69
93
460
359
217
69
360
359
307
65
514
514
65
24
359
514
405
323
184
501
359
344
393
344
323
184
460
359
307
65
326
344
360
176
65
359
15
359
176
344
217
359
217
69
360
359
344
24
65
359
501
323
390
390
323
184
393
359
514
405
65
359
51
65
24
217
359
176
337
323
24
323
514
359
514
405
323
176
359
323
184
176
514
323
514
360
514
323
69
184
359
337
24
69
326
390
344
323
271
176
359
323
514
359
323
184
176
514
323
390
390
176
431
359
503
405
344
514
359
344
359
176
405
344
271
440
359
503
405
344
514
359
501
323
184
93
359
69
59
359
344
359
176
405
69
285
359
344
24
65
359
217
69
360
359
393
360
217
176
359
337
360
514
514
323
184
533
359
69
184
359
405
65
24
65
359
514
69
93
344
217
440
359
15
359
271
65
344
184
460
359
514
405
65
359
69
184
390
217
359
326
390
344
176
176
359
323
184
359
514
405
323
176
359
344
326
514
359
323
176
359
176
323
514
514
323
184
533
359
184
65
351
514
359
514
69
359
271
65
440
359
101
184
93
359
15
533
271
359
405
65
24
65
359
514
69
359
514
65
390
390
359
217
344
359
514
405
323
176
359
307
69
217
533
145
69
390
360
514
323
69
359
65
176
514
67
233
233
233
233
48
263
176
359
176
69
360
390
359
323
176
359
323
184
514
344
326
514
440
359
15
514
533
176
359
184
69
184
389
184
65
393
69
514
323
344
307
390
65
440
359
252
69
360
359
501
184
69
285
359
405
69
285
359
15
359
501
184
69
285
356
359
145
69
271
65
69
184
65
359
405
65
24
65
359
389
359
344
184
93
359
15
533
271
359
184
69
514
359
393
69
184
184
344
359
176
344
217
359
285
405
69
359
389
359
69
59
59
65
24
65
93
359
514
69
359
307
360
217
359
323
514
440
359
457
184
390
217
359
49
405
344
24
390
323
65
359
405
65
24
65
359
285
344
176
184
533
514
359
176
65
390
390
323
184
533
440
