2.342230e+01,4.686685e+02
1.800990e+01,1.342721e+02
3.353700e+00,-9.865490e+01
2.074630e+01,7.364040e+01
1.912100e+00,6.343370e+01
1.941680e+01,1.458538e+02
2.966800e+00,3.585813e+02
4.972600e+00,1.997300e+00
1.297400e+00,2.221630e+02
3.231500e+00,2.461544e+02
1.733350e+01,3.838448e+02
1.014820e+01,2.080454e+02
5.192700e+00,-1.542349e+02
5.887500e+00,4.047093e+02
2.991900e+00,4.699510e+01
1.818750e+01,5.566614e+02
9.532800e+00,1.418150e+01
2.029230e+01,2.153270e+02
2.054440e+01,4.029026e+02
2.475460e+01,4.720474e+02
1.081440e+01,2.393980e+02
1.157610e+01,9.349790e+01
5.098700e+00,-1.049429e+02
9.753500e+00,6.471380e+01
1.609740e+01,5.074283e+02
2.488290e+01,5.792680e+02
2.531900e+00,-1.402072e+02
1.470810e+01,1.015261e+02
9.854800e+00,1.264084e+02
6.564200e+00,7.953090e+01
1.487000e+01,3.053860e+01
9.548400e+00,2.550840e+02
1.791800e+01,1.445415e+02
2.137440e+01,6.196810e+02
7.622400e+00,3.629937e+02
2.295890e+01,4.864747e+02
7.186500e+00,1.282194e+02
2.213280e+01,3.800963e+02
8.899200e+00,4.128703e+02
1.890660e+01,3.190427e+02
2.243920e+01,1.211832e+02
1.405060e+01,2.557304e+02
8.832200e+00,2.573450e+01
2.146000e+00,2.544680e+02
1.121040e+01,2.533250e+01
1.664120e+01,2.226870e+01
2.430090e+01,6.271464e+02
1.063280e+01,5.208121e+02
1.453090e+01,2.503080e+02
1.561820e+01,3.980437e+02
2.021880e+01,2.687189e+02
2.390800e+00,1.362153e+02
7.895900e+00,-2.061399e+02
8.705000e+00,-1.814789e+02
1.884740e+01,2.382000e+01
9.733500e+00,3.228986e+02
1.360660e+01,2.337004e+02
2.195590e+01,5.296493e+02
9.903000e+00,-7.349460e+01
2.267810e+01,2.686756e+02
1.474480e+01,-2.124556e+02
4.876600e+00,1.955222e+02
1.772500e+01,4.529557e+02
1.756700e+00,-2.584120e+02
2.835700e+00,-2.844140e+01
1.501090e+01,-3.600180e+01
1.039980e+01,-6.697990e+01
2.478810e+01,6.540983e+02
1.997030e+01,1.458070e+02
2.330550e+01,3.154354e+02
1.845500e+01,1.965250e+01
2.360130e+01,2.716277e+02
1.174460e+01,-2.780300e+01
7.757900e+00,4.972477e+02
1.155390e+01,2.537767e+02
2.956700e+00,9.309240e+01
2.476870e+01,3.376820e+02
1.120630e+01,-1.993545e+02
5.743500e+00,3.060547e+02
1.562760e+01,3.757457e+02
1.934370e+01,1.208164e+02
3.972300e+00,-4.092810e+01
2.269700e+01,4.806193e+02
1.080890e+01,4.925768e+02
2.271290e+01,3.815385e+02
2.042330e+01,8.055540e+02
2.406560e+01,5.661218e+02
2.235810e+01,5.959004e+02
1.337930e+01,1.849667e+02
8.595400e+00,-2.336110e+01
6.508100e+00,3.651029e+02
1.401140e+01,2.110176e+02
2.375540e+01,2.743062e+02
1.609230e+01,2.447413e+02
8.810900e+00,1.718584e+02
2.715900e+00,-9.026370e+01
1.807330e+01,2.447384e+02
1.457100e+01,1.838364e+02
1.006470e+01,1.003610e+02
8.677500e+00,-2.192315e+02
3.845300e+00,-9.434090e+01
1.461790e+01,1.502727e+02
1.288880e+01,3.710918e+02
2.311830e+01,6.778951e+02
1.145950e+01,3.086681e+02
1.721000e+01,2.679362e+02
1.537000e+00,2.178700e+00
2.269260e+01,2.971218e+02
1.516910e+01,3.589817e+02
8.674800e+00,3.865483e+02
1.054670e+01,3.098371e+02
2.447440e+01,-3.331150e+01
9.824000e+00,2.205663e+02
2.180700e+01,6.350682e+02
1.599300e+00,-3.358350e+01
1.418860e+01,3.424808e+02
1.893600e+01,4.624627e+02
3.298500e+00,3.738510e+01
7.832600e+00,-4.558560e+01
8.385500e+00,9.707080e+01
1.713290e+01,7.608310e+01
5.162600e+00,-3.261998e+02
1.363020e+01,-2.616870e+01
2.407300e+01,5.076828e+02
2.155690e+01,4.816367e+02
1.226700e+00,9.126210e+01
1.435950e+01,4.377090e+01
2.466950e+01,4.338401e+02
1.863240e+01,2.250068e+02
3.745100e+00,-1.698450e+01
7.682800e+00,5.112650e+01
1.013700e+00,-3.022420e+01
9.282300e+00,5.444404e+02
1.857980e+01,5.821539e+02
2.999500e+00,-4.584400e+01
1.788520e+01,2.670041e+02
7.516000e+00,-3.382100e+01
1.941770e+01,3.980150e+02
5.662700e+00,3.402214e+02
5.808700e+00,-2.934177e+02
7.718700e+00,-9.346130e+01
1.502380e+01,-3.438303e+02
1.565140e+01,5.565040e+01
1.813010e+01,2.008893e+02
1.189550e+01,2.779796e+02
2.729000e+00,-1.815820e+01
3.150400e+00,7.848800e+01
1.067500e+00,-1.229560e+02
1.997430e+01,1.324964e+02
1.253450e+01,4.281133e+02
7.020100e+00,2.209986e+02
4.661000e+00,-2.170525e+02
1.312630e+01,3.326980e+02
1.458910e+01,-2.270530e+01
5.322000e+00,9.924920e+01
2.109820e+01,2.270611e+02
2.159030e+01,3.850937e+02
2.093860e+01,5.228661e+02
2.208140e+01,7.012592e+02
2.134000e+00,-3.027405e+02
1.957910e+01,4.776338e+02
1.908960e+01,2.561654e+02
1.679610e+01,3.616937e+02
1.336400e+00,5.198003e+02
1.571650e+01,4.506075e+02
1.719850e+01,1.624683e+02
1.173990e+01,2.116690e+01
1.443060e+01,5.857130e+01
1.925700e+00,1.839234e+02
1.901500e+00,5.874520e+01
1.987690e+01,3.037691e+02
1.727180e+01,2.285483e+02
2.403560e+01,2.824269e+02
1.951480e+01,2.464771e+02
1.569570e+01,3.564523e+02
1.228810e+01,2.478305e+02
1.138570e+01,-9.882470e+01
1.733910e+01,3.445887e+02
2.866300e+00,2.406053e+02
2.262820e+01,5.083585e+02
9.658200e+00,3.312206e+02
6.277200e+00,3.262858e+02
1.272250e+01,1.765940e+02
1.860750e+01,1.697146e+02
2.154340e+01,4.754441e+02
1.535710e+01,2.087279e+02
2.877400e+00,6.580347e+02
1.134900e+01,2.640076e+02
4.070100e+00,-1.826487e+02
4.106600e+00,2.612487e+02
3.112800e+00,3.418140e+01
2.465800e+01,3.436681e+02
2.193640e+01,4.164555e+02
2.497290e+01,2.087032e+02
4.288400e+00,-5.844300e+01
3.591400e+00,-1.315771e+02
2.302380e+01,7.354158e+02
2.197640e+01,3.647641e+02
1.167630e+01,-1.544652e+02
2.357540e+01,3.342615e+02
