1.797940e+01,9.448000e-01
1.706540e+01,-5.809000e-01
8.228600e+00,8.857000e-01
9.558700e+00,6.372000e-01
2.090650e+01,1.291000e-01
9.898400e+00,-1.466000e-01
1.953500e+01,-2.415000e-01
1.531970e+01,8.287000e-01
1.727750e+01,-1.165000e-01
9.120300e+00,7.929000e-01
2.448460e+01,1.560300e+00
2.205610e+01,7.872000e-01
1.738290e+01,-4.002000e-01
8.111600e+00,1.578000e-01
1.974420e+01,-8.140000e-01
7.203100e+00,-1.291500e+00
1.885790e+01,9.053000e-01
1.812180e+01,6.172000e-01
2.283940e+01,-4.908000e-01
5.854700e+00,1.482400e+00
7.593800e+00,-4.766000e-01
8.486600e+00,7.950000e-01
1.106210e+01,3.050000e-02
1.106910e+01,-3.500000e-02
1.858430e+01,1.053600e+00
1.307440e+01,-4.910000e-02
1.978790e+01,-5.352000e-01
2.078240e+01,3.182000e-01
1.155380e+01,3.164000e-01
1.172830e+01,8.555000e-01
2.182970e+01,6.767000e-01
9.148400e+00,1.008100e+00
1.641740e+01,-1.287000e-01
2.485430e+01,1.109700e+00
2.299460e+01,-4.940000e-01
6.384600e+00,7.801000e-01
1.390790e+01,-6.159000e-01
1.149140e+01,2.100000e-01
1.848600e+01,1.470700e+00
2.432000e+01,1.718900e+00
2.033720e+01,-4.468000e-01
2.176890e+01,1.257300e+00
1.263420e+01,3.869000e-01
1.298580e+01,-4.573000e-01
1.346790e+01,-1.201600e+00
2.293870e+01,-2.580000e-02
2.039860e+01,-4.191000e-01
2.036020e+01,-1.753000e-01
1.810780e+01,6.805000e-01
1.119220e+01,-1.340000e-01
2.356360e+01,-8.720000e-02
1.718050e+01,-6.610000e-01
1.825550e+01,1.199600e+00
2.319390e+01,-8.466000e-01
1.190630e+01,1.523100e+00
5.142000e+00,7.950000e-02
6.855400e+00,-4.351000e-01
5.173700e+00,6.996000e-01
1.138000e+01,2.668000e-01
2.475910e+01,1.195300e+00
2.426650e+01,4.895000e-01
1.461660e+01,8.253000e-01
2.460280e+01,1.329200e+00
8.465800e+00,8.265000e-01
8.524600e+00,6.079000e-01
1.153110e+01,4.793000e-01
1.911820e+01,6.468000e-01
6.073700e+00,1.713900e+00
2.284410e+01,-9.403000e-01
1.011500e+01,-5.495000e-01
2.113120e+01,1.426900e+00
2.398200e+01,3.875000e-01
5.452600e+00,8.027000e-01
2.379180e+01,2.234000e-01
2.479260e+01,1.325100e+00
8.228000e+00,6.956000e-01
9.089200e+00,7.839000e-01
1.259920e+01,1.233600e+00
2.003340e+01,-4.232000e-01
2.430910e+01,9.642000e-01
1.341170e+01,-8.182000e-01
1.185850e+01,1.319100e+00
2.106020e+01,1.050000e+00
2.251570e+01,3.102000e-01
1.158950e+01,8.351000e-01
1.201540e+01,1.232600e+00
1.379670e+01,-8.980000e-01
1.782560e+01,3.709000e-01
1.710420e+01,-2.339000e-01
2.356670e+01,7.660000e-02
2.319930e+01,-7.794000e-01
2.067460e+01,2.727000e-01
2.427620e+01,6.524000e-01
1.917950e+01,-1.896000e-01
2.296530e+01,-6.431000e-01
1.144240e+01,4.994000e-01
2.194410e+01,8.740000e-02
2.146440e+01,1.346000e+00
1.165110e+01,7.453000e-01
2.192740e+01,8.388000e-01
1.104810e+01,-2.131000e-01
1.633520e+01,-2.046000e-01
6.411400e+00,7.660000e-01
1.458630e+01,3.090000e-01
2.087250e+01,1.130000e-01
1.957720e+01,-3.972000e-01
1.052780e+01,-4.583000e-01
6.709000e+00,-2.853000e-01
1.045320e+01,-6.161000e-01
1.003250e+01,-2.856000e-01
1.429190e+01,1.062000e-01
1.566250e+01,4.276000e-01
1.785040e+01,1.537000e-01
9.247400e+00,6.088000e-01
8.094000e+00,-2.141000e-01
2.454350e+01,1.053800e+00
2.069470e+01,4.067000e-01
1.409360e+01,-5.430000e-01
1.296590e+01,-3.467000e-01
2.421350e+01,1.236400e+00
1.855960e+01,1.129000e+00
1.063160e+01,-6.319000e-01
1.860260e+01,6.331000e-01
1.521480e+01,1.045100e+00
2.180140e+01,1.713100e+00
1.218100e+01,1.516100e+00
2.254420e+01,-6.650000e-02
2.054570e+01,-2.262000e-01
2.057620e+01,-3.304000e-01
2.362410e+01,-5.160000e-01
1.833080e+01,6.349000e-01
7.589600e+00,-8.892000e-01
6.505400e+00,-2.200000e-02
1.748700e+01,-7.748000e-01
1.788650e+01,1.019200e+00
6.424600e+00,2.423000e-01
1.554920e+01,1.287000e+00
1.734270e+01,1.420000e-01
1.096300e+01,6.100000e-02
1.426160e+01,-2.474000e-01
9.556400e+00,3.175000e-01
2.168170e+01,1.155500e+00
1.743230e+01,5.050000e-02
1.308990e+01,-4.497000e-01
1.461090e+01,6.847000e-01
1.995410e+01,-1.980000e-01
7.275800e+00,-4.814000e-01
9.197900e+00,6.971000e-01
5.277700e+00,5.191000e-01
2.369530e+01,5.990000e-02
9.545300e+00,4.006000e-01
9.416700e+00,7.853000e-01
2.457730e+01,1.364900e+00
1.484970e+01,5.456000e-01
1.405740e+01,-2.772000e-01
1.900890e+01,4.787000e-01
1.409680e+01,-1.596000e-01
1.424010e+01,-2.677000e-01
1.212010e+01,1.079300e+00
1.685960e+01,-1.553000e-01
1.722140e+01,1.204000e-01
5.893900e+00,1.469400e+00
1.677770e+01,-9.067000e-01
2.228850e+01,2.352000e-01
2.149260e+01,7.196000e-01
8.570300e+00,1.182000e-01
2.383910e+01,7.460000e-02
5.870200e+00,7.530000e-01
8.922700e+00,1.384900e+00
2.368310e+01,-8.960000e-02
1.615150e+01,-1.610000e-01
1.695660e+01,-6.160000e-01
1.533630e+01,1.382900e+00
1.282720e+01,5.644000e-01
1.731360e+01,-4.574000e-01
9.576500e+00,5.631000e-01
1.771860e+01,4.180000e-02
7.245300e+00,-8.807000e-01
6.431200e+00,1.204800e+00
2.406000e+01,3.660000e-01
8.603200e+00,1.131900e+00
1.541600e+01,7.813000e-01
2.098680e+01,1.146600e+00
1.453110e+01,9.813000e-01
1.670090e+01,-1.115500e+00
1.751260e+01,2.746000e-01
1.807460e+01,8.414000e-01
1.847100e+01,1.187400e+00
7.506900e+00,-8.250000e-01
1.580250e+01,5.159000e-01
1.878240e+01,1.156200e+00
2.217100e+01,4.513000e-01
1.009370e+01,-4.608000e-01
1.067160e+01,1.990000e-02
2.197910e+01,8.064000e-01
6.100900e+00,1.149800e+00
1.838810e+01,3.977000e-01
1.466450e+01,1.057800e+00
1.162310e+01,6.032000e-01
1.594170e+01,1.720000e-01
