9.211400e+00,5.358220e+01
2.314050e+01,1.576783e+02
9.960500e+00,4.233980e+01
8.130300e+00,9.311640e+01
2.497330e+01,8.308050e+01
1.980390e+01,4.432020e+01
9.380500e+00,2.428700e+00
7.804500e+00,7.045170e+01
1.436960e+01,-2.058000e+00
1.195420e+01,4.550380e+01
9.222300e+00,7.861470e+01
7.978200e+00,1.563180e+01
1.385670e+01,1.144327e+02
1.502710e+01,5.298690e+01
1.693570e+01,1.024859e+02
1.579730e+01,5.705520e+01
1.855460e+01,4.213150e+01
7.200900e+00,1.302020e+01
1.201170e+01,1.271870e+01
7.974900e+00,8.454160e+01
2.326970e+01,6.588890e+01
9.450900e+00,-9.411900e+00
1.886760e+01,1.223850e+02
1.353590e+01,1.435536e+02
1.093980e+01,4.463910e+01
6.386200e+00,-4.106200e+00
1.035310e+01,3.433180e+01
2.404340e+01,1.091723e+02
1.426960e+01,2.830330e+01
1.864630e+01,8.606130e+01
9.917300e+00,2.612150e+01
5.878300e+00,2.199100e+00
1.354830e+01,6.803040e+01
1.636750e+01,6.411430e+01
1.267620e+01,5.745340e+01
2.060230e+01,5.480270e+01
1.518130e+01,-4.729360e+01
1.023190e+01,-7.322690e+01
1.763360e+01,2.904500e+00
1.810290e+01,2.660940e+01
1.746340e+01,8.697110e+01
2.112680e+01,6.655500e+01
6.666700e+00,1.549650e+01
1.265900e+01,4.173350e+01
1.260850e+01,6.881880e+01
1.876270e+01,-2.667230e+01
2.309130e+01,6.406470e+01
7.553700e+00,3.394280e+01
9.028100e+00,1.298940e+01
1.977720e+01,1.228461e+02
6.937700e+00,-4.589790e+01
2.082550e+01,7.237920e+01
2.386790e+01,8.364970e+01
1.752830e+01,9.651450e+01
1.182160e+01,6.344460e+01
2.287700e+01,6.360610e+01
2.261740e+01,9.157640e+01
2.426490e+01,4.570660e+01
9.117200e+00,-2.354270e+01
1.189050e+01,3.002510e+01
9.536300e+00,-4.932470e+01
1.810910e+01,2.588090e+01
1.599070e+01,3.553190e+01
1.034650e+01,-3.627430e+01
1.067690e+01,5.159590e+01
2.481790e+01,1.611345e+02
2.297860e+01,9.484580e+01
7.418800e+00,-2.912130e+01
1.550960e+01,5.216720e+01
2.223120e+01,6.034140e+01
7.328100e+00,1.210740e+01
8.459600e+00,6.977010e+01
6.959700e+00,-2.184520e+01
1.704830e+01,8.132520e+01
2.324850e+01,6.321050e+01
1.953260e+01,9.815200e+01
1.703930e+01,3.379730e+01
1.755810e+01,3.706170e+01
1.571670e+01,7.753540e+01
1.065060e+01,3.925740e+01
7.563400e+00,1.822400e+01
1.884020e+01,1.144408e+02
2.066480e+01,1.214574e+02
1.902350e+01,-2.417440e+01
1.262160e+01,-1.079120e+01
1.962700e+01,9.402340e+01
1.897880e+01,3.254750e+01
7.903500e+00,1.005028e+02
1.622090e+01,-2.015820e+01
5.372700e+00,-1.694460e+01
1.910250e+01,5.309650e+01
1.077800e+01,3.861370e+01
1.101170e+01,7.512090e+01
2.251020e+01,8.910040e+01
7.906100e+00,3.104930e+01
1.465970e+01,-3.960100e+00
2.260120e+01,5.902860e+01
1.827940e+01,5.878410e+01
5.912700e+00,8.662990e+01
1.835590e+01,1.082284e+02
2.276110e+01,9.599050e+01
1.344900e+01,2.524500e+01
1.686050e+01,-1.412700e+00
1.167110e+01,8.100110e+01
2.357840e+01,1.604648e+02
1.239120e+01,-4.918700e+00
6.467300e+00,-3.852140e+01
2.156480e+01,4.251090e+01
2.060510e+01,7.507500e+01
2.092280e+01,9.088360e+01
2.196170e+01,1.146421e+02
1.584620e+01,8.468270e+01
1.964070e+01,8.129300e+01
1.543900e+01,5.915100e+00
1.850380e+01,3.164900e+00
7.667000e+00,1.045946e+02
2.108040e+01,2.383730e+01
2.022310e+01,5.459450e+01
2.147260e+01,8.527720e+01
7.994800e+00,1.000338e+02
1.364690e+01,3.086280e+01
1.868510e+01,5.171060e+01
1.923750e+01,3.471950e+01
1.278850e+01,5.014070e+01
1.450060e+01,6.229590e+01
5.462100e+00,5.873670e+01
1.814660e+01,3.995130e+01
1.807110e+01,9.738390e+01
1.302260e+01,3.452220e+01
1.322760e+01,9.379220e+01
2.166120e+01,6.078240e+01
1.334960e+01,1.864160e+01
1.750300e+01,6.568800e+01
1.292020e+01,8.360000e+00
1.347970e+01,9.965290e+01
1.006740e+01,-4.304060e+01
9.618900e+00,1.702080e+01
2.197460e+01,1.346993e+02
1.413750e+01,6.931860e+01
1.984390e+01,6.663380e+01
7.432400e+00,-3.558710e+01
1.062280e+01,5.956170e+01
6.022700e+00,8.150410e+01
2.280660e+01,3.036450e+01
2.309040e+01,7.959360e+01
2.010850e+01,6.938260e+01
2.488760e+01,4.570840e+01
6.628700e+00,-6.447610e+01
1.703770e+01,1.311128e+02
1.000840e+01,-2.250500e+01
1.771210e+01,3.909260e+01
1.401970e+01,-5.009720e+01
2.302100e+01,1.384046e+02
2.251960e+01,5.291270e+01
1.611970e+01,-6.107000e+01
2.441250e+01,1.456485e+02
2.420490e+01,1.139448e+02
2.412900e+01,1.411660e+02
6.138900e+00,-2.896030e+01
1.233040e+01,1.014309e+02
2.232220e+01,1.962787e+02
2.267710e+01,1.152900e+02
1.444200e+01,5.408940e+01
2.449220e+01,1.015863e+02
5.628900e+00,1.961680e+01
5.358200e+00,4.506410e+01
1.512090e+01,-5.005500e+01
1.806090e+01,7.515060e+01
1.339090e+01,8.893440e+01
1.011740e+01,-2.210270e+01
1.157140e+01,-5.883020e+01
5.717000e+00,-5.128130e+01
2.366000e+01,3.221300e+00
1.731650e+01,7.843300e+00
1.944230e+01,2.455910e+01
1.431360e+01,2.432020e+01
8.173600e+00,-3.272300e+00
1.434000e+01,1.239935e+02
7.442900e+00,-4.740350e+01
2.296530e+01,1.019938e+02
8.019600e+00,7.895100e+01
7.108200e+00,2.307700e+01
2.369890e+01,1.149528e+02
2.391150e+01,5.960580e+01
1.134970e+01,1.291668e+02
1.555110e+01,3.530610e+01
1.678910e+01,1.367656e+02
1.398320e+01,5.302780e+01
2.161290e+01,4.198720e+01
1.246470e+01,-1.262040e+01
1.194370e+01,4.052590e+01
6.672500e+00,-8.566710e+01
1.886780e+01,1.115173e+02
6.035200e+00,4.010550e+01
1.635030e+01,-3.415080e+01
2.222910e+01,8.951180e+01
1.593960e+01,6.360600e+01
2.378690e+01,4.979570e+01
2.005120e+01,1.027646e+02
1.203400e+01,7.959030e+01
