1.146910e+01,-1.355100e+00
5.552700e+00,2.343200e+00
1.029100e+00,1.823000e+00
1.831420e+01,5.477500e+00
1.887900e+01,4.300100e+00
6.882700e+00,-1.148600e+00
2.463900e+00,3.641100e+00
3.256200e+00,5.921000e+00
7.397700e+00,1.867900e+00
1.086880e+01,1.352900e+00
1.327920e+01,1.900000e-01
3.404800e+00,-9.610000e-01
2.790000e+00,2.975800e+00
7.443700e+00,4.646100e+00
1.277230e+01,1.017400e+00
9.460900e+00,6.383700e+00
2.126700e+00,-1.486200e+00
4.394900e+00,4.526700e+00
1.450880e+01,6.611200e+00
1.541990e+01,5.611000e-01
1.574800e+00,-1.216000e-01
9.080500e+00,2.231500e+00
1.886100e+01,3.875700e+00
6.584200e+00,3.547400e+00
1.153320e+01,4.108700e+00
1.236200e+01,3.071700e+00
8.012500e+00,3.119000e+00
1.390200e+01,2.813400e+00
1.082050e+01,1.439700e+00
9.056700e+00,6.320900e+00
7.631200e+00,5.013100e+00
8.661300e+00,2.651000e-01
1.248230e+01,6.430700e+00
1.928640e+01,4.272200e+00
1.105800e+00,4.484800e+00
8.676900e+00,1.436000e-01
3.791600e+00,6.164000e-01
1.882740e+01,6.090100e+00
7.313700e+00,2.703000e+00
8.834000e+00,9.270000e-02
1.031080e+01,4.654200e+00
1.490270e+01,4.597400e+00
1.674900e+01,7.830400e+00
1.532870e+01,3.405100e+00
1.426430e+01,8.970000e-01
1.581690e+01,2.054300e+00
1.220260e+01,4.285400e+00
1.374790e+01,2.318600e+00
1.218040e+01,6.268700e+00
9.108600e+00,4.631600e+00
1.086900e+00,2.548500e+00
9.615800e+00,-1.183600e+00
6.749100e+00,1.395500e+00
1.890690e+01,-1.808000e-01
1.479000e+00,-2.831900e+00
8.285500e+00,-2.184800e+00
1.454090e+01,6.897000e-01
5.550400e+00,-1.070000e+00
6.691400e+00,-1.459300e+00
7.665400e+00,6.970900e+00
1.542220e+01,2.389400e+00
9.155600e+00,4.577600e+00
9.356900e+00,2.401800e+00
1.138110e+01,3.276700e+00
6.506400e+00,2.043200e+00
5.873300e+00,2.111600e+00
1.726820e+01,3.556100e+00
8.895200e+00,3.574900e+00
1.740280e+01,3.777900e+00
5.695300e+00,-7.813000e-01
9.192500e+00,-1.274000e-01
1.410950e+01,5.141600e+00
1.427010e+01,5.882000e+00
1.660050e+01,1.991200e+00
3.268700e+00,3.173400e+00
8.584300e+00,-4.030200e+00
6.004300e+00,6.334100e+00
1.020400e+00,5.842800e+00
1.415710e+01,2.299500e+00
6.261400e+00,4.446700e+00
1.352110e+01,5.349100e+00
1.864810e+01,2.467400e+00
4.690500e+00,-2.657600e+00
4.320400e+00,3.286100e+00
1.785190e+01,3.538300e+00
8.545400e+00,2.118900e+00
4.720400e+00,1.309200e+00
1.415720e+01,5.430300e+00
8.281700e+00,3.428800e+00
3.722100e+00,4.829700e+00
1.381510e+01,1.105800e+00
1.810600e+01,3.998300e+00
1.599870e+01,7.273600e+00
1.576630e+01,-1.125000e-01
4.133900e+00,4.886400e+00
1.002940e+01,-6.214000e-01
7.208000e+00,-1.638200e+00
9.406200e+00,4.144000e-01
1.151600e+00,2.414200e+00
1.995310e+01,5.541000e-01
4.795400e+00,4.721800e+00
6.941900e+00,6.731000e-01
6.488900e+00,-2.121300e+00
1.730160e+01,4.367700e+00
1.749700e+00,8.737000e-01
1.293920e+01,4.235800e+00
1.813490e+01,-1.134000e-01
1.353680e+01,4.966500e+00
3.163000e+00,3.169300e+00
1.794270e+01,6.272200e+00
1.280330e+01,6.910000e-01
6.235600e+00,2.018400e+00
1.473400e+00,7.900000e-02
1.709750e+01,4.825700e+00
1.177100e+00,-2.079600e+00
6.714900e+00,1.860200e+00
2.797900e+00,2.329400e+00
9.371100e+00,3.471200e+00
7.580400e+00,6.659300e+00
2.854500e+00,2.615700e+00
1.206490e+01,3.659500e+00
1.552740e+01,4.296600e+00
1.975260e+01,8.334300e+00
1.387260e+01,3.309000e-01
1.139690e+01,4.949700e+00
1.377790e+01,3.042200e+00
1.187740e+01,7.835800e+00
7.205000e+00,6.403000e-01
7.197400e+00,1.568200e+00
1.697820e+01,1.059500e+00
1.292180e+01,1.031560e+01
1.457050e+01,4.779300e+00
1.425800e+00,-4.127000e-01
9.205800e+00,3.118800e+00
9.668900e+00,9.281000e-01
1.742240e+01,1.928200e+00
1.000200e+01,5.603200e+00
1.256720e+01,-1.103300e+00
2.809300e+00,1.345100e+00
1.168600e+01,1.428100e+00
8.757200e+00,1.859500e+00
1.814220e+01,5.645400e+00
1.697300e+01,3.557600e+00
2.098700e+00,3.203200e+00
1.687180e+01,4.708300e+00
1.571630e+01,9.411000e-01
7.347300e+00,-4.700000e-01
1.537550e+01,3.770400e+00
1.742150e+01,6.764700e+00
1.681830e+01,7.828000e-01
1.183980e+01,2.923600e+00
5.542200e+00,-1.114500e+00
3.641600e+00,-6.009000e-01
3.300000e+00,5.207800e+00
2.040200e+00,1.156700e+00
1.382000e+00,8.413000e-01
2.017800e+00,-1.129100e+00
1.203950e+01,-2.580400e+00
2.147800e+00,6.576000e-01
5.711800e+00,5.559400e+00
1.512110e+01,6.774800e+00
1.218900e+01,6.362700e+00
8.650300e+00,-4.344000e-01
9.919800e+00,5.368400e+00
1.624880e+01,8.895100e+00
2.061000e+00,1.495800e+00
2.238900e+00,3.472600e+00
3.073800e+00,4.124000e-01
4.356000e+00,3.146300e+00
1.743640e+01,1.165650e+01
5.816800e+00,6.456000e-01
1.829330e+01,3.480100e+00
1.401790e+01,4.325500e+00
1.813190e+01,4.555200e+00
2.665000e+00,3.692100e+00
1.091200e+00,3.316400e+00
3.390500e+00,4.821700e+00
1.054340e+01,2.699200e+00
1.420420e+01,3.139200e+00
1.432420e+01,-1.850000e-01
6.588900e+00,3.816500e+00
3.285900e+00,8.984000e-01
1.168560e+01,5.740800e+00
7.574000e+00,3.740000e-01
1.676100e+01,1.428000e+00
1.864410e+01,5.574100e+00
3.554600e+00,-4.450800e+00
1.070160e+01,3.009000e+00
3.739400e+00,-2.144500e+00
6.339500e+00,-1.621000e-01
7.842900e+00,1.391100e+00
4.607000e+00,5.367100e+00
1.336800e+00,4.244800e+00
1.401170e+01,6.400000e-02
1.099090e+01,4.577600e+00
1.602160e+01,-1.780400e+00
1.239910e+01,5.200300e+00
1.095870e+01,2.179400e+00
1.977740e+01,3.018000e+00
6.027300e+00,-7.294000e-01
