1.452890e+01,8.459000e-01
8.639300e+00,5.523000e-01
9.424700e+00,9.512000e-01
6.557000e+00,1.013100e+00
1.118640e+01,-8.021000e-01
1.079310e+01,1.412000e-01
1.562560e+01,1.823500e+00
1.216100e+01,1.282300e+00
1.843690e+01,8.456000e-01
1.703330e+01,-6.590000e-02
1.938480e+01,1.909200e+00
1.841930e+01,3.743000e-01
1.997160e+01,5.996000e-01
1.816070e+01,-1.667000e-01
6.535600e+00,1.843800e+00
1.544670e+01,-1.959000e-01
9.098500e+00,1.249000e-01
1.256620e+01,1.105000e+00
1.168560e+01,1.247300e+00
1.732190e+01,6.129000e-01
1.607960e+01,-1.089600e+00
1.594870e+01,3.973000e-01
1.935010e+01,-3.374000e-01
9.306600e+00,-7.243000e-01
1.383530e+01,3.673800e+00
1.070460e+01,-1.331600e+00
1.097240e+01,-2.310000e-02
1.105060e+01,-6.630000e-02
9.851300e+00,1.841000e-01
1.488270e+01,4.586000e-01
1.167380e+01,-1.499000e-01
1.328470e+01,3.344900e+00
1.282200e+01,1.042000e-01
1.222380e+01,8.070000e-02
7.366000e+00,4.503000e-01
1.952040e+01,1.465000e+00
6.032900e+00,5.059000e-01
1.070620e+01,1.886000e+00
1.787790e+01,1.488500e+00
1.103370e+01,1.062800e+00
1.097570e+01,6.089000e-01
1.446490e+01,1.809400e+00
1.968580e+01,1.562700e+00
9.918000e+00,-2.251000e-01
6.790700e+00,2.459500e+00
1.776550e+01,1.714800e+00
1.731040e+01,1.814100e+00
1.663220e+01,3.205000e-01
1.152620e+01,-8.257000e-01
1.972830e+01,2.467600e+00
1.680690e+01,-1.087500e+00
1.740560e+01,6.420000e-02
6.628400e+00,1.124700e+00
1.905660e+01,1.292300e+00
1.270430e+01,1.346900e+00
8.965100e+00,6.851000e-01
1.984130e+01,1.782400e+00
8.140400e+00,1.537900e+00
1.382230e+01,2.884400e+00
5.318000e+00,7.257000e-01
6.271900e+00,4.170000e-01
1.948930e+01,1.424600e+00
6.792500e+00,6.365000e-01
9.457600e+00,6.678000e-01
1.160640e+01,2.816000e-01
1.899350e+01,2.315600e+00
1.022960e+01,8.484000e-01
7.760200e+00,2.417400e+00
1.173000e+01,4.938000e-01
6.296900e+00,1.063100e+00
7.355000e+00,2.160900e+00
5.184000e+00,8.574000e-01
7.372300e+00,1.941500e+00
1.113050e+01,4.356000e-01
6.054200e+00,2.020200e+00
7.376700e+00,1.106600e+00
7.336000e+00,2.294400e+00
7.648700e+00,4.831000e-01
1.685600e+01,-6.792000e-01
1.557090e+01,5.740000e-02
5.774000e+00,1.333600e+00
7.046400e+00,1.077600e+00
1.026320e+01,3.948000e-01
1.519600e+01,-3.466000e-01
1.866770e+01,1.791700e+00
1.239170e+01,2.623500e+00
7.881900e+00,2.079800e+00
1.641300e+01,1.231700e+00
1.297440e+01,-1.655000e-01
6.582600e+00,6.449000e-01
8.277500e+00,-1.082300e+00
1.486070e+01,1.886000e-01
9.778500e+00,1.252000e-01
1.790890e+01,1.562500e+00
1.472360e+01,8.490000e-02
6.003600e+00,6.314000e-01
5.335300e+00,2.091300e+00
1.519700e+01,9.394000e-01
1.976370e+01,9.487000e-01
1.745030e+01,1.523500e+00
5.304600e+00,-5.644000e-01
1.381420e+01,1.022000e+00
5.033800e+00,-4.735000e-01
1.684550e+01,-6.050000e-02
1.998910e+01,2.055500e+00
1.934100e+01,1.516100e+00
8.079800e+00,-1.517000e-01
8.056600e+00,1.043700e+00
1.964140e+01,2.533300e+00
1.986090e+01,1.896500e+00
1.152930e+01,-4.750000e-01
1.700180e+01,-1.238000e-01
1.638810e+01,1.456800e+00
1.851080e+01,1.987400e+00
5.592200e+00,1.237700e+00
7.487100e+00,1.205700e+00
1.793320e+01,6.410000e-02
1.816850e+01,2.291000e+00
1.121210e+01,-1.624000e-01
6.301700e+00,2.561900e+00
1.293730e+01,2.648800e+00
7.287400e+00,1.676900e+00
1.225800e+01,1.119300e+00
1.822540e+01,1.355800e+00
8.021100e+00,1.483500e+00
1.588880e+01,-9.414000e-01
1.199070e+01,-6.753000e-01
1.588890e+01,-2.068000e-01
8.355400e+00,2.407000e+00
1.346570e+01,6.871000e-01
1.170710e+01,1.335000e+00
8.486200e+00,4.302000e-01
1.088680e+01,7.422000e-01
1.633190e+01,-8.867000e-01
1.121950e+01,-8.539000e-01
1.201040e+01,-6.077000e-01
6.738500e+00,9.801000e-01
1.500810e+01,1.025000e+00
1.983410e+01,2.741600e+00
1.677410e+01,1.394400e+00
1.351130e+01,1.140000e+00
1.905660e+01,2.119700e+00
8.527500e+00,8.940000e-02
1.103950e+01,1.069500e+00
1.146450e+01,4.310000e-01
1.089890e+01,-9.639000e-01
1.628620e+01,-8.924000e-01
1.923520e+01,7.396000e-01
8.538600e+00,-4.414000e-01
1.992980e+01,2.839500e+00
9.925300e+00,4.577000e-01
8.254300e+00,1.853800e+00
8.186900e+00,2.105600e+00
1.082530e+01,-1.103000e-01
1.431310e+01,-2.116000e-01
1.894470e+01,2.657600e+00
1.649670e+01,8.691000e-01
1.164060e+01,-3.793000e-01
1.833190e+01,1.875100e+00
1.199330e+01,-6.371000e-01
6.375100e+00,1.025700e+00
1.956940e+01,2.393500e+00
5.418800e+00,1.992600e+00
5.956100e+00,7.900000e-03
1.200220e+01,1.536600e+00
1.816920e+01,3.765000e-01
1.657260e+01,3.499000e-01
1.259570e+01,6.527000e-01
1.772690e+01,6.295000e-01
1.793580e+01,3.048600e+00
5.829200e+00,-3.201000e-01
7.093400e+00,-1.167700e+00
1.583820e+01,-3.590000e-02
1.932160e+01,2.248000e+00
1.122490e+01,-6.407000e-01
1.318310e+01,2.750000e-02
6.315600e+00,2.164900e+00
8.888400e+00,-3.338000e-01
8.851100e+00,1.116000e+00
1.906500e+01,6.474000e-01
7.702000e+00,1.335800e+00
1.252550e+01,4.999000e-01
1.730030e+01,-4.346000e-01
8.587500e+00,6.748000e-01
7.528000e+00,-7.150000e-02
1.757810e+01,5.923000e-01
1.590390e+01,3.270000e-01
1.785730e+01,2.045600e+00
1.569040e+01,-1.540000e-01
1.154570e+01,-8.022000e-01
6.696700e+00,2.719400e+00
1.081720e+01,1.274500e+00
7.646800e+00,2.244600e+00
5.117600e+00,-1.018000e-01
8.792200e+00,6.222000e-01
1.513900e+01,-1.392000e-01
1.217560e+01,1.026200e+00
1.854810e+01,1.153000e+00
6.153100e+00,2.513000e+00
1.131720e+01,7.682000e-01
