8.866400e+00,-1.291600e+00
1.968850e+01,1.867500e+00
1.867030e+01,1.164300e+00
9.457700e+00,-2.950000e-02
1.043250e+01,1.467100e+00
5.832900e+00,1.900400e+00
9.338200e+00,-8.970000e-01
1.026380e+01,8.719000e-01
1.782890e+01,3.115300e+00
1.630210e+01,1.035300e+00
1.354950e+01,-1.528000e-01
1.140550e+01,1.378200e+00
1.578360e+01,-2.535000e-01
7.148300e+00,-4.890000e-02
1.766720e+01,3.060500e+00
1.758060e+01,2.905200e+00
1.451520e+01,-1.673300e+00
1.229330e+01,3.291200e+00
9.077800e+00,-9.580000e-02
7.221700e+00,-1.570700e+00
1.660340e+01,6.408000e-01
5.145100e+00,3.381600e+00
9.392600e+00,8.417000e-01
5.888100e+00,1.612800e+00
9.224600e+00,-5.732000e-01
1.126240e+01,3.236300e+00
7.291100e+00,-5.700000e-02
1.112240e+01,3.207300e+00
6.614500e+00,3.743000e-01
7.940400e+00,-8.241000e-01
1.960370e+01,3.054000e-01
1.647720e+01,1.680000e-01
1.358660e+01,1.689800e+00
1.074420e+01,3.640700e+00
1.834590e+01,3.095300e+00
6.748100e+00,8.276000e-01
7.471100e+00,-4.352000e-01
1.835100e+01,1.883200e+00
6.022300e+00,9.703000e-01
7.902600e+00,-1.385800e+00
7.422800e+00,1.438700e+00
1.554960e+01,-6.178000e-01
1.450420e+01,-4.149700e+00
7.898400e+00,1.786000e-01
1.584140e+01,1.109200e+00
1.377610e+01,-7.731000e-01
1.897960e+01,2.210500e+00
1.881520e+01,3.165800e+00
1.466150e+01,7.057000e-01
5.680400e+00,7.973000e-01
1.630020e+01,1.638500e+00
1.419170e+01,-2.832900e+00
1.640940e+01,7.597000e-01
5.922000e+00,1.761500e+00
1.471780e+01,-1.482800e+00
1.349880e+01,-6.978000e-01
1.232490e+01,1.106200e+00
1.669220e+01,-5.761000e-01
9.169300e+00,4.259000e-01
1.909790e+01,2.096900e+00
1.324880e+01,2.663000e-01
5.388500e+00,1.041500e+00
1.985940e+01,1.764000e+00
1.961290e+01,-3.782000e-01
1.563610e+01,1.619100e+00
1.411810e+01,8.102000e-01
1.669000e+01,1.323000e+00
8.400300e+00,-2.212800e+00
1.416220e+01,1.099600e+00
1.688360e+01,1.704300e+00
1.792320e+01,3.789600e+00
5.750300e+00,-9.544000e-01
1.288190e+01,1.229000e+00
1.787770e+01,2.733500e+00
1.092100e+01,1.949800e+00
7.229700e+00,-2.074100e+00
1.025700e+01,3.020900e+00
7.075700e+00,1.358000e-01
1.259060e+01,1.414800e+00
1.167300e+01,5.176000e+00
1.910500e+01,6.213000e-01
1.797940e+01,1.750900e+00
1.968980e+01,-6.468000e-01
1.202240e+01,4.078500e+00
1.362130e+01,-1.429100e+00
1.737440e+01,3.333600e+00
9.858000e+00,1.956100e+00
9.328500e+00,-5.671000e-01
9.220100e+00,6.924000e-01
1.114570e+01,3.830300e+00
1.024610e+01,2.681300e+00
1.724360e+01,3.987300e+00
9.099800e+00,2.106000e-01
1.867920e+01,2.493100e+00
8.132100e+00,1.019000e-01
1.025760e+01,1.083600e+00
7.819500e+00,-1.179200e+00
1.881640e+01,1.663200e+00
1.205110e+01,2.107300e+00
1.906100e+01,6.980000e-02
8.431800e+00,-1.923900e+00
1.784880e+01,3.213000e+00
1.536340e+01,-2.356000e-01
1.034550e+01,3.188000e+00
1.068310e+01,1.899800e+00
1.691580e+01,4.033000e-01
1.340840e+01,7.276000e-01
6.968100e+00,1.305900e+00
6.838700e+00,1.562000e+00
1.003120e+01,-6.605000e-01
1.340900e+01,7.950000e-01
7.359500e+00,2.895000e-01
1.236290e+01,1.363100e+00
5.372700e+00,3.397500e+00
1.582740e+01,6.926000e-01
1.158740e+01,1.866000e+00
1.741930e+01,4.276000e-01
7.898600e+00,-1.775500e+00
1.018670e+01,6.990000e-02
1.398580e+01,4.683000e-01
1.260280e+01,2.868400e+00
8.071400e+00,-1.408900e+00
8.673800e+00,-3.330700e+00
7.661400e+00,-2.332000e-01
1.181990e+01,2.546100e+00
1.000030e+01,1.444000e-01
1.938790e+01,4.176000e-01
1.203330e+01,2.756500e+00
1.253600e+01,3.167800e+00
6.756800e+00,2.780600e+00
1.579490e+01,5.529000e-01
1.217540e+01,2.878400e+00
7.617400e+00,-2.376800e+00
1.219820e+01,4.510000e-02
1.568220e+01,1.725100e+00
1.981820e+01,4.105000e-01
1.323530e+01,1.166900e+00
7.378000e+00,-3.426000e-01
5.621600e+00,3.024100e+00
1.374310e+01,1.014000e-01
5.159000e+00,2.648100e+00
5.217800e+00,3.378100e+00
1.213030e+01,3.336700e+00
1.587200e+01,-7.281000e-01
1.879900e+01,2.119900e+00
6.035000e+00,7.505000e-01
1.209270e+01,2.282800e+00
5.259300e+00,9.162000e-01
1.777500e+01,1.654600e+00
1.763360e+01,2.423000e+00
1.537070e+01,-1.723900e+00
5.806700e+00,3.006400e+00
7.728500e+00,4.376000e-01
6.659000e+00,2.765700e+00
1.645840e+01,-2.439000e-01
1.250120e+01,1.899400e+00
1.381150e+01,6.627000e-01
1.277370e+01,2.152600e+00
1.520560e+01,-1.625200e+00
1.873290e+01,1.087600e+00
9.679700e+00,2.499000e-01
1.876880e+01,2.807700e+00
1.521740e+01,-1.765900e+00
9.586100e+00,5.843000e-01
5.138300e+00,2.609000e+00
6.572900e+00,-7.520000e-02
6.303700e+00,2.716900e+00
1.577240e+01,-1.710600e+00
1.941800e+01,1.599300e+00
1.850870e+01,2.388300e+00
1.978390e+01,-2.603200e+00
9.659400e+00,1.616100e+00
1.779040e+01,2.001100e+00
1.748840e+01,2.946000e+00
6.538200e+00,6.201000e-01
1.021780e+01,2.657200e+00
1.004150e+01,1.931400e+00
1.965440e+01,8.660000e-01
9.053000e+00,-2.359000e-01
1.681700e+01,2.270800e+00
1.557670e+01,-1.618500e+00
8.110700e+00,-5.840000e-02
1.304400e+01,5.556000e-01
1.597950e+01,4.331000e-01
1.510280e+01,-1.591800e+00
7.904400e+00,2.045600e+00
1.435900e+01,2.082200e+00
1.856170e+01,3.294200e+00
8.203700e+00,2.175000e-01
1.047640e+01,1.513000e-01
1.990230e+01,3.119000e-01
1.655080e+01,2.631700e+00
9.779900e+00,-2.877000e-01
6.161100e+00,1.704600e+00
1.094500e+01,1.525200e+00
1.009770e+01,6.320000e-01
1.904020e+01,1.818600e+00
1.151150e+01,1.580400e+00
1.825100e+01,3.748200e+00
1.150410e+01,1.155900e+00
