1.657050e+01,5.660000e-02
2.466700e+00,1.136000e-01
1.170190e+01,4.046500e+00
2.426330e+01,2.441400e+00
1.718980e+01,2.307500e+00
2.222950e+01,5.245900e+00
9.189900e+00,9.366000e-01
9.583900e+00,1.815000e+00
1.674240e+01,6.755000e-01
1.795120e+01,9.789000e-01
4.362100e+00,-7.090000e-02
1.573130e+01,2.590000e-01
1.773580e+01,2.327600e+00
2.409440e+01,3.908200e+00
1.043900e+00,5.341000e-01
1.087410e+01,-1.921300e+00
7.401400e+00,-8.607000e-01
5.111200e+00,4.028900e+00
1.477960e+01,-1.471200e+00
1.920010e+01,1.932900e+00
1.633680e+01,2.122100e+00
1.936770e+01,3.223900e+00
3.353300e+00,3.143100e+00
1.197230e+01,4.112200e+00
1.139880e+01,7.115500e+00
3.555600e+00,-1.687900e+00
5.916700e+00,3.016800e+00
2.302330e+01,2.399900e+00
9.717900e+00,4.850500e+00
4.313700e+00,5.674000e+00
1.618600e+01,2.997600e+00
1.068980e+01,-1.443800e+00
1.518070e+01,2.560300e+00
2.026300e+00,-1.264300e+00
1.177490e+01,5.809400e+00
1.517850e+01,6.318000e-01
1.705270e+01,3.921300e+00
1.768010e+01,-1.262700e+00
5.404700e+00,4.711300e+00
1.818200e+00,8.691000e-01
2.019630e+01,-2.143900e+00
1.148100e+01,4.694000e-01
9.610600e+00,1.509600e+00
1.953220e+01,2.135600e+00
2.335220e+01,1.069000e+00
2.408700e+01,1.779200e+00
1.142070e+01,4.952000e+00
1.500680e+01,2.460400e+00
7.790100e+00,1.320700e+00
1.971990e+01,2.675000e-01
2.537600e+00,3.833000e-01
9.798900e+00,2.186700e+00
2.160200e+01,5.410000e+00
4.751300e+00,-1.379800e+00
1.381060e+01,2.233400e+00
3.356200e+00,9.000000e-01
8.241700e+00,1.842100e+00
7.302600e+00,2.122200e+00
1.433630e+01,3.658100e+00
9.357500e+00,9.734000e-01
2.353870e+01,3.497200e+00
3.495900e+00,1.214300e+00
2.187540e+01,2.106800e+00
1.037920e+01,2.940900e+00
9.624300e+00,-2.123400e+00
2.290760e+01,1.873000e-01
2.025440e+01,8.258300e+00
3.822200e+00,-3.890000e-02
1.196040e+01,-1.470000e-01
2.288710e+01,1.480900e+00
8.441600e+00,3.770000e+00
2.319830e+01,1.613800e+00
2.160330e+01,2.418800e+00
1.965550e+01,-1.285300e+00
2.276830e+01,4.344000e+00
3.385000e+00,-1.535000e+00
1.150850e+01,4.843600e+00
3.980500e+00,1.861900e+00
1.256880e+01,4.347100e+00
1.179440e+01,1.375600e+00
1.042740e+01,2.374000e-01
9.038100e+00,-6.994000e-01
2.468940e+01,1.979400e+00
1.868580e+01,5.909800e+00
1.169470e+01,-8.334000e-01
1.999940e+01,2.218000e+00
1.138990e+01,2.202700e+00
2.228680e+01,3.557300e+00
1.491310e+01,6.308500e+00
6.551100e+00,4.037000e+00
1.486160e+01,1.219400e+00
2.173020e+01,2.472600e+00
1.736220e+01,4.416500e+00
1.655970e+01,6.997700e+00
8.091200e+00,-2.093600e+00
2.309900e+00,1.045300e+00
1.881650e+01,2.474200e+00
1.020620e+01,3.476600e+00
1.293110e+01,6.271500e+00
1.015380e+01,-1.287000e-01
1.708350e+01,3.330000e-01
1.300950e+01,3.305200e+00
3.434200e+00,1.273500e+00
1.319500e+01,6.564300e+00
2.081580e+01,3.198400e+00
1.210810e+01,3.583000e+00
8.545200e+00,2.601000e-01
1.757770e+01,4.801500e+00
1.645760e+01,-7.757000e-01
2.279020e+01,4.902600e+00
1.654160e+01,2.207000e-01
1.191040e+01,4.373000e+00
1.594500e+00,2.044500e+00
1.706500e+00,2.491700e+00
2.328870e+01,2.821100e+00
2.473190e+01,5.755700e+00
9.114600e+00,2.468700e+00
4.716200e+00,2.528000e-01
2.279660e+01,5.575600e+00
7.906600e+00,-3.945000e-01
3.187700e+00,1.911900e+00
1.533340e+01,-2.057000e-01
7.477500e+00,2.979200e+00
8.467300e+00,3.805100e+00
4.702800e+00,1.701700e+00
7.781500e+00,4.571900e+00
1.415640e+01,7.253400e+00
1.340670e+01,2.130400e+00
1.553120e+01,5.479900e+00
1.584070e+01,-8.140000e-01
1.033360e+01,6.011000e-01
1.213710e+01,2.714200e+00
7.110800e+00,5.802900e+00
2.470190e+01,3.968600e+00
6.847000e+00,2.399000e+00
8.431600e+00,1.989400e+00
5.252700e+00,2.338000e+00
2.274470e+01,7.263300e+00
5.315000e+00,3.173400e+00
2.267800e+00,1.368300e+00
6.214800e+00,-3.681000e-01
2.187600e+00,1.516800e+00
6.163700e+00,2.152100e+00
1.262070e+01,6.681000e-01
3.397800e+00,7.230000e-01
8.451400e+00,7.090900e+00
9.841700e+00,5.462400e+00
2.194400e+01,4.865200e+00
9.955200e+00,1.224500e+00
9.568000e+00,-1.191600e+00
1.753030e+01,8.569200e+00
1.084620e+01,-1.330000e-01
1.620400e+01,6.444000e-01
3.716100e+00,-3.101300e+00
1.647610e+01,2.188300e+00
1.778310e+01,3.040500e+00
9.788700e+00,7.900000e-01
2.359950e+01,1.641800e+00
4.231000e+00,-2.080000e+00
5.972200e+00,5.580500e+00
3.673600e+00,-1.428500e+00
1.901810e+01,3.840000e+00
1.504600e+00,3.885500e+00
1.146350e+01,3.662600e+00
2.364420e+01,-1.482500e+00
2.503000e+00,7.608000e-01
3.604200e+00,2.534800e+00
1.463520e+01,1.532600e+00
2.244650e+01,1.469700e+00
2.273190e+01,1.845000e+00
1.961710e+01,5.453000e+00
9.125300e+00,2.418700e+00
1.649000e+01,3.689900e+00
1.711990e+01,5.653600e+00
8.279900e+00,-5.311000e-01
2.378390e+01,-4.869000e-01
1.194440e+01,3.034500e+00
5.617100e+00,-1.410000e-01
2.188940e+01,3.690000e-01
2.051760e+01,3.404100e+00
2.450070e+01,5.898000e-01
1.318660e+01,-1.498400e+00
5.443600e+00,-3.286400e+00
8.558000e+00,2.969400e+00
2.361910e+01,4.170700e+00
1.051520e+01,-9.560000e-02
1.015970e+01,3.847900e+00
2.073310e+01,2.970000e-01
1.983580e+01,-6.407000e-01
5.014600e+00,6.353200e+00
5.184600e+00,-2.278800e+00
4.230100e+00,7.768300e+00
2.770000e+00,8.434000e-01
2.908200e+00,4.637100e+00
1.679920e+01,5.391000e-01
1.739280e+01,5.445400e+00
1.422810e+01,4.813000e-01
8.287600e+00,6.171900e+00
1.585900e+00,-2.879200e+00
1.862280e+01,5.351100e+00
