1.651820e+01,1.560100e+00
1.248070e+01,1.476100e+01
5.531200e+00,1.540640e+01
3.531300e+00,-4.364500e+00
7.079300e+00,6.717000e+00
8.812600e+00,7.278300e+00
1.623080e+01,1.095440e+01
5.141000e+00,9.343000e-01
1.028960e+01,-7.880800e+00
7.020300e+00,1.647500e+00
9.637400e+00,1.145430e+01
1.876640e+01,6.062700e+00
3.919400e+00,2.105380e+01
1.407670e+01,2.034420e+01
1.553800e+01,1.545400e+00
1.164370e+01,-4.910000e-02
5.692300e+00,6.350500e+00
3.498000e+00,-4.239500e+00
1.929380e+01,4.781700e+00
9.956500e+00,6.941500e+00
3.733000e+00,6.776800e+00
4.233500e+00,4.578900e+00
1.067950e+01,1.344470e+01
3.784500e+00,1.067440e+01
1.816560e+01,1.554500e+01
4.362500e+00,9.888100e+00
1.678680e+01,9.250200e+00
1.486900e+01,2.841200e+00
1.373440e+01,7.012100e+00
1.303190e+01,1.368590e+01
1.789790e+01,6.011400e+00
8.400900e+00,2.040800e+00
8.547600e+00,5.808700e+00
1.077900e+01,2.090000e+00
3.062700e+00,5.761500e+00
1.536260e+01,8.809800e+00
1.941460e+01,1.488520e+01
1.807340e+01,8.791300e+00
1.129900e+01,5.514800e+00
1.802920e+01,1.051990e+01
1.272160e+01,2.390990e+01
4.756000e+00,6.523100e+00
9.167400e+00,8.075000e+00
5.583900e+00,1.625470e+01
1.855750e+01,1.630600e+01
1.921090e+01,1.058070e+01
1.959610e+01,-8.147300e+00
5.427200e+00,1.242230e+01
1.395160e+01,4.230700e+00
1.963070e+01,1.341190e+01
1.080990e+01,8.435100e+00
1.274280e+01,5.432300e+00
1.775630e+01,8.959600e+00
1.368520e+01,6.745800e+00
1.830360e+01,8.544400e+00
1.944050e+01,1.182660e+01
9.802700e+00,9.516500e+00
1.105380e+01,-6.603400e+00
1.448980e+01,-3.237000e-01
1.362500e+01,4.143900e+00
1.551860e+01,6.309700e+00
1.342240e+01,2.699000e+00
5.963000e+00,9.462800e+00
1.170770e+01,1.349790e+01
4.590100e+00,1.027740e+01
1.678160e+01,-1.427000e+00
8.087000e+00,-1.643600e+00
1.345500e+01,-6.536100e+00
1.299450e+01,8.097500e+00
1.199630e+01,5.388100e+00
6.581600e+00,1.133770e+01
1.191560e+01,-1.941600e+00
1.262740e+01,-2.938900e+00
1.699950e+01,9.903400e+00
1.036780e+01,1.213920e+01
1.497520e+01,-1.737000e-01
6.536400e+00,5.409500e+00
1.437060e+01,4.189300e+00
1.322090e+01,2.030120e+01
1.404230e+01,7.877800e+00
1.718980e+01,1.997820e+01
1.805050e+01,2.372400e+00
7.702600e+00,2.077900e+00
1.275470e+01,-4.733000e-01
1.376940e+01,5.844500e+00
7.756600e+00,4.967200e+00
1.661090e+01,5.627600e+00
8.238300e+00,1.942810e+01
1.462940e+01,9.967000e+00
9.381700e+00,-8.650300e+00
1.834010e+01,1.250190e+01
7.242500e+00,1.017110e+01
1.165880e+01,1.348710e+01
1.125030e+01,1.197810e+01
1.213080e+01,6.131100e+00
8.363000e+00,-8.192600e+00
1.864830e+01,1.892000e+01
8.815800e+00,8.671000e+00
1.840760e+01,7.687200e+00
7.764100e+00,4.567800e+00
1.678710e+01,1.184900e+01
1.056380e+01,4.907400e+00
1.334760e+01,9.320500e+00
5.193200e+00,9.193800e+00
1.884800e+01,4.013900e+00
4.918700e+00,1.269910e+01
5.967600e+00,3.180500e+00
8.356600e+00,4.828600e+00
3.589800e+00,1.386540e+01
1.090080e+01,1.433110e+01
1.026380e+01,2.632000e+00
1.459880e+01,1.029080e+01
1.044180e+01,-1.329900e+00
7.110100e+00,8.837600e+00
1.590600e+01,5.311300e+00
1.874730e+01,-2.378100e+00
1.510540e+01,1.380450e+01
7.069500e+00,5.174000e+00
1.477590e+01,-2.842800e+00
8.174500e+00,2.819000e+00
1.701060e+01,1.250060e+01
9.847700e+00,4.855700e+00
9.222300e+00,1.502020e+01
9.649200e+00,1.909400e+00
7.891500e+00,-4.018000e+00
1.188270e+01,-9.220000e-02
1.711860e+01,7.738400e+00
1.475820e+01,7.054100e+00
3.366000e+00,3.663900e+00
9.610300e+00,2.704800e+00
5.370500e+00,1.148900e+00
9.555000e+00,1.516230e+01
1.630690e+01,7.526800e+00
1.170950e+01,1.197010e+01
6.438700e+00,7.113000e+00
1.908690e+01,1.086970e+01
8.093700e+00,8.780800e+00
1.192600e+01,-8.866800e+00
4.670500e+00,1.252560e+01
1.956640e+01,2.200360e+01
5.585700e+00,2.505900e+00
8.203600e+00,-4.639000e-01
9.771600e+00,1.458600e+00
6.326100e+00,8.117000e-01
1.036700e+01,8.649300e+00
1.216320e+01,-4.759800e+00
7.056400e+00,-6.662700e+00
7.545000e+00,2.933600e+00
8.743600e+00,1.041430e+01
1.272800e+01,1.086360e+01
1.655630e+01,2.444270e+01
9.004600e+00,1.543050e+01
1.533280e+01,8.243900e+00
1.572380e+01,6.331400e+00
1.992120e+01,1.123460e+01
9.155000e+00,1.917200e+00
3.332100e+00,-3.594300e+00
1.361370e+01,8.913400e+00
1.204370e+01,9.860500e+00
1.622910e+01,1.609260e+01
9.491700e+00,-1.512400e+00
6.359500e+00,7.549400e+00
8.855300e+00,1.544800e+00
1.277700e+01,-1.694000e-01
1.224240e+01,5.600800e+00
6.201400e+00,6.860200e+00
1.884450e+01,1.019220e+01
9.040500e+00,1.125130e+01
1.106050e+01,3.604800e+00
5.722100e+00,8.660800e+00
1.284480e+01,1.499230e+01
1.504290e+01,1.190000e-02
1.617560e+01,9.661900e+00
9.603400e+00,2.842200e+00
1.431470e+01,6.738300e+00
1.046650e+01,7.032200e+00
4.397600e+00,-1.585500e+00
1.200840e+01,6.913100e+00
1.321270e+01,1.026880e+01
4.754900e+00,8.775600e+00
1.114350e+01,1.214100e+01
6.776600e+00,7.511000e+00
1.558530e+01,1.519290e+01
8.387500e+00,4.325100e+00
9.629400e+00,1.563690e+01
1.689460e+01,1.223710e+01
6.088100e+00,-5.320000e+00
1.706020e+01,6.594400e+00
1.951090e+01,9.907300e+00
1.547380e+01,1.184370e+01
7.608600e+00,5.737400e+00
7.973900e+00,1.179850e+01
1.099310e+01,1.040130e+01
1.759500e+01,6.696700e+00
1.947970e+01,6.811600e+00
1.385880e+01,6.748000e+00
1.181070e+01,1.279180e+01
1.364250e+01,3.969000e-01
7.690000e+00,3.157400e+00
4.435500e+00,-4.268300e+00
