9.913300e+00,7.391000e-01
9.084600e+00,1.705600e+00
9.405600e+00,5.368000e-01
6.305100e+00,1.322500e+00
1.128180e+01,2.180000e+00
6.437000e+00,6.089000e-01
1.254490e+01,5.600000e-01
1.355490e+01,1.792600e+00
1.033320e+01,7.955000e-01
8.704100e+00,4.218000e-01
5.626800e+00,1.353000e-01
6.494500e+00,2.033300e+00
8.875400e+00,9.503000e-01
4.059300e+00,3.063000e-01
7.428600e+00,-7.050000e-02
8.237300e+00,-2.145000e-01
1.389380e+01,1.600700e+00
9.604200e+00,4.017000e-01
1.628590e+01,-4.051000e-01
8.802800e+00,1.011500e+00
1.772000e+01,5.039000e-01
1.116750e+01,7.642000e-01
1.074160e+01,1.483100e+00
1.402310e+01,-7.826000e-01
8.262300e+00,2.344100e+00
1.777110e+01,1.738900e+00
6.383600e+00,1.931800e+00
1.441650e+01,1.142600e+00
6.272900e+00,1.145500e+00
8.079000e+00,-2.997000e-01
1.626780e+01,9.370000e-01
1.639070e+01,-4.310000e-01
1.698140e+01,6.006000e-01
1.344500e+01,1.347400e+00
6.741900e+00,-1.047000e-01
1.652830e+01,7.873000e-01
1.576020e+01,7.108000e-01
1.811400e+01,1.862600e+00
1.221670e+01,7.461000e-01
1.764720e+01,1.066000e-01
1.688410e+01,1.295800e+00
6.947800e+00,9.597000e-01
3.281900e+00,7.200000e-03
1.340590e+01,8.914000e-01
6.514500e+00,1.305000e+00
5.917100e+00,1.964200e+00
7.636900e+00,2.571000e-01
5.123000e+00,5.055000e-01
1.403480e+01,1.379000e-01
1.499570e+01,1.036700e+00
6.145300e+00,3.220000e-01
1.925750e+01,6.054000e-01
1.164800e+01,5.763000e-01
1.284540e+01,4.613000e-01
1.485820e+01,2.673900e+00
1.663520e+01,1.303800e+00
9.070000e+00,1.844100e+00
6.780000e+00,1.006300e+00
1.981370e+01,2.571500e+00
6.878000e+00,2.063200e+00
1.609160e+01,-2.724300e+00
1.952740e+01,8.060000e-02
1.983010e+01,-1.095300e+00
3.036100e+00,1.780600e+00
6.388300e+00,8.115000e-01
1.936540e+01,8.365000e-01
7.964200e+00,-5.960000e-02
4.351100e+00,3.307000e-01
1.752070e+01,2.649000e-01
4.968300e+00,4.175000e-01
1.202890e+01,2.580900e+00
1.033510e+01,6.000000e-03
5.567400e+00,2.093400e+00
1.444940e+01,1.611900e+00
1.908480e+01,6.395000e-01
5.103800e+00,1.139400e+00
9.428300e+00,4.209000e-01
3.560000e+00,4.921000e-01
1.341810e+01,7.123000e-01
1.076350e+01,-2.801000e-01
1.240680e+01,2.847000e-01
1.081520e+01,8.810000e-01
1.241260e+01,2.240500e+00
1.507850e+01,1.933200e+00
1.470630e+01,1.137400e+00
1.987410e+01,-1.018600e+00
1.730520e+01,9.014000e-01
9.589200e+00,8.042000e-01
6.599100e+00,-3.440000e-01
1.482210e+01,-5.656000e-01
1.532840e+01,7.394000e-01
4.385200e+00,8.425000e-01
3.239300e+00,1.162500e+00
1.529400e+01,1.337700e+00
5.971100e+00,1.852000e-01
1.453400e+01,1.644400e+00
3.127600e+00,1.176300e+00
6.648900e+00,2.068700e+00
8.017200e+00,2.483000e-01
1.679790e+01,9.369000e-01
1.498010e+01,1.109400e+00
6.911300e+00,2.469000e-01
1.135770e+01,5.566000e-01
3.336200e+00,5.761000e-01
4.647800e+00,-8.816000e-01
1.513360e+01,8.912000e-01
3.445100e+00,1.027500e+00
9.953500e+00,8.945000e-01
5.099900e+00,1.302200e+00
1.602050e+01,5.152000e-01
1.010610e+01,3.800000e-01
1.225950e+01,2.023800e+00
1.253350e+01,1.349800e+00
1.230560e+01,7.376000e-01
1.914060e+01,3.595000e-01
1.670170e+01,1.651500e+00
7.832200e+00,4.196000e-01
5.411200e+00,4.883000e-01
1.845750e+01,1.126600e+00
1.586490e+01,4.479000e-01
1.071150e+01,-8.491000e-01
1.937990e+01,1.886000e-01
1.363410e+01,4.147000e-01
8.206800e+00,-8.860000e-02
1.880090e+01,2.951000e-01
6.307900e+00,1.531800e+00
1.492700e+01,3.993000e-01
1.160960e+01,1.405200e+00
1.613180e+01,-2.285000e-01
1.709660e+01,4.342000e-01
6.331700e+00,2.860000e-01
7.851700e+00,1.238000e-01
1.272500e+01,1.614700e+00
1.473230e+01,1.628100e+00
1.828450e+01,7.203000e-01
1.247120e+01,1.856000e+00
7.954700e+00,2.071000e-01
1.821500e+01,2.084400e+00
1.795260e+01,1.205800e+00
1.013920e+01,5.567000e-01
1.282670e+01,2.272000e+00
3.276200e+00,8.034000e-01
7.885800e+00,6.752000e-01
1.951330e+01,1.168100e+00
1.003800e+01,7.684000e-01
1.864900e+01,-3.270000e-02
9.523000e+00,1.881400e+00
3.901600e+00,7.210000e-01
1.894320e+01,9.904000e-01
1.058430e+01,-3.626000e-01
1.144790e+01,1.373700e+00
1.885530e+01,1.436600e+00
1.402990e+01,-1.335600e+00
1.607120e+01,1.613800e+00
1.743700e+01,2.718700e+00
5.421800e+00,1.961300e+00
1.260260e+01,6.737000e-01
1.745920e+01,-4.273000e-01
3.466400e+00,4.925000e-01
1.106240e+01,1.410100e+00
8.783200e+00,6.097000e-01
7.999000e+00,1.276500e+00
1.812540e+01,1.278100e+00
1.207580e+01,1.226900e+00
1.688630e+01,-1.834900e+00
1.609010e+01,5.013000e-01
1.899930e+01,1.685200e+00
3.844100e+00,7.667000e-01
1.054220e+01,4.013000e-01
1.460770e+01,3.031000e-01
1.775910e+01,9.816000e-01
1.219260e+01,7.808000e-01
7.220300e+00,-3.316000e-01
1.572420e+01,1.761600e+00
1.439240e+01,2.036000e-01
1.793390e+01,1.559100e+00
1.958220e+01,-1.200000e-03
4.799500e+00,6.653000e-01
5.281100e+00,5.887000e-01
1.513820e+01,7.554000e-01
1.646380e+01,-1.155300e+00
1.722070e+01,7.952000e-01
1.556530e+01,1.257200e+00
3.781300e+00,7.634000e-01
8.819700e+00,1.309200e+00
1.930440e+01,5.329000e-01
1.460020e+01,-7.007000e-01
1.692900e+01,-5.295000e-01
1.286280e+01,-1.435000e-01
1.502600e+01,1.197000e+00
4.923200e+00,-2.500000e-03
5.960600e+00,2.594100e+00
1.620510e+01,-7.000000e-01
5.169800e+00,9.595000e-01
9.119100e+00,8.015000e-01
8.331300e+00,1.437900e+00
9.025100e+00,1.093900e+00
1.307660e+01,2.508000e-01
6.308400e+00,4.539000e-01
1.246990e+01,3.261000e-01
