1.540100e+01,1.379800e+00
1.040390e+01,2.682300e+00
7.139500e+00,2.885600e+00
1.929510e+01,1.174300e+00
1.228550e+01,2.386200e+00
1.615050e+01,5.987000e-01
1.270410e+01,2.007500e+00
9.790100e+00,9.551000e-01
5.986200e+00,8.302000e-01
1.557930e+01,1.575100e+00
1.853690e+01,-1.104400e+00
5.263200e+00,-5.438000e-01
1.175060e+01,1.736600e+00
6.650500e+00,3.315500e+00
1.085650e+01,4.942000e-01
3.732900e+00,2.253700e+00
1.001660e+01,2.375500e+00
1.200530e+01,6.250000e-01
7.100500e+00,1.872600e+00
1.704220e+01,1.977900e+00
6.323800e+00,1.771400e+00
1.382320e+01,2.321000e+00
8.982300e+00,-1.399000e-01
1.629660e+01,-4.235000e-01
1.739430e+01,2.168000e+00
1.543880e+01,-1.361000e-01
3.587800e+00,2.602500e+00
1.381070e+01,1.282700e+00
1.440200e+01,1.940000e-01
1.795270e+01,-5.941000e-01
1.281640e+01,1.046100e+00
1.724160e+01,1.607900e+00
1.836400e+01,9.747000e-01
1.120170e+01,-2.171100e+00
1.350160e+01,5.946000e-01
1.599920e+01,1.321000e+00
1.381500e+01,1.254000e+00
8.854100e+00,-5.906000e-01
1.534630e+01,2.043900e+00
8.574300e+00,6.532000e-01
6.231100e+00,-5.516000e-01
1.433380e+01,-3.324000e-01
1.171460e+01,-6.383000e-01
4.926100e+00,1.394000e+00
1.554840e+01,5.407000e-01
1.683350e+01,5.714000e-01
1.720180e+01,6.895000e-01
1.412460e+01,-5.623000e-01
8.865500e+00,1.256100e+00
1.951170e+01,3.485400e+00
1.961250e+01,5.804000e-01
1.813110e+01,-2.807000e-01
6.556200e+00,7.767000e-01
7.171900e+00,1.594500e+00
1.057050e+01,2.262400e+00
1.665290e+01,4.689000e-01
1.809430e+01,3.064000e-01
9.010800e+00,-6.008000e-01
1.178560e+01,1.976000e-01
1.848380e+01,-6.659000e-01
8.594700e+00,-1.061500e+00
7.833500e+00,1.807400e+00
1.064540e+01,2.006200e+00
1.629010e+01,1.951700e+00
1.198810e+01,-2.200000e-03
1.886570e+01,1.060800e+00
1.373870e+01,2.798100e+00
9.492300e+00,2.437600e+00
8.411800e+00,-6.050000e-01
8.944100e+00,5.294000e-01
5.229000e+00,5.741000e-01
1.441240e+01,5.930000e-01
8.743100e+00,-3.344000e-01
1.926150e+01,1.441000e+00
7.630200e+00,-8.970000e-02
1.890680e+01,1.527000e+00
7.438100e+00,2.155700e+00
1.208620e+01,4.468000e-01
3.996900e+00,1.186500e+00
8.662900e+00,1.852000e-01
9.410700e+00,2.633500e+00
6.506400e+00,1.653200e+00
1.771470e+01,1.441400e+00
5.195200e+00,2.604000e-01
1.427320e+01,1.057900e+00
4.984600e+00,1.104400e+00
1.341580e+01,1.833000e+00
1.318630e+01,7.670000e-01
6.604700e+00,7.467000e-01
8.926900e+00,-1.077100e+00
9.206400e+00,1.932000e-01
1.130530e+01,-2.625000e-01
1.930330e+01,1.840700e+00
8.955600e+00,8.167000e-01
5.754500e+00,9.861000e-01
8.243100e+00,9.897000e-01
9.047200e+00,6.376000e-01
4.291600e+00,2.011900e+00
1.423700e+01,-8.712000e-01
7.718100e+00,-2.973000e-01
4.691900e+00,2.131500e+00
7.406800e+00,3.246000e-01
1.270950e+01,2.874500e+00
1.972730e+01,2.638100e+00
5.932500e+00,1.376600e+00
1.502540e+01,5.194000e-01
1.608080e+01,1.746200e+00
1.748520e+01,7.840000e-01
5.454200e+00,5.595000e-01
4.114400e+00,1.502000e+00
5.253400e+00,1.506000e-01
1.420570e+01,-1.414200e+00
3.242200e+00,3.456500e+00
4.938300e+00,5.638000e-01
4.529400e+00,4.676000e-01
1.160250e+01,-6.120000e-02
4.159400e+00,3.088900e+00
1.259500e+01,2.355000e+00
1.633170e+01,1.589200e+00
1.584560e+01,1.765400e+00
1.308250e+01,2.368100e+00
3.232300e+00,7.549000e-01
1.439160e+01,1.973100e+00
1.472750e+01,1.055100e+00
4.889200e+00,1.894600e+00
1.526250e+01,1.354200e+00
4.662300e+00,2.118000e-01
9.089900e+00,3.984000e-01
3.852300e+00,1.353300e+00
5.169400e+00,-1.670700e+00
1.860470e+01,2.301000e-01
1.537210e+01,-1.523500e+00
1.251540e+01,2.629000e-01
1.779450e+01,2.397500e+00
6.667500e+00,8.353000e-01
1.753110e+01,1.714200e+00
4.919700e+00,2.695000e-01
1.985720e+01,7.807000e-01
4.785400e+00,1.068400e+00
1.116760e+01,9.906000e-01
1.687350e+01,9.447000e-01
1.011250e+01,1.949400e+00
9.435800e+00,8.035000e-01
5.765400e+00,9.010000e-02
1.054360e+01,1.848900e+00
6.400600e+00,7.444000e-01
7.715000e+00,1.685900e+00
1.642100e+01,6.641000e-01
8.696700e+00,1.429900e+00
1.493880e+01,-9.937000e-01
1.631450e+01,3.431000e+00
1.741780e+01,-3.965000e-01
1.443420e+01,1.844000e-01
8.740500e+00,-8.720000e-02
1.646680e+01,6.031000e-01
1.544230e+01,9.350000e-01
3.733900e+00,2.055100e+00
3.021700e+00,-2.760000e-01
6.189100e+00,1.808900e+00
4.776600e+00,7.086000e-01
9.731500e+00,-1.119000e-01
1.429370e+01,7.044000e-01
3.664000e+00,7.728000e-01
6.392500e+00,7.906000e-01
9.279300e+00,1.585800e+00
1.279980e+01,1.654900e+00
9.846700e+00,2.128900e+00
4.785200e+00,1.482500e+00
4.182900e+00,1.321000e+00
1.971820e+01,1.231000e+00
1.927740e+01,2.493200e+00
4.365200e+00,8.836000e-01
1.905260e+01,9.470000e-01
1.645090e+01,1.924300e+00
8.307400e+00,-5.969000e-01
1.086990e+01,1.037900e+00
6.944000e+00,4.215300e+00
8.491500e+00,-1.558300e+00
9.493400e+00,1.019600e+00
1.879550e+01,-3.800000e-02
6.261800e+00,1.809600e+00
1.039970e+01,1.112000e+00
1.351030e+01,2.904800e+00
1.834580e+01,-3.706000e-01
8.442900e+00,1.505000e+00
4.872000e+00,-1.300000e-02
1.307940e+01,1.337800e+00
1.214380e+01,1.198600e+00
8.039200e+00,3.302000e-01
1.813280e+01,1.674800e+00
1.476030e+01,-6.547000e-01
1.976180e+01,1.486200e+00
6.098100e+00,-1.480200e+00
1.159800e+01,1.340400e+00
4.425500e+00,8.597000e-01
1.548080e+01,-5.910000e-02
1.482780e+01,1.158700e+00
1.768690e+01,4.978000e-01
4.178900e+00,2.752700e+00
1.650690e+01,2.174100e+00
