5.956700e+00,1.198600e+00
1.708880e+01,-7.877000e-01
1.900780e+01,4.475000e-01
6.761400e+00,-2.073000e-01
1.574440e+01,7.728000e-01
9.857400e+00,-2.462000e-01
1.623340e+01,-2.789000e-01
1.677490e+01,-1.181000e+00
2.102180e+01,8.447000e-01
1.529790e+01,1.245600e+00
2.038000e+01,-8.094000e-01
1.797000e+01,6.088000e-01
2.228290e+01,-1.182000e-01
1.247270e+01,1.046000e+00
1.648270e+01,-8.604000e-01
1.714520e+01,-8.035000e-01
1.146090e+01,4.163000e-01
5.885300e+00,1.044500e+00
1.735280e+01,-3.323000e-01
1.844640e+01,8.888000e-01
1.778970e+01,5.171000e-01
1.144650e+01,5.815000e-01
2.208800e+01,6.780000e-01
1.095210e+01,-5.744000e-01
1.172610e+01,9.952000e-01
1.915750e+01,2.374000e-01
7.957500e+00,-4.096000e-01
2.171870e+01,1.277700e+00
1.982250e+01,-9.341000e-01
7.736000e+00,-8.129000e-01
7.514200e+00,-8.465000e-01
1.622350e+01,-4.603000e-01
9.445200e+00,6.371000e-01
1.858100e+01,1.144800e+00
5.951700e+00,1.053200e+00
1.788830e+01,9.692000e-01
1.915940e+01,1.042000e-01
1.932450e+01,-4.242000e-01
1.841020e+01,1.062300e+00
1.439420e+01,1.151000e-01
2.196600e+01,5.457000e-01
1.719930e+01,-6.926000e-01
5.058400e+00,1.591000e-01
6.333700e+00,6.769000e-01
6.577100e+00,-7.470000e-02
2.175970e+01,1.154500e+00
1.491930e+01,1.048100e+00
1.285480e+01,1.464000e-01
1.777430e+01,4.325000e-01
7.481300e+00,-1.057200e+00
1.042680e+01,-1.054000e+00
2.494700e+01,1.121200e+00
5.156500e+00,4.873000e-01
1.788480e+01,7.492000e-01
6.377800e+00,4.937000e-01
2.012050e+01,-9.982000e-01
8.047100e+00,-3.483000e-01
2.209350e+01,5.867000e-01
6.544600e+00,2.156000e-01
2.285380e+01,-8.953000e-01
1.532470e+01,1.185000e+00
1.395060e+01,-7.821000e-01
1.109010e+01,-2.020000e-01
2.147540e+01,1.202600e+00
1.924290e+01,-1.142000e-01
1.332560e+01,-9.027000e-01
5.285000e+00,8.839000e-01
6.883300e+00,-7.035000e-01
2.154760e+01,1.164600e+00
1.889570e+01,5.426000e-01
1.972170e+01,-8.523000e-01
9.730000e+00,6.270000e-02
1.345850e+01,-9.516000e-01
8.633300e+00,1.007700e+00
2.386190e+01,2.095000e-01
1.187460e+01,1.107000e+00
2.173580e+01,1.197800e+00
2.236750e+01,-6.870000e-02
1.977030e+01,-1.247300e+00
1.694180e+01,-1.154800e+00
1.417180e+01,-6.426000e-01
9.101200e+00,1.114200e+00
1.782520e+01,3.412000e-01
1.746810e+01,-5.790000e-02
8.495000e+00,9.865000e-01
1.741010e+01,-2.782000e-01
1.092100e+01,-8.293000e-01
2.445980e+01,9.709000e-01
8.167500e+00,1.677000e-01
2.429380e+01,9.037000e-01
6.482100e+00,4.241000e-01
1.439210e+01,-6.100000e-03
1.684000e+01,-8.950000e-01
2.378250e+01,1.673000e-01
1.929020e+01,-1.322000e-01
2.361540e+01,-4.296000e-01
1.134860e+01,2.430000e-01
7.095700e+00,-7.224000e-01
1.445610e+01,3.460000e-01
6.548300e+00,6.790000e-02
1.133800e+01,4.442000e-01
2.472390e+01,1.170800e+00
1.226340e+01,1.336600e+00
2.474520e+01,9.780000e-01
2.228210e+01,1.921000e-01
8.828800e+00,9.889000e-01
2.171100e+01,1.227100e+00
2.405380e+01,8.132000e-01
1.151150e+01,5.593000e-01
7.380500e+00,-1.202400e+00
5.244700e+00,8.187000e-01
2.342950e+01,-1.041900e+00
2.252760e+01,-2.868000e-01
6.034500e+00,1.233500e+00
1.800990e+01,1.055400e+00
1.853900e+01,9.696000e-01
5.575900e+00,1.095700e+00
1.096490e+01,-2.631000e-01
1.013820e+01,-9.471000e-01
1.124210e+01,5.810000e-02
6.358000e+00,3.961000e-01
9.031000e+00,1.272600e+00
7.687800e+00,-4.840000e-01
6.297200e+00,5.233000e-01
1.189270e+01,9.931000e-01
1.160090e+01,8.332000e-01
1.058670e+01,-8.982000e-01
2.151230e+01,1.153500e+00
1.561730e+01,9.015000e-01
8.037800e+00,8.480000e-02
1.115040e+01,-2.973000e-01
1.364170e+01,-1.057200e+00
1.723970e+01,-4.765000e-01
2.029880e+01,-7.293000e-01
1.653880e+01,-8.326000e-01
1.763820e+01,4.498000e-01
5.479400e+00,1.022700e+00
5.440300e+00,8.534000e-01
1.783040e+01,6.174000e-01
7.032600e+00,-6.479000e-01
1.701540e+01,-7.874000e-01
8.176800e+00,5.780000e-02
1.724510e+01,-6.807000e-01
5.989300e+00,1.015600e+00
6.823000e+00,-5.409000e-01
2.038990e+01,-3.797000e-01
2.106340e+01,8.021000e-01
6.649500e+00,-8.850000e-02
7.696800e+00,-7.554000e-01
7.854100e+00,-5.500000e-01
9.495100e+00,3.768000e-01
8.368600e+00,7.149000e-01
1.626390e+01,-6.299000e-01
1.591440e+01,7.000000e-02
1.788390e+01,8.920000e-01
2.054070e+01,-2.214000e-01
2.257660e+01,-8.489000e-01
7.633800e+00,-8.722000e-01
2.456330e+01,1.401700e+00
1.376120e+01,-1.052800e+00
2.228500e+01,1.678000e-01
1.866220e+01,8.330000e-01
5.434700e+00,9.089000e-01
2.357450e+01,-2.426000e-01
1.466580e+01,6.662000e-01
1.543510e+01,9.730000e-01
8.049800e+00,-2.321000e-01
2.070630e+01,8.530000e-02
2.114270e+01,7.347000e-01
1.083410e+01,-7.289000e-01
1.000570e+01,-3.321000e-01
1.488750e+01,9.059000e-01
9.997500e+00,-4.775000e-01
2.266160e+01,-6.215000e-01
1.959760e+01,-7.618000e-01
1.339020e+01,-1.082300e+00
1.830600e+01,9.847000e-01
1.551380e+01,1.088000e+00
1.912160e+01,1.241000e-01
2.010550e+01,-1.017400e+00
2.114920e+01,8.106000e-01
5.243000e+00,6.738000e-01
9.919500e+00,-2.937000e-01
1.314810e+01,-6.368000e-01
1.917480e+01,-1.704000e-01
1.024670e+01,-7.901000e-01
6.327400e+00,6.389000e-01
2.226810e+01,7.020000e-02
1.886510e+01,5.962000e-01
1.685560e+01,-9.916000e-01
1.868990e+01,1.097800e+00
1.995610e+01,-8.541000e-01
1.814090e+01,1.272900e+00
1.947250e+01,-5.787000e-01
5.141000e+00,5.796000e-01
1.676950e+01,-1.160500e+00
7.154100e+00,-1.153800e+00
1.447650e+01,2.839000e-01
1.614480e+01,-2.372000e-01
2.348630e+01,-7.157000e-01
